$<obj,$heuristic,$transExt,$transExtDynamic,$heuristicVmtf,$eq3,$eq2,$eq5,$eq4,$heuristicUnit,$eq1,$transExtAll,$heuristicBerkmin,$transExtWeight,$transExtChoice,$eqFixpoint,$backprop,$heuristicVsids,$eq,$satPreproYes
36764.998049,1,1,0,0,0,0,0,0,0,0,1,1,0,0,1,0,0,1,1
37517.4684926,1,1,0,0,0,0,0,0,0,0,1,1,0,0,1,1,0,1,1
28892.356756,1,1,0,0,0,0,0,0,0,0,1,1,0,0,1,0,0,1,0
30721.6718131,1,1,0,0,0,0,0,0,0,0,1,1,0,0,1,1,0,1,0
33265.2530552,1,1,0,1,0,0,0,0,0,0,1,0,0,0,1,0,0,1,1
34519.0132327,1,1,0,1,0,0,0,0,0,0,1,0,0,0,1,1,0,1,1
27899.0604315,1,1,0,1,0,0,0,0,0,0,1,0,0,0,1,0,0,1,0
28781.4948802,1,1,0,1,0,0,0,0,0,0,1,0,0,0,1,1,0,1,0
28976.4408878,1,1,0,0,0,0,0,0,0,0,1,0,0,0,1,0,1,1,1
30165.2190628,1,1,0,0,0,0,0,0,0,0,1,0,0,0,1,1,1,1,1
21140.9321678,1,1,0,0,0,0,0,0,0,0,1,0,0,0,1,0,1,1,0
22459.6743478,1,1,0,0,0,0,0,0,0,0,1,0,0,0,1,1,1,1,0
80070.8611678,1,1,0,0,0,0,0,0,1,0,1,0,0,0,1,0,0,1,1
77175.0563261,1,1,0,0,0,0,0,0,1,0,1,0,0,0,1,1,0,1,1
117852.718228,1,1,0,0,0,0,0,0,1,0,1,0,0,0,1,0,0,1,0
111067.276378,1,1,0,0,0,0,0,0,1,0,1,0,0,0,1,1,0,1,0
40050.159063,0,1,0,0,0,0,0,0,0,0,1,0,0,0,1,0,0,1,1
39363.7423076,0,1,0,0,0,0,0,0,0,0,1,0,0,0,1,1,0,1,1
33300.7780996,0,1,0,0,0,0,0,0,0,0,1,0,0,0,1,0,0,1,0
33839.7362492,0,1,0,0,0,0,0,0,0,0,1,0,0,0,1,1,0,1,0
74119.2946784,1,1,0,0,0,0,0,0,0,0,1,1,0,0,0,0,0,0,1
72504.5636011,1,1,0,0,0,0,0,0,0,0,1,1,0,0,0,1,0,0,1
60194.0440064,1,1,0,0,0,0,0,0,0,0,1,1,0,0,0,0,0,0,0
56602.0034233,1,1,0,0,0,0,0,0,0,0,1,1,0,0,0,1,0,0,0
69468.4399255,1,1,0,1,0,0,0,0,0,0,1,0,0,0,0,0,0,0,1
70295.1755148,1,1,0,1,0,0,0,0,0,0,1,0,0,0,0,1,0,0,1
53695.8437528,1,1,0,1,0,0,0,0,0,0,1,0,0,0,0,0,0,0,0
57149.7088732,1,1,0,1,0,0,0,0,0,0,1,0,0,0,0,1,0,0,0
57038.3111546,1,1,0,0,0,0,0,0,0,0,1,0,0,0,0,0,1,0,1
56676.8044119,1,1,0,0,0,0,0,0,0,0,1,0,0,0,0,1,1,0,1
50214.6650455,1,1,0,0,0,0,0,0,0,0,1,0,0,0,0,0,1,0,0
46956.8176183,1,1,0,0,0,0,0,0,0,0,1,0,0,0,0,1,1,0,0
161297.292652,1,1,0,0,0,0,0,0,1,0,1,0,0,0,0,0,0,0,1
159450.482995,1,1,0,0,0,0,0,0,1,0,1,0,0,0,0,1,0,0,1
221432.958585,1,1,0,0,0,0,0,0,1,0,1,0,0,0,0,0,0,0,0
213273.611538,1,1,0,0,0,0,0,0,1,0,1,0,0,0,0,1,0,0,0
86622.6169094,0,1,0,0,0,0,0,0,0,0,1,0,0,0,0,0,0,0,1
85518.4587091,0,1,0,0,0,0,0,0,0,0,1,0,0,0,0,1,0,0,1
76735.5335378,0,1,0,0,0,0,0,0,0,0,1,0,0,0,0,0,0,0,0
77107.3951094,0,1,0,0,0,0,0,0,0,0,1,0,0,0,0,1,0,0,0
36885.6789108,1,1,0,0,0,0,0,0,0,1,1,1,0,0,0,0,0,1,1
37703.131357,1,1,0,0,0,0,0,0,0,1,1,1,0,0,0,1,0,1,1
29272.965628,1,1,0,0,0,0,0,0,0,1,1,1,0,0,0,0,0,1,0
31009.4492529,1,1,0,0,0,0,0,0,0,1,1,1,0,0,0,1,0,1,0
33515.8979222,1,1,0,1,0,0,0,0,0,1,1,0,0,0,0,0,0,1,1
34797.5075293,1,1,0,1,0,0,0,0,0,1,1,0,0,0,0,1,0,1,1
27796.9458561,1,1,0,1,0,0,0,0,0,1,1,0,0,0,0,0,0,1,0
28549.4162997,1,1,0,1,0,0,0,0,0,1,1,0,0,0,0,1,0,1,0
29087.8386065,1,1,0,0,0,0,0,0,0,1,1,0,0,0,0,0,1,1,1
30100.2370602,1,1,0,0,0,0,0,0,0,1,1,0,0,0,0,1,1,1,1
21178.0647406,1,1,0,0,0,0,0,0,0,1,1,0,0,0,0,0,1,1,0
22366.8429156,1,1,0,0,0,0,0,0,0,1,1,0,0,0,0,1,1,1,0
79523.1557178,1,1,0,0,0,0,0,0,1,1,1,0,0,0,0,0,0,1,1
78242.6177964,1,1,0,0,0,0,0,0,1,1,1,0,0,0,0,1,0,1,1
117416.410497,1,1,0,0,0,0,0,0,1,1,1,0,0,0,0,0,0,1,0
110101.829483,1,1,0,0,0,0,0,0,1,1,1,0,0,0,0,1,0,1,0
39604.5681884,0,1,0,0,0,0,0,0,0,1,1,0,0,0,0,0,0,1,1
39382.308594,0,1,0,0,0,0,0,0,0,1,1,0,0,0,0,1,0,1,1
33180.0972377,0,1,0,0,0,0,0,0,0,1,1,0,0,0,0,0,0,1,0
34127.513689,0,1,0,0,0,0,0,0,0,1,1,0,0,0,0,1,0,1,0
36811.4137651,1,1,0,0,0,1,0,0,0,0,1,1,0,0,0,0,0,1,1
37303.9561985,1,1,0,0,0,1,0,0,0,0,1,1,0,0,0,1,0,1,1
29198.7004823,1,1,0,0,0,1,0,0,0,0,1,1,0,0,0,0,0,1,0
30944.4672504,1,1,0,0,0,1,0,0,0,0,1,1,0,0,0,1,0,1,0
33293.1024849,1,1,0,1,0,1,0,0,0,0,1,0,0,0,0,0,0,1,1
34621.1278081,1,1,0,1,0,1,0,0,0,0,1,0,0,0,0,1,0,1,1
27843.3615722,1,1,0,1,0,1,0,0,0,0,1,0,0,0,0,0,0,1,0
28642.2477319,1,1,0,1,0,1,0,0,0,0,1,0,0,0,0,1,0,1,0
28939.308315,1,1,0,0,0,1,0,0,0,0,1,0,0,0,0,0,1,1,1
30137.3696331,1,1,0,0,0,1,0,0,0,0,1,0,0,0,0,1,1,1,1
21437.9927508,1,1,0,0,0,1,0,0,0,0,1,0,0,0,0,0,1,1,0
22366.8429156,1,1,0,0,0,1,0,0,0,0,1,0,0,0,0,1,1,1,0
80005.8791652,1,1,0,0,0,1,0,0,1,0,1,0,0,0,0,0,0,1,1
78010.5392159,1,1,0,0,0,1,0,0,1,0,1,0,0,0,0,1,0,1,1
116014.655871,1,1,0,0,0,1,0,0,1,0,1,0,0,0,0,0,0,1,0
111336.487531,1,1,0,0,0,1,0,0,1,0,1,0,0,0,0,1,0,1,0
40040.8759198,0,1,0,0,0,1,0,0,0,0,1,0,0,0,0,0,0,1,1
39438.0074533,0,1,0,0,0,1,0,0,0,0,1,0,0,0,0,1,0,1,1
33189.380381,0,1,0,0,0,1,0,0,0,0,1,0,0,0,0,0,0,1,0
34805.183144,0,1,0,0,0,1,0,0,0,0,1,0,0,0,0,1,0,1,0
36792.8474786,1,1,0,0,1,0,0,0,0,0,1,1,0,0,0,0,0,1,1
37378.2213443,1,1,0,0,1,0,0,0,0,0,1,1,0,0,0,1,0,1,1
29226.5499119,1,1,0,0,1,0,0,0,0,0,1,1,0,0,0,0,0,1,0
31028.0155393,1,1,0,0,1,0,0,0,0,0,1,1,0,0,0,1,0,1,0
33404.5002035,1,1,0,1,1,0,0,0,0,0,1,0,0,0,0,0,0,1,1
34676.8266674,1,1,0,1,1,0,0,0,0,0,1,0,0,0,0,1,0,1,1
27527.7347028,1,1,0,1,1,0,0,0,0,0,1,0,0,0,0,0,0,1,0
28660.8140184,1,1,0,1,1,0,0,0,0,0,1,0,0,0,0,1,0,1,0
28772.211737,1,1,0,0,1,0,0,0,0,0,1,0,0,0,0,0,1,1,1
30230.2010653,1,1,0,0,1,0,0,0,0,0,1,0,0,0,0,1,1,1,1
21484.4084669,1,1,0,0,1,0,0,0,0,0,1,0,0,0,0,0,1,1,0
22199.7463376,1,1,0,0,1,0,0,0,0,0,1,0,0,0,0,1,1,1,0
79996.596022,1,1,0,0,1,0,0,0,1,0,1,0,0,0,0,0,0,1,1
77611.3640575,1,1,0,0,1,0,0,0,1,0,1,0,0,0,0,1,0,1,1
117416.410497,1,1,0,0,1,0,0,0,1,0,1,0,0,0,0,0,0,1,0
110482.438355,1,1,0,0,1,0,0,0,1,0,1,0,0,0,0,1,0,1,0
39539.5861859,0,1,0,0,1,0,0,0,0,0,1,0,0,0,0,0,0,1,1
39642.2366042,0,1,0,0,1,0,0,0,0,0,1,0,0,0,0,1,0,1,1
33022.283803,0,1,0,0,1,0,0,0,0,0,1,0,0,0,0,0,0,1,0
34192.4956915,0,1,0,0,1,0,0,0,0,0,1,0,0,0,0,1,0,1,0
36690.7329032,1,1,0,0,0,0,0,1,0,0,1,1,0,0,0,0,0,1,1
37610.2999248,1,1,0,0,0,0,0,1,0,0,1,1,0,0,0,1,0,1,1
29235.8330551,1,1,0,0,0,0,0,1,0,0,1,1,0,0,0,0,0,1,0
30981.5998232,1,1,0,0,0,0,0,1,0,0,1,1,0,0,0,1,0,1,0
33413.7833467,1,1,0,1,0,0,0,1,0,0,1,0,0,0,0,0,0,1,1
34565.4289488,1,1,0,1,0,0,0,1,0,0,1,0,0,0,0,1,0,1,1
27555.5841324,1,1,0,1,0,0,0,1,0,0,1,0,0,0,0,0,0,1,0
28865.0431692,1,1,0,1,0,0,0,1,0,0,1,0,0,0,0,1,0,1,0
28818.6274531,1,1,0,0,0,0,0,1,0,0,1,0,0,0,0,0,1,1,1
30044.5382009,1,1,0,0,0,0,0,1,0,0,1,0,0,0,0,1,1,1,1
21308.0287457,1,1,0,0,0,0,0,1,0,0,1,0,0,0,0,0,1,1,0
22088.348619,1,1,0,0,0,0,0,1,0,0,1,0,0,0,0,1,1,1,0
80646.4160474,1,1,0,0,0,0,0,1,1,0,1,0,0,0,0,0,0,1,1
77472.1169092,1,1,0,0,0,0,0,1,1,0,1,0,0,0,0,1,0,1,1
117824.868799,1,1,0,0,0,0,0,1,1,0,1,0,0,0,0,0,0,1,0
109906.883475,1,1,0,0,0,0,0,1,1,0,1,0,0,0,0,1,0,1,0
39678.8333342,0,1,0,0,0,0,0,1,0,0,1,0,0,0,0,0,0,1,1
39317.3265915,0,1,0,0,0,0,0,1,0,0,1,0,0,0,0,1,0,1,1
33365.7601021,0,1,0,0,0,0,0,1,0,0,1,0,0,0,0,0,0,1,0
34127.513689,0,1,0,0,0,0,0,1,0,0,1,0,0,0,0,1,0,1,0
36746.4317625,1,1,0,0,0,0,1,0,0,0,1,1,0,0,0,0,0,1,1
37211.1247663,1,1,0,0,0,0,1,0,0,0,1,1,0,0,0,1,0,1,1
29217.2667687,1,1,0,0,0,0,1,0,0,0,1,1,0,0,0,0,0,1,0
30786.6538156,1,1,0,0,0,0,1,0,0,0,1,1,0,0,0,1,0,1,0
33553.030495,1,1,0,1,0,0,1,0,0,0,1,0,0,0,0,0,0,1,1
34667.5435242,1,1,0,1,0,0,1,0,0,0,1,0,0,0,0,1,0,1,1
27759.8132832,1,1,0,1,0,0,1,0,0,0,1,0,0,0,0,0,0,1,0
29124.9711793,1,1,0,1,0,0,1,0,0,0,1,0,0,0,0,1,0,1,0
28762.9285938,1,1,0,0,0,0,1,0,0,0,1,0,0,0,0,0,1,1,1
30137.3696331,1,1,0,0,0,0,1,0,0,0,1,0,0,0,0,1,1,1,1
21447.275894,1,1,0,0,0,0,1,0,0,0,1,0,0,0,0,0,1,1,0
22385.409202,1,1,0,0,0,0,1,0,0,0,1,0,0,0,0,1,1,1,0
79959.4634491,1,1,0,0,0,0,1,0,1,0,1,0,0,0,0,0,0,1,1
78456.1300904,1,1,0,0,0,0,1,0,1,0,1,0,0,0,0,1,0,1,1
118363.291105,1,1,0,0,0,0,1,0,1,0,1,0,0,0,0,0,0,1,0
109665.521751,1,1,0,0,0,0,1,0,1,0,1,0,0,0,0,1,0,1,0
39799.5141961,0,1,0,0,0,0,1,0,0,0,1,0,0,0,0,0,0,1,1
39252.3445889,0,1,0,0,0,0,1,0,0,0,1,0,0,0,0,1,0,1,1
33235.796097,0,1,0,0,0,0,1,0,0,0,1,0,0,0,0,0,0,1,0
34173.9294051,0,1,0,0,0,0,1,0,0,0,1,0,0,0,0,1,0,1,0
36950.6609134,1,1,0,0,0,0,0,0,0,0,0,1,0,1,1,0,0,1,1
37443.2033468,1,1,0,0,0,0,0,0,0,0,0,1,0,1,1,1,0,1,1
28799.5253238,1,1,0,0,0,0,0,0,0,0,0,1,0,1,1,0,0,1,0
31250.8109766,1,1,0,0,0,0,0,0,0,0,0,1,0,1,1,1,0,1,0
33339.518201,1,1,0,1,0,0,0,0,0,0,0,0,0,1,1,0,0,1,1
34658.260381,1,1,0,1,0,0,0,0,0,0,0,0,0,1,1,1,0,1,1
27592.7167053,1,1,0,1,0,0,0,0,0,0,0,0,0,1,1,0,0,1,0
28716.5128777,1,1,0,1,0,0,0,0,0,0,0,0,0,1,1,1,0,1,0
28920.7420285,1,1,0,0,0,0,0,0,0,0,0,0,0,1,1,0,1,1,1
30258.050495,1,1,0,0,0,0,0,0,0,0,0,0,0,1,1,1,1,1,1
21354.4444618,1,1,0,0,0,0,0,0,0,0,0,0,0,1,1,0,1,1,0
22264.7283402,1,1,0,0,0,0,0,0,0,0,0,0,0,1,1,1,1,1,0
80275.0903186,1,1,0,0,0,0,0,0,1,0,0,0,0,1,1,0,0,1,1
77026.5260346,1,1,0,0,0,0,0,0,1,0,0,0,0,1,1,1,0,1,1
116209.601878,1,1,0,0,0,0,0,0,1,0,0,0,0,1,1,0,0,1,0
110343.191206,1,1,0,0,0,0,0,0,1,0,0,0,0,1,1,1,0,1,0
39595.2850452,0,1,0,0,0,0,0,0,0,0,0,0,0,1,1,0,0,1,1
38843.8862873,0,1,0,0,0,0,0,0,0,0,0,0,0,1,1,1,0,1,1
33040.8500894,0,1,0,0,0,0,0,0,0,0,0,0,0,1,1,0,0,1,0
34211.0619779,0,1,0,0,0,0,0,0,0,0,0,0,0,1,1,1,0,1,0
74704.1327013,1,1,0,0,0,0,0,0,0,0,0,1,0,1,0,0,0,0,1
72393.1658824,1,1,0,0,0,0,0,0,0,0,0,1,0,1,0,1,0,0,1
60073.3631445,1,1,0,0,0,0,0,0,0,0,0,1,0,1,0,0,0,0,0
56648.4191394,1,1,0,0,0,0,0,0,0,0,0,1,0,1,0,1,0,0,0
69143.5299128,1,1,0,1,0,0,0,0,0,0,0,0,0,1,0,0,0,0,1
68104.353715,1,1,0,1,0,0,0,0,0,0,0,0,0,1,0,1,0,0,1
53454.4820291,1,1,0,1,0,0,0,0,0,0,0,0,0,1,0,0,0,0,0
56917.6302928,1,1,0,1,0,0,0,0,0,0,0,0,0,1,0,1,0,0,0
56314.2259835,1,1,0,0,0,0,0,0,0,0,0,0,0,1,0,0,1,0,1
55934.1529543,1,1,0,0,0,0,0,0,0,0,0,0,0,1,0,1,1,0,1
50038.2853243,1,1,0,0,0,0,0,0,0,0,0,0,0,1,0,0,1,0,0
46882.5524725,1,1,0,0,0,0,0,0,0,0,0,0,0,1,0,1,1,0,0
161807.86553,1,1,0,0,0,0,0,0,1,0,0,0,0,1,0,0,0,0,1
159914.640156,1,1,0,0,0,0,0,0,1,0,0,0,0,1,0,1,0,0,1
219715.57709,1,1,0,0,0,0,0,0,1,0,0,0,0,1,0,0,0,0,0
213301.460968,1,1,0,0,0,0,0,0,1,0,0,0,0,1,0,1,0,0,0
86446.2371882,0,1,0,0,0,0,0,0,0,0,0,0,0,1,0,0,0,0,1
83671.1132084,0,1,0,0,0,0,0,0,0,0,0,0,0,1,0,1,0,0,1
77060.4435505,0,1,0,0,0,0,0,0,0,0,0,0,0,1,0,0,0,0,0
77339.4736899,0,1,0,0,0,0,0,0,0,0,0,0,0,1,0,1,0,0,0
36792.8474786,1,1,0,0,0,0,0,0,0,1,0,1,0,1,0,0,0,1,1
37433.9202036,1,1,0,0,0,0,0,0,0,1,0,1,0,1,0,1,0,1,1
28715.9770348,1,1,0,0,0,0,0,0,0,1,0,1,0,1,0,0,0,1,0
31167.2626876,1,1,0,0,0,0,0,0,0,1,0,1,0,1,0,1,0,1,0
33358.0844874,1,1,0,1,0,0,0,0,0,1,0,0,0,1,0,0,0,1,1
34611.8446649,1,1,0,1,0,0,0,0,0,1,0,0,0,1,0,1,0,1,1
27583.4335621,1,1,0,1,0,0,0,0,0,1,0,0,0,1,0,0,0,1,0
28558.699443,1,1,0,1,0,0,0,0,0,1,0,0,0,1,0,1,0,1,0
28967.1577446,1,1,0,0,0,0,0,0,0,1,0,0,0,1,0,0,1,1,1
30155.9359195,1,1,0,0,0,0,0,0,0,1,0,0,0,1,0,1,1,1,1
21094.5164517,1,1,0,0,0,0,0,0,0,1,0,0,0,1,0,0,1,1,0
22264.7283402,1,1,0,0,0,0,0,0,0,1,0,0,0,1,0,1,1,1,0
79773.8005848,1,1,0,0,0,0,0,0,1,1,0,0,0,1,0,0,0,1,1
77834.1594947,1,1,0,0,0,0,0,0,1,1,0,0,0,1,0,1,0,1,1
116924.403906,1,1,0,0,0,0,0,0,1,1,0,0,0,1,0,0,0,1,0
110333.908063,1,1,0,0,0,0,0,0,1,1,0,0,0,1,0,1,0,1,0
39929.4782011,0,1,0,0,0,0,0,0,0,1,0,0,0,1,0,0,0,1,1
39243.0614457,0,1,0,0,0,0,0,0,0,1,0,0,0,1,0,1,0,1,1
32827.3377954,0,1,0,0,0,0,0,0,0,1,0,0,0,1,0,0,0,1,0
33839.7362492,0,1,0,0,0,0,0,0,0,1,0,0,0,1,0,1,0,1,0
36616.4677575,1,1,0,0,0,1,0,0,0,0,0,1,0,1,0,0,0,1,1
37545.3179222,1,1,0,0,0,1,0,0,0,0,0,1,0,1,0,1,0,1,1
28641.7118891,1,1,0,0,0,1,0,0,0,0,0,1,0,1,0,0,0,1,0
30898.0515343,1,1,0,0,0,1,0,0,0,0,0,1,0,1,0,1,0,1,0
33358.0844874,1,1,0,1,0,1,0,0,0,0,0,0,0,1,0,0,0,1,1
34788.2243861,1,1,0,1,0,1,0,0,0,0,0,0,0,1,0,1,0,1,1
27462.7527002,1,1,0,1,0,1,0,0,0,0,0,0,0,1,0,0,0,1,0
28753.6454506,1,1,0,1,0,1,0,0,0,0,0,0,0,1,0,1,0,1,0
28902.1757421,1,1,0,0,0,1,0,0,0,0,0,0,0,1,0,0,1,1,1
30146.6527763,1,1,0,0,0,1,0,0,0,0,0,0,0,1,0,1,1,1,1
21150.215311,1,1,0,0,0,1,0,0,0,0,0,0,0,1,0,0,1,1,0
22348.2766291,1,1,0,0,0,1,0,0,0,0,0,0,0,1,0,1,1,1,0
79560.2882907,1,1,0,0,0,1,0,0,1,0,0,0,0,1,0,0,0,1,1
77277.1709016,1,1,0,0,0,1,0,0,1,0,0,0,0,1,0,1,0,1,1
117240.030776,1,1,0,0,0,1,0,0,1,0,0,0,0,1,0,0,0,1,0
112097.705275,1,1,0,0,0,1,0,0,1,0,0,0,0,1,0,1,0,1,0
39641.7007613,0,1,0,0,0,1,0,0,0,0,0,0,0,1,0,0,0,1,1
39103.8142974,0,1,0,0,0,1,0,0,0,0,0,0,0,1,0,1,0,1,1
33180.0972377,0,1,0,0,0,1,0,0,0,0,0,0,0,1,0,0,0,1,0
34164.6462618,0,1,0,0,0,1,0,0,0,0,0,0,0,1,0,1,0,1,0
36700.0160464,1,1,0,0,1,0,0,0,0,0,0,1,0,1,0,0,0,1,1
37406.0707739,1,1,0,0,1,0,0,0,0,0,0,1,0,1,0,1,0,1,1
28818.0916103,1,1,0,0,1,0,0,0,0,0,0,1,0,1,0,0,0,1,0
31055.864969,1,1,0,0,1,0,0,0,0,0,0,1,0,1,0,1,0,1,0
33376.6507739,1,1,0,1,1,0,0,0,0,0,0,0,0,1,0,0,0,1,1
34537.5795191,1,1,0,1,1,0,0,0,0,0,0,0,0,1,0,1,0,1,1
27592.7167053,1,1,0,1,1,0,0,0,0,0,0,0,0,1,0,0,0,1,0
28651.5308751,1,1,0,1,1,0,0,0,0,0,0,0,0,1,0,1,0,1,0
28772.211737,1,1,0,0,1,0,0,0,0,0,0,0,0,1,0,0,1,1,1
30100.2370602,1,1,0,0,1,0,0,0,0,0,0,0,0,1,0,1,1,1,1
21335.8781754,1,1,0,0,1,0,0,0,0,0,0,0,0,1,0,0,1,1,0
22348.2766291,1,1,0,0,1,0,0,0,0,0,0,0,0,1,0,1,1,1,0
80525.7351855,1,1,0,0,1,0,0,0,1,0,0,0,0,1,0,0,0,1,1
77388.5686202,1,1,0,0,1,0,0,0,1,0,0,0,0,1,0,1,0,1,1
116432.397316,1,1,0,0,1,0,0,0,1,0,0,0,0,1,0,0,0,1,0
110213.227201,1,1,0,0,1,0,0,0,1,0,0,0,0,1,0,1,0,1,0
39790.2310528,0,1,0,0,1,0,0,0,0,0,0,0,0,1,0,0,0,1,1
39261.6277322,0,1,0,0,1,0,0,0,0,0,0,0,0,1,0,1,0,1,1
33003.7175166,0,1,0,0,1,0,0,0,0,0,0,0,0,1,0,0,0,1,0
34025.3991135,0,1,0,0,1,0,0,0,0,0,0,0,0,1,0,1,0,1,0
36978.510343,1,1,0,0,0,0,0,1,0,0,0,1,0,1,0,0,0,1,1
37461.7696333,1,1,0,0,0,0,0,1,0,0,0,1,0,1,0,1,0,1,1
28845.9410399,1,1,0,0,0,0,0,1,0,0,0,1,0,1,0,0,0,1,0
31343.6424088,1,1,0,0,0,0,0,1,0,0,0,1,0,1,0,1,0,1,0
33385.9339171,1,1,0,1,0,0,0,1,0,0,0,0,0,1,0,0,0,1,1
34546.8626624,1,1,0,1,0,0,0,1,0,0,0,0,0,1,0,1,0,1,1
27453.469557,1,1,0,1,0,0,0,1,0,0,0,0,0,1,0,0,0,1,0
28521.5668701,1,1,0,1,0,0,0,1,0,0,0,0,0,1,0,1,0,1,0
28809.3443099,1,1,0,0,0,0,0,1,0,0,0,0,0,1,0,0,1,1,1
30109.5202034,1,1,0,0,0,0,0,1,0,0,0,0,0,1,0,1,1,1,1
21159.4984542,1,1,0,0,0,0,0,1,0,0,0,0,0,1,0,0,1,1,0
22144.0474783,1,1,0,0,0,0,0,1,0,0,0,0,0,1,0,1,1,1,0
80126.5600271,1,1,0,0,0,0,0,1,1,0,0,0,0,1,0,0,0,1,1
77425.7011931,1,1,0,0,0,0,0,1,1,0,0,0,0,1,0,1,0,1,1
116766.590471,1,1,0,0,0,0,0,1,1,0,0,0,0,1,0,0,0,1,0
111011.577518,1,1,0,0,0,0,0,1,1,0,0,0,0,1,0,1,0,1,0
39725.2490503,0,1,0,0,0,0,0,1,0,0,0,0,0,1,0,0,0,1,1
39373.0254508,0,1,0,0,0,0,0,1,0,0,0,0,0,1,0,1,0,1,1
32780.9220793,0,1,0,0,0,0,0,1,0,0,0,0,0,1,0,0,0,1,0
34108.9474025,0,1,0,0,0,0,0,1,0,0,0,0,0,1,0,1,0,1,0
36969.2271998,1,1,0,0,0,0,1,0,0,0,0,1,0,1,0,0,0,1,1
37730.9807866,1,1,0,0,0,0,1,0,0,0,0,1,0,1,0,1,0,1,1
28910.9230425,1,1,0,0,0,0,1,0,0,0,0,1,0,1,0,0,0,1,0
30972.31668,1,1,0,0,0,0,1,0,0,0,0,1,0,1,0,1,0,1,0
33265.2530552,1,1,0,1,0,0,1,0,0,0,0,0,0,1,0,0,0,1,1
34407.6155141,1,1,0,1,0,0,1,0,0,0,0,0,0,1,0,1,0,1,1
27778.3795697,1,1,0,1,0,0,1,0,0,0,0,0,0,1,0,0,0,1,0
28855.760026,1,1,0,1,0,0,1,0,0,0,0,0,0,1,0,1,0,1,0
28632.9645887,1,1,0,0,0,0,1,0,0,0,0,0,0,1,0,0,1,1,1
30193.0684924,1,1,0,0,0,0,1,0,0,0,0,0,0,1,0,1,1,1,1
21233.7636,1,1,0,0,0,0,1,0,0,0,0,0,0,1,0,0,1,1,0
22413.2586317,1,1,0,0,0,0,1,0,0,0,0,0,0,1,0,1,1,1,0
79699.535439,1,1,0,0,0,0,1,0,1,0,0,0,0,1,0,0,0,1,1
77732.0449193,1,1,0,0,0,0,1,0,1,0,0,0,0,1,0,1,0,1,1
116757.307328,1,1,0,0,0,0,1,0,1,0,0,0,0,1,0,0,0,1,0
111299.354958,1,1,0,0,0,0,1,0,1,0,0,0,0,1,0,1,0,1,0
39771.6647664,0,1,0,0,0,0,1,0,0,0,0,0,0,1,0,0,0,1,1
39187.3625864,0,1,0,0,0,0,1,0,0,0,0,0,0,1,0,1,0,1,1
32892.3197979,0,1,0,0,0,0,1,0,0,0,0,0,0,1,0,0,0,1,0
34108.9474025,0,1,0,0,0,0,1,0,0,0,0,0,0,1,0,1,0,1,0
36588.6183278,1,1,0,0,0,0,0,0,0,0,0,1,1,0,1,0,0,1,1
37461.7696333,1,1,0,0,0,0,0,0,0,0,0,1,1,0,1,1,0,1,1
28938.7724721,1,1,0,0,0,0,0,0,0,0,0,1,1,0,1,0,0,1,0
31037.2986826,1,1,0,0,0,0,0,0,0,0,0,1,1,0,1,1,0,1,0
33478.7653493,1,1,0,1,0,0,0,0,0,0,0,0,1,0,1,0,0,1,1
34658.260381,1,1,0,1,0,0,0,0,0,0,0,0,1,0,1,1,0,1,1
27620.566135,1,1,0,1,0,0,0,0,0,0,0,0,1,0,1,0,0,1,0
29004.2903175,1,1,0,1,0,0,0,0,0,0,0,0,1,0,1,1,0,1,0
28818.6274531,1,1,0,0,0,0,0,0,0,0,0,0,1,0,1,0,1,1,1
30239.4842085,1,1,0,0,0,0,0,0,0,0,0,0,1,0,1,1,1,1,1
21335.8781754,1,1,0,0,0,0,0,0,0,0,0,0,1,0,1,0,1,1,0
22227.5957673,1,1,0,0,0,0,0,0,0,0,0,0,1,0,1,1,1,1,0
80720.6811931,1,1,0,0,0,0,0,0,1,0,0,0,1,0,1,0,0,1,1
77704.1954897,1,1,0,0,0,0,0,0,1,0,0,0,1,0,1,1,0,1,1
117574.223932,1,1,0,0,0,0,0,0,1,0,0,0,1,0,1,0,0,1,0
111327.204388,1,1,0,0,0,0,0,0,1,0,0,0,1,0,1,1,0,1,0
39641.7007613,0,1,0,0,0,0,0,0,0,0,0,0,1,0,1,0,0,1,1
39057.3985813,0,1,0,0,0,0,0,0,0,0,0,0,1,0,1,1,0,1,1
32873.7535115,0,1,0,0,0,0,0,0,0,0,0,0,1,0,1,0,0,1,0
34127.513689,0,1,0,0,0,0,0,0,0,0,0,0,1,0,1,1,0,1,0
75066.1752868,1,1,0,0,0,0,0,0,0,0,0,1,1,0,0,0,0,0,1
72356.0333096,1,1,0,0,0,0,0,0,0,0,0,1,1,0,0,1,0,0,1
59943.3991395,1,1,0,0,0,0,0,0,0,0,0,1,1,0,0,0,0,0,0
56666.9854258,1,1,0,0,0,0,0,0,0,0,0,1,1,0,0,1,0,0,0
69338.4759204,1,1,0,1,0,0,0,0,0,0,0,0,1,0,0,0,0,0,1
68726.3243108,1,1,0,1,0,0,0,0,0,0,0,0,1,0,0,1,0,0,1
53343.0843104,1,1,0,1,0,0,0,0,0,0,0,0,1,0,0,0,0,0,0
56991.8954385,1,1,0,1,0,0,0,0,0,0,0,0,1,0,0,1,0,0,0
56843.365147,1,1,0,0,0,0,0,0,0,0,0,0,1,0,0,0,1,0,1
56017.7012433,1,1,0,0,0,0,0,0,0,0,0,0,1,0,0,1,1,0,1
50196.098759,1,1,0,0,0,0,0,0,0,0,0,0,1,0,0,0,1,0,0
46891.8356157,1,1,0,0,0,0,0,0,0,0,0,0,1,0,0,1,1,0,0
161956.395821,1,1,0,0,0,0,0,0,1,0,0,0,1,0,0,0,0,0,1
159756.826721,1,1,0,0,0,0,0,0,1,0,0,0,1,0,0,1,0,0,1
219483.498509,1,1,0,0,0,0,0,0,1,0,0,0,1,0,0,0,0,0,0
214239.058433,1,1,0,0,0,0,0,0,1,0,0,0,1,0,0,1,0,0,0
86817.562917,0,1,0,0,0,0,0,0,0,0,0,0,1,0,0,0,0,0,1
84293.0838041,0,1,0,0,0,0,0,0,0,0,0,0,1,0,0,1,0,0,1
77311.0884174,0,1,0,0,0,0,0,0,0,0,0,0,1,0,0,0,0,0,0
77367.3231196,0,1,0,0,0,0,0,0,0,0,0,0,1,0,0,1,0,0,0
36597.901471,1,1,0,0,0,0,0,0,0,1,0,1,1,0,0,0,0,1,1
37489.6190629,1,1,0,0,0,0,0,0,0,1,0,1,1,0,0,1,0,1,1
28688.1276052,1,1,0,0,0,0,0,0,0,1,0,1,1,0,0,0,0,1,0
31139.413258,1,1,0,0,0,0,0,0,0,1,0,1,1,0,0,1,0,1,0
33339.518201,1,1,0,1,0,0,0,0,0,1,0,0,1,0,0,0,0,1,1
34825.3569589,1,1,0,1,0,0,0,0,0,1,0,0,1,0,0,1,0,1,1
27574.1504189,1,1,0,1,0,0,0,0,0,1,0,0,1,0,0,0,0,1,0
28846.4768828,1,1,0,1,0,0,0,0,0,1,0,0,1,0,0,1,0,1,0
28762.9285938,1,1,0,0,0,0,0,0,0,1,0,0,1,0,0,0,1,1,1
30128.0864899,1,1,0,0,0,0,0,0,0,1,0,0,1,0,0,1,1,1,1
21345.1613186,1,1,0,0,0,0,0,0,0,1,0,0,1,0,0,0,1,1,0
22478.2406342,1,1,0,0,0,0,0,0,0,1,0,0,1,0,0,1,1,1,0
80989.8923465,1,1,0,0,0,0,0,0,1,1,0,0,1,0,0,0,0,1,1
77453.5506227,1,1,0,0,0,0,0,0,1,1,0,0,1,0,0,1,0,1,1
116218.885022,1,1,0,0,0,0,0,0,1,1,0,0,1,0,0,0,0,1,0
110900.1798,1,1,0,0,0,0,0,0,1,1,0,0,1,0,0,1,0,1,0
40040.8759198,0,1,0,0,0,0,0,0,0,1,0,0,1,0,0,0,0,1,1
39270.9108754,0,1,0,0,0,0,0,0,0,1,0,0,1,0,0,1,0,1,1
33105.832092,0,1,0,0,0,0,0,0,0,1,0,0,1,0,0,0,0,1,0
34062.5316864,0,1,0,0,0,0,0,0,0,1,0,0,1,0,0,1,0,1,0
36672.1666168,1,1,0,0,0,1,0,0,0,0,0,1,1,0,0,0,0,1,1
37554.6010655,1,1,0,0,0,1,0,0,0,0,0,1,1,0,0,1,0,1,1
28734.5433213,1,1,0,0,0,1,0,0,0,0,0,1,1,0,0,0,0,1,0
31315.7929791,1,1,0,0,0,1,0,0,0,0,0,1,1,0,0,1,0,1,0
33664.4282137,1,1,0,1,0,1,0,0,0,0,0,0,1,0,0,0,0,1,1
34407.6155141,1,1,0,1,0,1,0,0,0,0,0,0,1,0,0,1,0,1,1
27611.2829917,1,1,0,1,0,1,0,0,0,0,0,0,1,0,0,0,0,1,0
28716.5128777,1,1,0,1,0,1,0,0,0,0,0,0,1,0,0,1,0,1,0
28818.6274531,1,1,0,0,0,1,0,0,0,0,0,0,1,0,0,0,1,1,1
30053.8213441,1,1,0,0,0,1,0,0,0,0,0,0,1,0,0,1,1,1,1
21243.0467432,1,1,0,0,0,1,0,0,0,0,0,0,1,0,0,0,1,1,0
22199.7463376,1,1,0,0,0,1,0,0,0,0,0,0,1,0,0,1,1,1,0
80219.3914593,1,1,0,0,0,1,0,0,1,0,0,0,1,0,0,0,0,1,1
76813.0137406,1,1,0,0,0,1,0,0,1,0,0,0,1,0,0,1,0,1,1
115550.49871,1,1,0,0,0,1,0,0,1,0,0,0,1,0,0,0,0,1,0
109999.714907,1,1,0,0,0,1,0,0,1,0,0,0,1,0,0,1,0,1,0
39706.6827639,0,1,0,0,0,1,0,0,0,0,0,0,1,0,0,0,0,1,1
39168.7963,0,1,0,0,0,1,0,0,0,0,0,0,1,0,0,1,0,1,1
32985.1512301,0,1,0,0,0,1,0,0,0,0,0,0,1,0,0,0,0,1,0
34127.513689,0,1,0,0,0,1,0,0,0,0,0,0,1,0,0,1,0,1,0
36737.1486193,1,1,0,0,1,0,0,0,0,0,0,1,1,0,0,0,0,1,1
37387.5044875,1,1,0,0,1,0,0,0,0,0,0,1,1,0,0,1,0,1,1
28641.7118891,1,1,0,0,1,0,0,0,0,0,0,1,1,0,0,0,0,1,0
30990.8829665,1,1,0,0,1,0,0,0,0,0,0,1,1,0,0,1,0,1,0
33488.0484925,1,1,0,1,1,0,0,0,0,0,0,0,1,0,0,0,0,1,1
34389.0492276,1,1,0,1,1,0,0,0,0,0,0,0,1,0,0,1,0,1,1
27564.8672756,1,1,0,1,1,0,0,0,0,0,0,0,1,0,0,0,0,1,0
28577.2657294,1,1,0,1,1,0,0,0,0,0,0,0,1,0,0,1,0,1,0
28818.6274531,1,1,0,0,1,0,0,0,0,0,0,0,1,0,0,0,1,1,1
30137.3696331,1,1,0,0,1,0,0,0,0,0,0,0,1,0,0,1,1,1,1
21215.1973135,1,1,0,0,1,0,0,0,0,0,0,0,1,0,0,0,1,1,0
22106.9149054,1,1,0,0,1,0,0,0,0,0,0,0,1,0,0,1,1,1,0
79513.8725746,1,1,0,0,1,0,0,0,1,0,0,0,1,0,0,0,0,1,1
78019.8223591,1,1,0,0,1,0,0,0,1,0,0,0,1,0,0,1,0,1,1
117230.747632,1,1,0,0,1,0,0,0,1,0,0,0,1,0,0,0,0,1,0
110918.746086,1,1,0,0,1,0,0,0,1,0,0,0,1,0,0,1,0,1,0
39586.001902,0,1,0,0,1,0,0,0,0,0,0,0,1,0,0,0,0,1,1
39150.2300135,0,1,0,0,1,0,0,0,0,0,0,0,1,0,0,1,0,1,1
32864.4703683,0,1,0,0,1,0,0,0,0,0,0,0,1,0,0,0,0,1,0
33839.7362492,0,1,0,0,1,0,0,0,0,0,0,0,1,0,0,1,0,1,0
36635.0340439,1,1,0,0,0,0,0,1,0,0,0,1,1,0,0,0,0,1,1
37220.4079096,1,1,0,0,0,0,0,1,0,0,0,1,1,0,0,1,0,1,1
28771.6758942,1,1,0,0,0,0,0,1,0,0,0,1,1,0,0,0,0,1,0
31343.6424088,1,1,0,0,0,0,0,1,0,0,0,1,1,0,0,1,0,1,0
33395.2170603,1,1,0,1,0,0,0,1,0,0,0,0,1,0,0,0,0,1,1
34407.6155141,1,1,0,1,0,0,0,1,0,0,0,0,1,0,0,1,0,1,1
27434.9032706,1,1,0,1,0,0,0,1,0,0,0,0,1,0,0,0,0,1,0
28558.699443,1,1,0,1,0,0,0,1,0,0,0,0,1,0,0,1,0,1,0
28772.211737,1,1,0,0,0,0,0,1,0,0,0,0,1,0,0,0,1,1,1
30202.3516356,1,1,0,0,0,0,0,1,0,0,0,0,1,0,0,1,1,1,1
21205.9141703,1,1,0,0,0,0,0,1,0,0,0,0,1,0,0,0,1,1,0
22162.6137647,1,1,0,0,0,0,0,1,0,0,0,0,1,0,0,1,1,1,0
80293.656605,1,1,0,0,0,0,0,1,1,0,0,0,1,0,0,0,0,1,1
76729.4654516,1,1,0,0,0,0,0,1,1,0,0,0,1,0,0,1,0,1,1
116348.849027,1,1,0,0,0,0,0,1,1,0,0,0,1,0,0,0,0,1,0
109851.184616,1,1,0,0,0,0,0,1,1,0,0,0,1,0,0,1,0,1,0
39901.6287715,0,1,0,0,0,0,0,1,0,0,0,0,1,0,0,0,0,1,1
39113.0974407,0,1,0,0,0,0,0,1,0,0,0,0,1,0,0,1,0,1,1
32966.5849437,0,1,0,0,0,0,0,1,0,0,0,0,1,0,0,0,0,1,0
33876.868822,0,1,0,0,0,0,0,1,0,0,0,0,1,0,0,1,0,1,0
36867.1126244,1,1,0,0,0,0,1,0,0,0,0,1,1,0,0,0,0,1,1
37313.2393418,1,1,0,0,0,0,1,0,0,0,0,1,1,0,0,1,0,1,1
28855.2241831,1,1,0,0,0,0,1,0,0,0,0,1,1,0,0,0,0,1,0
31306.5098359,1,1,0,0,0,0,1,0,0,0,0,1,1,0,0,1,0,1,0
33348.8013442,1,1,0,1,0,0,1,0,0,0,0,0,1,0,0,0,0,1,1
34630.4109513,1,1,0,1,0,0,1,0,0,0,0,0,1,0,0,1,0,1,1
27397.7706977,1,1,0,1,0,0,1,0,0,0,0,0,1,0,0,0,0,1,0
28772.211737,1,1,0,1,0,0,1,0,0,0,0,0,1,0,0,1,0,1,0
28725.7960209,1,1,0,0,0,0,1,0,0,0,0,0,1,0,0,0,1,1,1
30155.9359195,1,1,0,0,0,0,1,0,0,0,0,0,1,0,0,1,1,1,1
21224.4804567,1,1,0,0,0,0,1,0,0,0,0,0,1,0,0,0,1,1,0
22422.5417749,1,1,0,0,0,0,1,0,0,0,0,0,1,0,0,1,1,1,0
80005.8791652,1,1,0,0,0,0,1,0,1,0,0,0,1,0,0,0,0,1,1
76580.9351601,1,1,0,0,0,0,1,0,1,0,0,0,1,0,0,1,0,1,1
117072.934198,1,1,0,0,0,0,1,0,1,0,0,0,1,0,0,0,0,1,0
109860.467759,1,1,0,0,0,0,1,0,1,0,0,0,1,0,0,1,0,1,0
40003.7433469,0,1,0,0,0,0,1,0,0,0,0,0,1,0,0,0,0,1,1
38825.3200008,0,1,0,0,0,0,1,0,0,0,0,0,1,0,0,1,0,1,1
32957.3018005,0,1,0,0,0,0,1,0,0,0,0,0,1,0,0,0,0,1,0
34192.4956915,0,1,0,0,0,0,1,0,0,0,0,0,1,0,0,1,0,1,0
36625.7509007,1,1,1,0,0,0,0,0,0,0,0,1,0,0,1,0,0,1,1
37248.2573392,1,1,1,0,0,0,0,0,0,0,0,1,0,0,1,1,0,1,1
28595.296173,1,1,1,0,0,0,0,0,0,0,0,1,0,0,1,0,0,1,0
31204.3952605,1,1,1,0,0,0,0,0,0,0,0,1,0,0,1,1,0,1,0
33237.4036256,1,1,1,1,0,0,0,0,0,0,0,0,0,0,1,0,0,1,1
34797.5075293,1,1,1,1,0,0,0,0,0,0,0,0,0,0,1,1,0,1,1
27694.8312807,1,1,1,1,0,0,0,0,0,0,0,0,0,0,1,0,0,1,0
28800.0611667,1,1,1,1,0,0,0,0,0,0,0,0,0,0,1,1,0,1,0
28781.4948802,1,1,1,0,0,0,0,0,0,0,0,0,0,0,1,0,1,1,1
30128.0864899,1,1,1,0,0,0,0,0,0,0,0,0,0,0,1,1,1,1,1
21159.4984542,1,1,1,0,0,0,0,0,0,0,0,0,0,0,1,0,1,1,0
22264.7283402,1,1,1,0,0,0,0,0,0,0,0,0,0,0,1,1,1,1,0
80302.9397483,1,1,1,0,0,0,0,0,1,0,0,0,0,0,1,0,0,1,1
77778.4606354,1,1,1,0,0,0,0,0,1,0,0,0,0,0,1,1,0,1,1
117323.579065,1,1,1,0,0,0,0,0,1,0,0,0,0,0,1,0,0,1,0
112431.898431,1,1,1,0,0,0,0,0,1,0,0,0,0,0,1,1,0,1,0
39632.4176181,0,1,1,0,0,0,0,0,0,0,0,0,0,0,1,0,0,1,1
38871.7357169,0,1,1,0,0,0,0,0,0,0,0,0,0,0,1,1,0,1,1
33040.8500894,0,1,1,0,0,0,0,0,0,0,0,0,0,0,1,0,0,1,0
33941.8508246,0,1,1,0,0,0,0,0,0,0,0,0,0,0,1,1,0,1,0
74332.8069725,1,1,1,0,0,0,0,0,0,0,0,1,0,0,0,0,0,0,1
72411.7321689,1,1,1,0,0,0,0,0,0,0,0,1,0,0,0,1,0,0,1
59804.1519912,1,1,1,0,0,0,0,0,0,0,0,1,0,0,0,0,0,0,0
56796.9494309,1,1,1,0,0,0,0,0,0,0,0,1,0,0,0,1,0,0,0
69691.2353627,1,1,1,1,0,0,0,0,0,0,0,0,0,0,0,0,0,0,1
68652.059165,1,1,1,1,0,0,0,0,0,0,0,0,0,0,0,1,0,0,1
53556.5966045,1,1,1,1,0,0,0,0,0,0,0,0,0,0,0,0,0,0,0
57205.4077326,1,1,1,1,0,0,0,0,0,0,0,0,0,0,0,1,0,0,0
56834.0820038,1,1,1,0,0,0,0,0,0,0,0,0,0,0,0,0,1,0,1
56370.4606856,1,1,1,0,0,0,0,0,0,0,0,0,0,0,0,1,1,0,1
50158.9661861,1,1,1,0,0,0,0,0,0,0,0,0,0,0,0,0,1,0,0
47058.9321937,1,1,1,0,0,0,0,0,0,0,0,0,0,0,0,1,1,0,0
161974.962107,1,1,1,0,0,0,0,0,1,0,0,0,0,0,0,0,0,0,1
160323.098457,1,1,1,0,0,0,0,0,1,0,0,0,0,0,0,1,0,0,1
219891.956811,1,1,1,0,0,0,0,0,1,0,0,0,0,0,0,0,0,0,0
213162.21382,1,1,1,0,0,0,0,0,1,0,0,0,0,0,0,1,0,0,0
86223.4417509,0,1,1,0,0,0,0,0,0,0,0,0,0,0,0,0,0,0,1
85054.3015481,0,1,1,0,0,0,0,0,0,0,0,0,0,0,0,1,0,0,1
76735.5335378,0,1,1,0,0,0,0,0,0,0,0,0,0,0,0,0,0,0,0
76838.183956,0,1,1,0,0,0,0,0,0,0,0,0,0,0,0,1,0,0,0
36783.5643354,1,1,1,0,0,0,0,0,0,1,0,1,0,0,0,0,0,1,1
37684.5650705,1,1,1,0,0,0,0,0,0,1,0,1,0,0,0,1,0,1,1
28632.4287459,1,1,1,0,0,0,0,0,0,1,0,1,0,0,0,0,0,1,0
30990.8829665,1,1,1,0,0,0,0,0,0,1,0,1,0,0,0,1,0,1,0
33506.6147789,1,1,1,1,0,0,0,0,0,1,0,0,0,0,0,0,0,1,1
34537.5795191,1,1,1,1,0,0,0,0,0,1,0,0,0,0,0,1,0,1,1
27889.7772883,1,1,1,1,0,0,0,0,0,1,0,0,0,0,0,0,0,1,0
28725.7960209,1,1,1,1,0,0,0,0,0,1,0,0,0,0,0,1,0,1,0
28735.0791641,1,1,1,0,0,0,0,0,0,1,0,0,0,0,0,0,1,1,1
30109.5202034,1,1,1,0,0,0,0,0,0,1,0,0,0,0,0,1,1,1,1
21150.215311,1,1,1,0,0,0,0,0,0,1,0,0,0,0,0,0,1,1,0
22153.3306215,1,1,1,0,0,0,0,0,0,1,0,0,0,0,0,1,1,1,0
81221.970927,1,1,1,0,0,0,0,0,1,1,0,0,0,0,0,0,0,1,1
77434.9843363,1,1,1,0,0,0,0,0,1,1,0,0,0,0,0,1,0,1,1
117045.084768,1,1,1,0,0,0,0,0,1,1,0,0,0,0,0,0,0,1,0
110473.155212,1,1,1,0,0,0,0,0,1,1,0,0,0,0,0,1,0,1,0
39957.3276308,0,1,1,0,0,0,0,0,0,1,0,0,0,0,0,0,0,1,1
38908.8682898,0,1,1,0,0,0,0,0,0,1,0,0,0,0,0,1,0,1,1
32883.0366547,0,1,1,0,0,0,0,0,0,1,0,0,0,0,0,0,0,1,0
34294.6102669,0,1,1,0,0,0,0,0,0,1,0,0,0,0,0,1,0,1,0
36653.6003303,1,1,1,0,0,1,0,0,0,0,0,1,0,0,0,0,0,1,1
37554.6010655,1,1,1,0,0,1,0,0,0,0,0,1,0,0,0,1,0,1,1
29087.3027636,1,1,1,0,0,1,0,0,0,0,0,1,0,0,0,0,0,1,0
31065.1481122,1,1,1,0,0,1,0,0,0,0,0,1,0,0,0,1,0,1,0
33432.3496332,1,1,1,1,0,1,0,0,0,0,0,0,0,0,0,0,0,1,1
34546.8626624,1,1,1,1,0,1,0,0,0,0,0,0,0,0,0,1,0,1,1
27648.4155646,1,1,1,1,0,1,0,0,0,0,0,0,0,0,0,0,0,1,0
28772.211737,1,1,1,1,0,1,0,0,0,0,0,0,0,0,0,1,0,1,0
29013.5734607,1,1,1,0,0,1,0,0,0,0,0,0,0,0,0,0,1,1,1
30285.8999246,1,1,1,0,0,1,0,0,0,0,0,0,0,0,0,1,1,1,1
21168.7815974,1,1,1,0,0,1,0,0,0,0,0,0,0,0,0,0,1,1,0
22199.7463376,1,1,1,0,0,1,0,0,0,0,0,0,0,0,0,1,1,1,0
80757.813766,1,1,1,0,0,1,0,0,1,0,0,0,0,0,0,0,0,1,1
77416.4180499,1,1,1,0,0,1,0,0,1,0,0,0,0,0,0,1,0,1,1
117434.976783,1,1,1,0,0,1,0,0,1,0,0,0,0,0,0,0,0,1,0
110176.094629,1,1,1,0,0,1,0,0,1,0,0,0,0,0,0,1,0,1,0
39799.5141961,0,1,1,0,0,1,0,0,0,0,0,0,0,0,0,0,0,1,1
39066.6817246,0,1,1,0,0,1,0,0,0,0,0,0,0,0,0,1,0,1,1
33031.5669462,0,1,1,0,0,1,0,0,0,0,0,0,0,0,0,0,0,1,0
33858.3025356,0,1,1,0,0,1,0,0,0,0,0,0,0,0,0,1,0,1,0
36950.6609134,1,1,1,0,1,0,0,0,0,0,0,1,0,0,0,0,0,1,1
37341.0887714,1,1,1,0,1,0,0,0,0,0,0,1,0,0,0,1,0,1,1
28743.8264645,1,1,1,0,1,0,0,0,0,0,0,1,0,0,0,0,0,1,0
31092.9975419,1,1,1,0,1,0,0,0,0,0,0,1,0,0,0,1,0,1,0
33293.1024849,1,1,1,1,1,0,0,0,0,0,0,0,0,0,0,0,0,1,1
34389.0492276,1,1,1,1,1,0,0,0,0,0,0,0,0,0,0,1,0,1,1
27574.1504189,1,1,1,1,1,0,0,0,0,0,0,0,0,0,0,0,0,1,0
28679.3803048,1,1,1,1,1,0,0,0,0,0,0,0,0,0,0,1,0,1,0
28744.3623073,1,1,1,0,1,0,0,0,0,0,0,0,0,0,0,0,1,1,1
30081.6707738,1,1,1,0,1,0,0,0,0,0,0,0,0,0,0,1,1,1,1
21354.4444618,1,1,1,0,1,0,0,0,0,0,0,0,0,0,0,0,1,1,0
22320.4271995,1,1,1,0,1,0,0,0,0,0,0,0,0,0,0,1,1,1,0
80943.4766304,1,1,1,0,1,0,0,0,1,0,0,0,0,0,0,0,0,1,1
77490.6831956,1,1,1,0,1,0,0,0,1,0,0,0,0,0,0,1,0,1,1
115299.853843,1,1,1,0,1,0,0,0,1,0,0,0,0,0,0,0,0,1,0
110268.926061,1,1,1,0,1,0,0,0,1,0,0,0,0,0,0,1,0,1,0
39697.3996206,0,1,1,0,1,0,0,0,0,0,0,0,0,0,0,0,0,1,1
39057.3985813,0,1,1,0,1,0,0,0,0,0,0,0,0,0,0,1,0,1,1
32753.0726496,0,1,1,0,1,0,0,0,0,0,0,0,0,0,0,0,0,1,0
34285.3271237,0,1,1,0,1,0,0,0,0,0,0,0,0,0,0,1,0,1,0
36681.44976,1,1,1,0,0,0,0,1,0,0,0,1,0,0,0,0,0,1,1
37406.0707739,1,1,1,0,0,0,0,1,0,0,0,1,0,0,0,1,0,1,1
28706.6938916,1,1,1,0,0,0,0,1,0,0,0,1,0,0,0,0,0,1,0
31464.3232706,1,1,1,0,0,0,0,1,0,0,0,1,0,0,0,1,0,1,0
33664.4282137,1,1,1,1,0,0,0,1,0,0,0,0,0,0,0,0,0,1,1
34890.3389615,1,1,1,1,0,0,0,1,0,0,0,0,0,0,0,1,0,1,1
27564.8672756,1,1,1,1,0,0,0,1,0,0,0,0,0,0,0,0,0,1,0
28605.1151591,1,1,1,1,0,0,0,1,0,0,0,0,0,0,0,1,0,1,0
28827.9105963,1,1,1,0,0,0,0,1,0,0,0,0,0,0,0,0,1,1,1
30063.1044873,1,1,1,0,0,0,0,1,0,0,0,0,0,0,0,1,1,1,1
21530.824183,1,1,1,0,0,0,0,1,0,0,0,0,0,0,0,0,1,1,0
22450.3912045,1,1,1,0,0,0,0,1,0,0,0,0,0,0,0,1,1,1,0
80692.8317635,1,1,1,0,0,0,0,1,1,0,0,0,0,0,0,0,0,1,1
77388.5686202,1,1,1,0,0,0,0,1,1,0,0,0,0,0,0,1,0,1,1
115986.806441,1,1,1,0,0,0,0,1,1,0,0,0,0,0,0,0,0,1,0
110417.456352,1,1,1,0,0,0,0,1,1,0,0,0,0,0,0,1,0,1,0
39697.3996206,0,1,1,0,0,0,0,1,0,0,0,0,0,0,0,0,0,1,1
39094.5311542,0,1,1,0,0,0,0,1,0,0,0,0,0,0,0,1,0,1,1
32799.4883657,0,1,1,0,0,0,0,1,0,0,0,0,0,0,0,0,0,1,0
34183.2125483,0,1,1,0,0,0,0,1,0,0,0,0,0,0,0,1,0,1,0
36978.510343,1,1,1,0,0,0,1,0,0,0,0,1,0,0,0,0,0,1,1
37693.8482138,1,1,1,0,0,0,1,0,0,0,0,1,0,0,0,1,0,1,1
28743.8264645,1,1,1,0,0,0,1,0,0,0,0,1,0,0,0,0,0,1,0
31009.4492529,1,1,1,0,0,0,1,0,0,0,0,1,0,0,0,1,0,1,0
33302.3856281,1,1,1,1,0,0,1,0,0,0,0,0,0,0,0,0,0,1,1
35159.5501148,1,1,1,1,0,0,1,0,0,0,0,0,0,0,0,1,0,1,1
27778.3795697,1,1,1,1,0,0,1,0,0,0,0,0,0,0,0,0,0,1,0
28865.0431692,1,1,1,1,0,0,1,0,0,0,0,0,0,0,0,1,0,1,0
28855.760026,1,1,1,0,0,0,1,0,0,0,0,0,0,0,0,0,1,1,1
30072.3876306,1,1,1,0,0,0,1,0,0,0,0,0,0,0,0,1,1,1,1
21187.3478839,1,1,1,0,0,0,1,0,0,0,0,0,0,0,0,0,1,1,0
22274.0114834,1,1,1,0,0,0,1,0,0,0,0,0,0,0,0,1,1,1,0
79411.7579992,1,1,1,0,0,0,1,0,1,0,0,0,0,0,0,0,0,1,1
76757.3148813,1,1,1,0,0,0,1,0,1,0,0,0,0,0,0,1,0,1,1
115931.107582,1,1,1,0,0,0,1,0,1,0,0,0,0,0,0,0,0,1,0
109990.431764,1,1,1,0,0,0,1,0,1,0,0,0,0,0,0,1,0,1,0
39827.3636257,0,1,1,0,0,0,1,0,0,0,0,0,0,0,0,0,0,1,1
39066.6817246,0,1,1,0,0,0,1,0,0,0,0,0,0,0,0,1,0,1,1
32910.8860844,0,1,1,0,0,0,1,0,0,0,0,0,0,0,0,0,0,1,0
34238.9114076,0,1,1,0,0,0,1,0,0,0,0,0,0,0,0,1,0,1,0
36791.7757929,1,0,0,0,0,0,0,0,0,0,0,1,0,0,1,0,0,1,1
37544.2462366,1,0,0,0,0,0,0,0,0,0,0,1,0,0,1,1,0,1,1
29206.9119398,1,0,0,0,0,0,0,0,0,0,0,1,0,0,1,0,0,1,0
30822.7147028,1,0,0,0,0,0,0,0,0,0,0,1,0,0,1,1,0,1,0
33533.3925229,1,0,0,1,0,0,0,0,0,0,0,0,0,0,1,0,0,1,1
34815.00213,1,0,0,1,0,0,0,0,0,0,0,0,0,0,1,1,0,1,1
27656.6270221,1,0,0,1,0,0,0,0,0,0,0,0,0,0,1,0,0,1,0
28910.3871996,1,0,0,1,0,0,0,0,0,0,0,0,0,0,1,1,0,1,0
28966.0860589,1,0,0,0,0,0,0,0,0,0,0,0,0,0,1,0,1,1,1
29987.7676559,1,0,0,0,0,0,0,0,0,0,0,0,0,0,1,1,1,1,1
21344.0896329,1,0,0,0,0,0,0,0,0,0,0,0,0,0,1,0,1,1,0
22161.5420791,1,0,0,0,0,0,0,0,0,0,0,0,0,0,1,1,1,1,0
80849.5735125,1,0,0,0,0,0,0,0,1,0,0,0,0,0,1,0,0,1,1
77777.3889497,1,0,0,0,0,0,0,0,1,0,0,0,0,0,1,1,0,1,1
116533.440205,1,0,0,0,0,0,0,0,1,0,0,0,0,0,1,0,0,1,0
109562.33549,1,0,0,0,0,0,0,0,1,0,0,0,0,0,1,1,0,1,0
39900.5570858,0,0,0,0,0,0,0,0,0,0,0,0,0,0,1,0,0,1,1
39121.3088982,0,0,0,0,0,0,0,0,0,0,0,0,0,0,1,1,0,1,1
33253.2906978,0,0,0,0,0,0,0,0,0,0,0,0,0,0,1,0,0,1,0
34117.1588601,0,0,0,0,0,0,0,0,0,0,0,0,0,0,1,1,0,1,0
74535.9644376,1,0,0,0,0,0,0,0,0,0,0,1,0,0,0,0,0,0,1
72410.6604832,1,0,0,0,0,0,0,0,0,0,0,1,0,0,0,1,0,0,1
60100.1408885,1,0,0,0,0,0,0,0,0,0,0,1,0,0,0,0,0,0,0
56582.3654512,1,0,0,0,0,0,0,0,0,0,0,1,0,0,0,1,0,0,0
69337.4042347,1,0,0,1,0,0,0,0,0,0,0,0,0,0,0,0,0,0,1
69393.6389369,1,0,0,1,0,0,0,0,0,0,0,0,0,0,0,1,0,0,1
53639.0732078,1,0,0,1,0,0,0,0,0,0,0,0,0,0,0,0,0,0,0
57018.6731825,1,0,0,1,0,0,0,0,0,0,0,0,0,0,0,1,0,0,0
56712.3294562,1,0,0,0,0,0,0,0,0,0,0,0,0,0,0,0,1,0,1
55988.780128,1,0,0,0,0,0,0,0,0,0,0,0,0,0,0,1,1,0,1
50278.5753623,1,0,0,0,0,0,0,0,0,0,0,0,0,0,0,0,1,0,0
46909.3302165,1,0,0,0,0,0,0,0,0,0,0,0,0,0,0,1,1,0,0
161676.829839,1,0,0,0,0,0,0,0,1,0,0,0,0,0,0,0,0,0,1
160127.080764,1,0,0,0,0,0,0,0,1,0,0,0,0,0,0,1,0,0,1
220930.597166,1,0,0,0,0,0,0,0,1,0,0,0,0,0,0,0,0,0,0
213616.016152,1,0,0,0,0,0,0,0,1,0,0,0,0,0,0,1,0,0,0
86667.9609398,0,0,0,0,0,0,0,0,0,0,0,0,0,0,0,0,0,0,1
84551.9401286,0,0,0,0,0,0,0,0,0,0,0,0,0,0,0,1,0,0,1
76678.7629928,0,0,0,0,0,0,0,0,0,0,0,0,0,0,0,0,0,0,0
76939.2268458,0,0,0,0,0,0,0,0,0,0,0,0,0,0,0,1,0,0,0
36661.8117879,1,0,0,0,0,0,0,0,0,1,0,1,0,0,0,0,0,1,1
37432.8485179,1,0,0,0,0,0,0,0,0,1,0,1,0,0,0,1,0,1,1
28993.3996458,1,0,0,0,0,0,0,0,0,1,0,1,0,0,0,0,0,1,0
30757.7327003,1,0,0,0,0,0,0,0,0,1,0,1,0,0,0,1,0,1,0
33347.7296585,1,0,0,1,0,0,0,0,0,1,0,0,0,0,0,0,0,1,1
34638.6224089,1,0,0,1,0,0,0,0,0,1,0,0,0,0,0,1,0,1,1
27693.759595,1,0,0,1,0,0,0,0,0,1,0,0,0,0,0,0,0,1,0
29114.6163504,1,0,0,1,0,0,0,0,0,1,0,0,0,0,0,1,0,1,0
28845.4051971,1,0,0,0,0,0,0,0,0,1,0,0,0,0,0,0,1,1,1
30145.5810906,1,0,0,0,0,0,0,0,0,1,0,0,0,0,0,1,1,1,1
21260.5413439,1,0,0,0,0,0,0,0,0,1,0,0,0,0,0,0,1,1,0
22217.2409384,1,0,0,0,0,0,0,0,0,1,0,0,0,0,0,1,1,1,0
79884.1266177,1,0,0,0,0,0,0,0,1,1,0,0,0,0,0,0,0,1,1
77879.5035251,1,0,0,0,0,0,0,0,1,1,0,0,0,0,0,1,0,1,1
116524.157062,1,0,0,0,0,0,0,0,1,1,0,0,0,0,0,0,0,1,0
109961.510649,1,0,0,0,0,0,0,0,1,1,0,0,0,0,0,1,0,1,0
39547.7976434,0,0,0,0,0,0,0,0,0,1,0,0,0,0,0,0,0,1,1
39334.8211922,0,0,0,0,0,0,0,0,0,1,0,0,0,0,0,1,0,1,1
33234.7244114,0,0,0,0,0,0,0,0,0,1,0,0,0,0,0,0,0,1,0
34572.0328778,0,0,0,0,0,0,0,0,0,1,0,0,0,0,0,1,0,1,0
36810.3420794,1,0,0,0,0,1,0,0,0,0,0,1,0,0,0,0,0,1,1
37544.2462366,1,0,0,0,0,1,0,0,0,0,0,1,0,0,0,1,0,1,1
29225.4782262,1,0,0,0,0,1,0,0,0,0,0,1,0,0,0,0,0,1,0
30804.1484164,1,0,0,0,0,1,0,0,0,0,0,1,0,0,0,1,0,1,0
33468.4105204,1,0,0,1,0,1,0,0,0,0,0,0,0,0,0,0,0,1,1
34397.2606852,1,0,0,1,0,1,0,0,0,0,0,0,0,0,0,1,0,1,1
27554.5124467,1,0,0,1,0,1,0,0,0,0,0,0,0,0,0,0,0,1,0
28659.7423327,1,0,0,1,0,1,0,0,0,0,0,0,0,0,0,1,0,1,0
28687.5917623,1,0,0,0,0,1,0,0,0,0,0,0,0,0,0,0,1,1,1
30340.5270983,1,0,0,0,0,1,0,0,0,0,0,0,0,0,0,1,1,1,1
21297.6739168,1,0,0,0,0,1,0,0,0,0,0,0,0,0,0,0,1,1,0
22272.9397977,1,0,0,0,0,1,0,0,0,0,0,0,0,0,0,1,1,1,0
80283.3017762,1,0,0,0,0,1,0,0,1,0,0,0,0,0,0,0,0,1,1
77396.7800777,1,0,0,0,0,1,0,0,1,0,0,0,0,0,0,1,0,1,1
116180.680763,1,0,0,0,0,1,0,0,1,0,0,0,0,0,0,0,0,1,0
110156.456656,1,0,0,0,0,1,0,0,1,0,0,0,0,0,0,1,0,1,0
39492.0987841,0,0,0,0,0,1,0,0,0,0,0,0,0,0,0,0,0,1,1
39334.8211922,0,0,0,0,0,1,0,0,0,0,0,0,0,0,0,1,0,1,1
33448.2367054,0,0,0,0,0,1,0,0,0,0,0,0,0,0,0,0,0,1,0
33931.4959957,0,0,0,0,0,1,0,0,0,0,0,0,0,0,0,1,0,1,0
36578.2634989,1,0,0,0,1,0,0,0,0,0,0,1,0,0,0,0,0,1,1
37646.360812,1,0,0,0,1,0,0,0,0,0,0,1,0,0,0,1,0,1,1
28928.4176432,1,0,0,0,1,0,0,0,0,0,0,1,0,0,0,0,0,1,0
30831.997846,1,0,0,0,1,0,0,0,0,0,0,1,0,0,0,1,0,1,0
33273.4645128,1,0,0,1,1,0,0,0,0,0,0,0,0,0,0,0,0,1,1
34629.3392656,1,0,0,1,1,0,0,0,0,0,0,0,0,0,0,1,0,1,1
27508.0967306,1,0,0,1,1,0,0,0,0,0,0,0,0,0,0,0,0,1,0
28808.2726242,1,0,0,1,1,0,0,0,0,0,0,0,0,0,0,1,0,1,0
28808.2726242,1,0,0,0,1,0,0,0,0,0,0,0,0,0,0,0,1,1,1
30321.9608118,1,0,0,0,1,0,0,0,0,0,0,0,0,0,0,1,1,1,1
21241.9750575,1,0,0,0,1,0,0,0,0,0,0,0,0,0,0,0,1,1,0
22170.8252223,1,0,0,0,1,0,0,0,0,0,0,0,0,0,0,1,1,1,0
80561.7960727,1,0,0,0,1,0,0,0,1,0,0,0,0,0,0,0,0,1,1
77294.6655023,1,0,0,0,1,0,0,0,1,0,0,0,0,0,0,1,0,1,1
117471.03767,1,0,0,0,1,0,0,0,1,0,0,0,0,0,0,0,0,1,0
111836.705579,1,0,0,0,1,0,0,0,1,0,0,0,0,0,0,1,0,1,0
39974.8222315,0,0,0,0,1,0,0,0,0,0,0,0,0,0,0,0,0,1,1
39177.0077575,0,0,0,0,1,0,0,0,0,0,0,0,0,0,0,1,0,1,1
33290.4232707,0,0,0,0,1,0,0,0,0,0,0,0,0,0,0,0,0,1,0
34042.8937143,0,0,0,0,1,0,0,0,0,0,0,0,0,0,0,1,0,1,0
36801.0589362,1,0,0,0,0,0,0,1,0,0,0,1,0,0,0,0,0,1,1
37618.5113823,1,0,0,0,0,0,0,1,0,0,0,1,0,0,0,1,0,1,1
29216.195083,1,0,0,0,0,0,0,1,0,0,0,1,0,0,0,0,0,1,0
30850.5641325,1,0,0,0,0,0,0,1,0,0,0,1,0,0,0,1,0,1,0
33496.25995,1,0,0,1,0,0,0,1,0,0,0,0,0,0,0,0,0,1,1
34517.941547,1,0,0,1,0,0,0,1,0,0,0,0,0,0,0,1,0,1,1
27730.8921679,1,0,0,1,0,0,0,1,0,0,0,0,0,0,0,0,0,1,0
28557.6277573,1,0,0,1,0,0,0,1,0,0,0,0,0,0,0,1,0,1,0
28761.8569081,1,0,0,0,0,0,0,1,0,0,0,0,0,0,0,0,1,1,1
29987.7676559,1,0,0,0,0,0,0,1,0,0,0,0,0,0,0,1,1,1,1
21139.8604821,1,0,0,0,0,0,0,1,0,0,0,0,0,0,0,0,1,1,0
22319.3555138,1,0,0,0,0,0,0,1,0,0,0,0,0,0,0,1,1,1,0
80366.8500651,1,0,0,0,0,0,0,1,1,0,0,0,0,0,0,0,0,1,1
77573.1597989,1,0,0,0,0,0,0,1,1,0,0,0,0,0,0,1,0,1,1
117879.495972,1,0,0,0,0,0,0,1,1,0,0,0,0,0,0,0,0,1,0
109794.414071,1,0,0,0,0,0,0,1,1,0,0,0,0,0,0,1,0,1,0
39594.2133595,0,0,0,0,0,0,0,1,0,0,0,0,0,0,0,0,0,1,1
39130.5920414,0,0,0,0,0,0,0,1,0,0,0,0,0,0,0,1,0,1,1
33290.4232707,0,0,0,0,0,0,0,1,0,0,0,0,0,0,0,0,0,1,0
34191.4240058,0,0,0,0,0,0,0,1,0,0,0,0,0,0,0,1,0,1,0
36559.6972125,1,0,0,0,0,0,1,0,0,0,0,1,0,0,0,0,0,1,1
37664.9270984,1,0,0,0,0,0,1,0,0,0,0,1,0,0,0,1,0,1,1
29123.3636508,1,0,0,0,0,0,1,0,0,0,0,1,0,0,0,0,0,1,0
30859.8472757,1,0,0,0,0,0,1,0,0,0,0,1,0,0,0,1,0,1,0
33700.4891009,1,0,0,1,0,0,1,0,0,0,0,0,0,0,0,0,0,1,1
34601.489836,1,0,0,1,0,0,1,0,0,0,0,0,0,0,0,1,0,1,1
27647.3438789,1,0,0,1,0,0,1,0,0,0,0,0,0,0,0,0,0,1,0
28669.0254759,1,0,0,1,0,0,1,0,0,0,0,0,0,0,0,1,0,1,0
28817.5557674,1,0,0,0,0,0,1,0,0,0,0,0,0,0,0,0,1,1,1
30136.2979474,1,0,0,0,0,0,1,0,0,0,0,0,0,0,0,1,1,1,1
21381.2222058,1,0,0,0,0,0,1,0,0,0,0,0,0,0,0,0,1,1,0
22198.6746519,1,0,0,0,0,0,1,0,0,0,0,0,0,0,0,1,1,1,0
79614.9154643,1,0,0,0,0,0,1,0,1,0,0,0,0,0,0,0,0,1,1
77795.9552362,1,0,0,0,0,0,1,0,1,0,0,0,0,0,0,1,0,1,1
117526.73653,1,0,0,0,0,0,1,0,1,0,0,0,0,0,0,0,0,1,0
111094.054122,1,0,0,0,0,0,1,0,1,0,0,0,0,0,0,1,0,1,0
39770.5930807,0,0,0,0,0,0,1,0,0,0,0,0,0,0,0,0,0,1,1
39325.538049,0,0,0,0,0,0,1,0,0,0,0,0,0,0,0,1,0,1,1
33104.7604063,0,0,0,0,0,0,1,0,0,0,0,0,0,0,0,0,0,1,0
34172.8577194,0,0,0,0,0,0,1,0,0,0,0,0,0,0,0,1,0,1,0
