$<obj,$x1,$x2,$x3,$x4,$x5,$x6,$x7,$x8,$x9,$x10,$x11,$x12,$x13,$x14,$x15,$x16,$x17,$x18,$x19,$x20,$x21,$x22,$x23,$x24,$x25,$x26,$x27,$x28,$x29,$x30,$x31,$x32,$x33,$x34,$x35,$x36,$x37,$x38,$x39,$x40,$x41,$x42,$x43,$x44,$x45,$x46,$x47,$x48,$x49,$x50,$x51,$x52,$x53,$x54,$x55,$x56,$x57,$x58,$x59,$x60,$x61,$x62,$x63,$x64,$x65,$x66,$x67,$x68,$x69,$x70,$x71,$x72,$x73,$x74,$x75,$x76,$x77,$x78,$x79,$x80,$x81,$x82,$x83,$x84,$x85,$x86,$x87,$x88,$x89,$x90
2085.75264545,0,4,4,-1,3,4,2,-1,-1,3,0,1,1,3,0,2,2,5,2,0,2,3,2,3,2,1,1,-1,0,2,4,5,2,-1,-1,-1,3,1,-1,1,1,4,0,3,5,5,4,4,5,3,1,5,4,5,4,-1,2,1,0,-1,3,0,0,-1,3,3,-1,1,-1,3,0,5,-1,1,4,4,4,1,1,0,5,2,2,0,-1,1,4,-1,5,1
2121.10599267,3,5,5,2,5,4,5,4,-1,1,-1,2,2,3,1,2,2,5,-1,0,0,4,1,-1,3,0,2,0,1,4,2,3,2,0,2,3,-1,1,3,4,5,3,0,1,4,5,2,4,-1,5,1,0,2,3,4,5,-1,2,-1,1,2,1,0,3,1,4,-1,2,5,3,0,-1,1,5,0,-1,0,0,5,4,1,0,4,3,4,1,-1,-1,-1,1
2091.71107476,1,2,4,1,3,1,3,1,1,1,1,-1,2,0,4,1,0,1,5,-1,3,2,-1,4,5,2,0,4,4,2,3,3,5,0,5,-1,0,-1,2,4,4,3,-1,0,4,3,2,5,-1,-1,4,2,2,2,1,2,-1,3,-1,3,3,2,4,1,-1,0,5,4,-1,0,0,5,0,0,4,5,4,-1,-1,3,3,-1,5,1,1,5,2,0,4,-1
2022.99052341,1,4,3,0,-1,5,3,-1,4,1,2,4,-1,-1,5,1,0,4,-1,1,1,0,-1,-1,-1,3,-1,5,3,-1,4,2,1,-1,3,0,0,-1,0,4,1,5,2,3,1,4,1,2,5,-1,-1,3,5,3,5,3,2,0,1,2,-1,0,1,5,0,4,4,4,0,4,5,-1,-1,3,2,0,2,1,1,4,2,-1,3,-1,2,2,-1,0,3,0
2121.7018356,4,0,0,0,2,2,-1,5,1,0,5,5,-1,1,4,5,1,2,5,-1,5,1,3,4,3,3,-1,2,1,-1,4,4,-1,-1,5,5,2,0,0,3,1,4,4,3,3,2,1,2,4,-1,1,1,3,-1,-1,3,-1,0,0,3,4,1,3,0,4,2,0,5,4,3,1,3,3,-1,1,2,0,2,1,3,-1,1,-1,4,2,3,0,5,-1,2
2124.28382164,2,4,4,-1,1,5,4,3,3,5,1,5,3,0,2,1,-1,-1,1,4,-1,2,0,-1,5,-1,3,0,3,2,1,1,5,0,5,2,5,-1,2,-1,4,3,2,0,1,0,4,1,4,-1,3,0,3,-1,-1,5,5,0,3,3,0,-1,2,4,2,4,1,4,-1,4,5,3,2,5,3,0,1,4,2,3,1,0,4,5,5,3,2,0,-1,2
2136.99513749,3,2,1,-1,1,3,3,0,-1,1,1,0,-1,4,3,1,-1,4,-1,1,2,5,5,0,3,1,1,5,0,0,5,-1,1,0,3,2,4,-1,2,0,4,4,4,5,3,5,-1,2,2,4,0,3,1,5,3,2,-1,2,3,-1,0,0,2,-1,5,4,-1,3,0,1,-1,1,2,2,4,-1,5,2,3,0,4,0,1,0,3,1,2,4,-1,-1
2132.22839404,3,-1,5,3,1,0,4,2,4,-1,0,2,5,0,5,-1,4,2,4,1,-1,1,0,3,1,5,1,-1,5,0,2,3,3,5,-1,1,0,3,1,4,2,-1,3,1,-1,3,1,4,-1,0,3,-1,5,4,2,4,4,3,3,2,-1,2,1,0,-1,2,0,3,2,5,5,2,0,5,5,1,-1,2,4,3,1,4,4,5,2,4,5,0,3,0
2028.94895272,2,5,0,-1,5,-1,1,0,-1,3,1,1,4,2,4,1,2,5,1,4,2,0,5,2,4,0,3,2,4,-1,1,0,0,4,5,1,-1,0,3,4,1,2,1,-1,3,2,2,0,-1,3,-1,5,5,0,4,0,1,-1,-1,2,1,3,1,4,4,-1,2,-1,3,4,5,-1,-1,1,-1,3,-1,3,3,5,4,0,5,4,-1,4,2,5,3,5
2150.30229628,2,2,5,2,3,0,2,2,1,-1,4,3,4,5,0,5,4,2,3,2,-1,5,3,0,1,0,3,0,0,4,4,1,2,3,-1,2,0,-1,0,-1,1,4,3,0,1,-1,0,-1,4,4,1,-1,3,1,2,3,-1,1,-1,3,2,-1,2,5,1,1,4,5,-1,5,1,1,5,3,-1,2,5,0,4,0,5,4,4,1,5,-1,4,3,-1,0
2033.11985324,1,5,0,5,1,0,-1,4,2,-1,3,4,0,1,3,2,3,2,2,1,4,0,2,2,1,4,2,4,0,5,-1,-1,0,-1,3,1,-1,0,5,3,4,-1,2,0,5,-1,1,3,3,-1,4,1,4,5,1,1,0,1,-1,3,4,2,4,5,4,0,5,-1,-1,5,2,3,3,4,-1,5,2,-1,3,-1,1,3,3,3,0,4,-1,4,-1,1
1958.44087259,3,4,5,1,4,1,5,2,5,4,4,2,-1,3,3,1,2,1,0,-1,-1,-1,-1,4,-1,0,2,1,0,0,0,3,3,-1,0,4,2,3,5,-1,1,3,-1,2,5,0,-1,2,4,5,3,1,0,-1,3,4,4,2,4,5,1,0,-1,0,-1,3,-1,0,-1,-1,2,1,3,-1,1,2,-1,-1,5,5,0,2,-1,3,5,-1,2,-1,2,-1
2036.69491082,4,1,5,0,1,2,1,2,3,5,4,1,3,4,3,1,4,5,3,-1,2,0,-1,1,1,4,5,5,5,-1,4,2,1,0,0,-1,5,0,4,3,4,2,1,2,2,0,3,4,-1,5,-1,4,2,3,0,3,-1,1,0,-1,-1,1,3,3,4,0,-1,3,-1,5,4,5,1,-1,5,-1,4,2,1,-1,3,2,3,0,0,2,2,-1,0,5
2142.9535668,4,4,2,0,4,3,2,2,2,1,1,-1,-1,2,0,-1,-1,3,1,0,4,0,4,5,4,5,3,5,2,1,-1,3,3,2,-1,0,-1,-1,3,3,1,5,2,4,1,0,4,3,1,-1,2,2,0,3,4,1,5,1,4,0,1,2,0,-1,5,5,4,0,0,-1,4,2,-1,4,3,3,1,3,0,0,1,0,3,-1,5,0,-1,5,-1,-1
1988.03440481,4,-1,0,-1,-1,2,-1,3,3,-1,3,-1,3,-1,0,-1,0,1,5,2,1,1,5,1,-1,0,5,0,2,4,1,-1,0,-1,4,4,1,4,3,3,5,0,0,1,-1,1,2,-1,3,4,4,0,2,-1,4,2,-1,2,5,4,5,4,-1,3,4,3,5,2,0,2,3,-1,2,4,0,-1,2,0,2,1,3,1,2,1,4,5,2,3,-1,5
2033.31846755,1,2,4,5,4,0,3,5,-1,0,2,3,1,1,3,5,-1,4,3,5,5,4,2,4,1,4,0,4,1,4,1,5,-1,5,5,4,-1,3,-1,0,1,5,0,4,2,-1,-1,0,3,-1,1,-1,0,1,2,2,2,4,0,3,1,5,-1,-1,0,2,3,-1,3,5,2,0,2,3,-1,2,1,0,3,-1,5,4,5,-1,-1,4,3,-1,0,1
2115.7434063,1,-1,3,0,2,1,-1,0,1,-1,4,3,3,0,3,5,2,5,2,0,2,4,1,-1,1,5,3,-1,1,4,4,3,2,-1,-1,0,3,2,1,1,3,3,5,0,4,4,-1,4,4,2,4,5,4,5,0,3,5,0,2,2,3,4,1,-1,2,-1,-1,0,-1,2,5,1,5,2,0,0,-1,3,2,5,-1,0,2,1,0,0,-1,1,4,3
2057.94664202,1,1,1,4,4,4,3,5,-1,4,1,3,-1,-1,-1,2,0,2,4,5,3,5,2,4,5,-1,3,-1,4,-1,-1,4,4,1,0,0,5,5,5,3,2,3,-1,-1,0,-1,-1,0,-1,3,-1,0,0,2,0,4,0,2,5,4,5,0,2,-1,4,3,0,1,2,2,2,-1,1,-1,3,4,-1,0,2,2,2,1,1,3,1,0,1,0,-1,1
2104.42239061,3,2,-1,2,1,4,2,-1,1,5,3,1,2,0,3,0,4,-1,1,3,0,4,2,2,2,3,3,4,2,0,4,3,-1,-1,-1,3,3,-1,4,-1,0,2,0,4,4,5,5,1,1,0,2,4,4,5,2,1,1,0,1,4,3,2,3,-1,-1,-1,2,-1,0,1,5,0,1,5,0,5,4,-1,3,-1,-1,0,-1,4,1,4,5,3,3,5
2169.17065575,0,2,-1,4,2,-1,1,4,1,3,3,0,3,-1,4,5,3,5,4,2,2,0,4,4,-1,1,2,2,0,5,3,5,1,0,5,1,1,1,3,3,4,5,0,0,-1,5,0,5,4,0,0,0,-1,0,3,4,-1,-1,5,2,-1,1,1,1,3,2,2,3,4,2,3,5,5,5,1,5,2,2,1,2,4,3,-1,0,1,3,-1,3,4,-1
2141.36465232,-1,4,3,-1,5,1,0,2,2,5,-1,4,-1,-1,0,-1,0,0,1,5,3,1,0,2,4,3,0,2,3,3,5,3,2,5,1,0,1,-1,4,1,4,0,3,2,-1,4,5,-1,1,4,5,3,4,5,4,5,0,1,2,4,-1,1,1,2,-1,-1,4,2,-1,1,3,0,1,5,0,0,5,2,1,3,1,3,2,-1,3,4,2,3,2,5
2089.32770303,5,3,0,5,0,4,4,-1,5,1,1,0,0,2,3,5,4,4,3,1,5,2,4,0,-1,2,5,1,5,-1,1,-1,2,3,0,0,4,-1,1,3,1,4,3,0,1,-1,4,3,-1,-1,5,2,2,5,-1,4,-1,2,3,4,-1,2,2,4,3,-1,3,1,0,3,-1,2,2,5,3,1,0,0,3,5,0,0,4,2,5,0,-1,3,4,-1
2085.75264545,5,0,3,4,-1,-1,-1,0,-1,1,1,0,3,4,-1,1,2,2,3,1,-1,4,3,-1,1,2,-1,-1,-1,2,0,3,-1,2,5,5,4,3,5,0,0,4,5,5,0,2,3,2,1,0,1,1,4,-1,2,5,5,0,5,0,4,-1,2,5,4,2,3,4,3,1,5,4,3,0,3,4,2,2,0,4,1,5,5,3,3,2,0,0,4,-1
2091.71107476,-1,3,0,3,4,-1,4,4,1,2,4,3,5,2,2,3,-1,5,-1,-1,-1,0,0,1,3,1,3,2,0,2,1,2,0,5,1,2,-1,-1,-1,3,-1,1,5,3,4,0,3,0,-1,4,1,5,4,2,5,2,1,-1,2,3,0,4,2,5,0,2,0,1,5,1,3,1,-1,-1,5,4,4,3,-1,-1,5,0,1,4,3,2,-1,5,0,4
2080.19144476,-1,5,-1,3,1,-1,0,3,1,-1,2,0,3,5,5,-1,4,0,4,-1,-1,3,3,3,3,5,1,2,4,2,-1,5,4,1,-1,5,-1,5,4,0,2,2,-1,-1,1,5,-1,3,-1,-1,2,0,-1,0,1,5,0,3,4,0,2,0,3,-1,1,2,2,3,3,0,2,3,4,4,0,2,0,0,2,4,3,4,3,2,1,1,-1,4,1,4
2130.44086525,5,0,-1,3,5,3,5,2,-1,3,0,1,4,1,4,4,-1,4,2,1,4,4,3,5,1,1,4,3,-1,-1,2,3,2,2,3,1,1,2,4,5,2,1,3,1,0,3,1,4,0,2,0,2,-1,-1,5,4,-1,4,-1,0,0,3,5,1,-1,3,1,2,0,3,4,0,-1,5,4,0,2,1,1,-1,3,-1,0,4,0,-1,5,0,5,-1
1949.90045725,1,1,0,-1,2,2,1,-1,2,-1,4,-1,1,3,5,4,3,-1,4,-1,4,3,1,5,2,3,2,0,-1,5,0,4,-1,-1,3,0,2,2,2,5,5,4,4,5,-1,5,-1,1,-1,0,4,3,5,0,0,4,1,4,3,5,-1,4,0,-1,2,2,1,-1,-1,0,4,3,-1,0,0,0,4,5,5,-1,2,3,5,3,2,3,1,-1,3,3
2197.96973073,0,2,0,0,0,-1,2,3,4,2,1,4,1,1,0,2,0,0,1,4,3,2,3,1,3,-1,4,5,0,-1,1,-1,5,-1,5,2,5,-1,-1,-1,3,3,5,5,1,3,3,5,3,4,0,0,1,-1,2,0,4,2,4,1,1,4,-1,5,2,0,-1,2,1,2,4,0,-1,4,5,2,4,-1,2,5,1,5,2,1,5,4,3,3,-1,4
2062.91199977,4,4,-1,5,4,3,5,1,4,3,2,2,0,5,1,1,5,5,0,2,1,3,3,0,0,0,-1,2,4,3,4,4,-1,4,1,5,3,1,5,1,0,1,-1,2,2,2,5,3,2,-1,2,-1,-1,0,2,-1,5,3,4,-1,0,-1,5,2,1,0,3,0,4,3,2,1,3,2,1,-1,4,1,1,5,-1,3,5,4,0,4,-1,5,-1,3
2089.72493165,5,3,2,4,3,2,-1,1,5,0,0,-1,1,1,3,0,4,2,1,5,-1,3,4,5,3,5,0,-1,2,1,4,2,2,5,0,5,-1,-1,0,2,-1,4,5,-1,2,5,3,1,-1,5,3,-1,3,4,3,3,3,1,3,1,4,-1,5,-1,0,2,0,0,2,4,0,2,0,4,2,-1,4,1,0,2,5,0,0,-1,-1,1,4,1,-1,2
2084.16373097,0,1,-1,-1,3,0,4,3,3,-1,4,0,2,-1,3,5,-1,1,0,2,0,1,2,-1,5,3,-1,2,2,4,1,-1,-1,3,4,3,5,-1,-1,0,3,1,-1,3,5,3,1,4,5,4,0,-1,2,3,2,1,-1,2,0,4,5,4,-1,0,0,0,-1,5,5,4,2,0,4,1,4,1,0,0,5,3,2,2,4,1,-1,1,2,5,2,3
2156.26072558,3,4,-1,4,4,-1,1,2,-1,5,2,1,2,5,0,5,3,4,0,4,4,4,5,3,1,1,1,5,3,5,-1,-1,3,-1,4,2,5,1,-1,4,2,-1,0,2,0,5,-1,4,2,5,0,3,0,4,1,2,2,3,0,2,5,3,3,1,0,-1,5,2,1,0,3,1,-1,0,1,0,4,3,3,3,4,0,2,2,5,2,3,0,-1,3
2105.81269078,-1,4,-1,2,-1,3,1,2,3,2,-1,2,5,5,4,4,3,5,2,3,2,0,2,-1,0,2,5,-1,1,1,-1,0,5,1,5,2,1,3,4,4,-1,3,-1,3,5,3,1,5,5,1,0,4,4,4,-1,1,0,3,0,5,3,0,-1,5,2,5,5,1,2,4,0,4,0,1,0,3,1,4,2,-1,0,2,0,1,2,0,4,0,-1,3
2105.01823354,1,4,4,2,3,-1,-1,0,0,5,1,1,1,3,0,1,4,3,4,1,2,3,-1,1,1,5,0,4,3,1,5,1,-1,0,-1,5,0,-1,3,5,0,-1,5,0,-1,1,1,-1,4,2,3,4,2,-1,2,4,5,5,5,2,4,1,2,-1,4,3,0,-1,5,4,3,3,5,0,4,3,3,4,0,0,5,1,5,0,-1,-1,2,2,2,-1
2003.12909239,5,5,-1,0,5,3,2,3,-1,2,3,3,2,0,-1,2,4,4,-1,-1,3,-1,5,1,-1,4,2,3,-1,4,1,4,3,5,1,3,4,-1,3,-1,0,0,1,3,0,1,-1,2,-1,-1,3,5,-1,-1,0,5,0,1,4,2,5,2,1,-1,3,2,4,1,3,-1,0,0,2,2,2,-1,0,4,1,0,0,3,2,-1,5,1,1,2,5,-1
2096.08058958,4,4,0,0,1,4,-1,0,0,4,1,5,-1,4,4,3,0,5,-1,2,2,3,5,1,0,0,3,-1,-1,2,1,-1,4,1,3,4,2,0,3,1,5,3,3,5,4,2,1,0,-1,4,1,5,5,3,-1,2,5,1,5,-1,3,5,2,0,2,3,-1,2,1,5,1,4,-1,5,2,4,-1,4,1,2,0,2,4,1,2,-1,0,5,0,3
2090.5193889,1,1,-1,2,3,0,5,5,4,0,1,5,3,-1,0,3,1,0,4,4,-1,0,5,5,0,3,1,4,-1,4,2,5,-1,2,2,-1,5,0,0,1,-1,3,4,2,-1,3,4,4,0,-1,1,2,-1,1,2,5,-1,4,-1,1,4,5,5,2,3,4,3,3,-1,0,3,1,2,2,3,5,3,4,3,4,1,2,0,1,2,1,0,-1,5,-1
2041.85888289,3,5,4,0,0,1,-1,-1,-1,2,3,-1,5,2,4,0,3,5,2,-1,3,2,0,0,2,3,3,1,2,4,2,4,5,4,0,3,5,5,4,1,1,-1,0,-1,0,0,2,-1,0,5,4,4,3,2,-1,-1,3,-1,-1,3,-1,0,0,3,4,-1,-1,2,5,5,5,5,-1,4,2,4,0,2,3,3,3,1,1,1,-1,1,5,-1,2,1
2054.96742736,1,5,2,1,4,2,-1,5,-1,4,4,0,0,3,3,2,1,-1,1,5,-1,4,5,3,0,4,-1,5,0,1,-1,3,5,0,-1,4,4,3,1,0,5,4,-1,5,-1,5,-1,5,1,2,1,3,2,-1,2,3,3,1,1,-1,3,3,5,0,2,2,2,2,0,0,-1,4,0,1,1,1,5,0,-1,4,5,1,2,3,4,4,0,3,-1,2
2194.79190177,3,3,2,4,3,4,1,2,5,5,0,0,5,-1,-1,4,0,0,-1,0,2,2,1,1,5,4,4,5,4,2,1,4,1,3,-1,2,2,1,3,0,5,3,-1,1,2,4,0,1,4,5,3,2,-1,-1,0,0,3,0,3,0,0,4,1,4,2,3,1,-1,3,-1,5,5,0,5,-1,-1,2,5,0,4,0,2,4,1,-1,1,2,4,5,-1
1977.30923206,2,2,5,0,3,-1,5,4,1,4,0,-1,1,-1,4,4,3,0,5,0,3,3,-1,0,0,3,5,-1,3,3,-1,3,2,1,-1,2,2,0,4,-1,4,2,0,2,1,1,2,1,-1,5,-1,3,1,2,2,-1,-1,-1,-1,4,4,-1,-1,5,4,5,4,-1,1,5,3,0,5,0,4,4,2,4,1,3,5,3,4,0,-1,2,0,2,-1,3
2032.52401031,4,5,1,-1,5,4,-1,2,-1,5,3,4,1,4,0,0,4,2,-1,4,4,-1,1,-1,3,0,4,0,4,4,-1,5,4,2,1,0,2,3,3,-1,4,5,2,4,-1,1,3,4,1,-1,3,2,2,5,4,2,-1,5,5,2,0,2,3,1,-1,3,3,5,0,-1,3,2,0,1,5,0,3,1,3,2,-1,5,0,-1,0,1,-1,5,1,2
1961.42008724,5,1,-1,4,3,0,5,2,-1,1,-1,0,1,-1,2,-1,1,1,3,4,-1,1,3,-1,3,0,0,0,2,2,2,4,1,2,5,4,-1,-1,1,4,1,2,0,3,-1,4,-1,0,3,0,4,5,-1,5,2,4,5,3,2,5,-1,3,5,5,3,-1,3,2,-1,1,0,-1,4,5,2,4,5,3,-1,3,4,3,-1,2,0,4,2,3,-1,1
2097.47088975,1,0,5,1,4,3,-1,0,0,3,2,1,4,0,1,-1,4,1,0,4,4,2,4,-1,4,1,0,4,-1,2,-1,1,3,5,3,1,2,0,0,4,3,1,1,2,3,2,1,-1,3,-1,0,2,4,-1,3,-1,5,0,5,4,0,5,5,2,4,5,1,5,0,-1,2,2,3,4,5,-1,1,-1,5,1,2,5,3,4,2,3,-1,-1,-1,3
2044.63948323,1,4,2,3,4,2,4,-1,1,0,-1,-1,2,1,1,-1,4,-1,2,2,5,2,0,-1,0,-1,5,4,1,-1,3,5,-1,1,3,4,2,2,-1,3,0,2,3,-1,-1,1,5,3,3,-1,1,0,3,4,0,-1,1,0,5,-1,4,1,2,3,5,2,2,3,3,0,-1,4,1,-1,-1,4,3,4,4,1,1,3,0,0,2,5,5,5,4,-1
2134.61176577,-1,0,-1,3,3,3,5,4,2,5,4,-1,4,1,1,5,-1,4,-1,4,4,-1,5,1,1,4,3,5,5,4,0,1,4,2,3,1,1,4,2,5,-1,3,4,5,3,2,2,-1,0,0,0,1,-1,2,0,2,-1,-1,3,2,0,2,-1,2,5,1,0,5,5,4,2,0,0,3,0,4,4,3,1,3,1,3,2,5,-1,1,-1,1,-1,3
2143.35079542,4,0,3,2,2,5,-1,1,3,-1,5,0,1,1,3,4,-1,3,0,0,0,4,2,2,1,3,5,-1,1,2,2,-1,1,5,-1,1,5,4,0,2,-1,2,5,0,1,2,5,3,0,1,-1,4,4,-1,0,3,2,-1,3,4,-1,4,3,5,5,-1,-1,3,2,1,0,5,4,4,1,0,4,1,2,3,1,1,0,3,4,5,0,5,4,3
1946.52401397,3,0,3,1,0,-1,1,1,-1,4,0,5,3,5,0,4,5,-1,2,-1,0,-1,2,3,2,0,4,3,-1,5,-1,5,5,4,-1,4,5,2,2,4,1,1,5,0,0,-1,-1,4,3,0,-1,2,1,3,-1,1,4,0,-1,1,3,4,3,4,-1,-1,-1,1,1,-1,-1,1,2,2,5,5,5,3,2,-1,2,4,4,-1,3,3,0,-1,4,1
2211.87273245,1,-1,5,-1,1,-1,3,3,2,2,1,5,0,2,4,3,5,0,2,0,3,4,2,1,3,-1,-1,0,0,3,5,2,5,4,2,1,5,4,-1,5,2,2,1,2,3,-1,5,4,5,-1,2,1,4,-1,0,0,4,3,0,0,3,-1,3,1,3,4,3,-1,3,0,4,-1,1,0,0,1,4,5,3,3,1,4,4,0,5,1,0,4,-1,2
2109.58636268,1,0,0,5,5,4,3,-1,-1,4,4,5,0,1,0,0,3,2,2,4,3,0,1,1,2,3,0,-1,-1,5,2,3,4,-1,2,-1,1,3,4,2,3,2,0,1,-1,3,4,-1,5,1,1,4,-1,5,2,2,5,5,2,4,0,-1,1,1,0,3,4,2,4,4,3,-1,-1,1,0,-1,0,2,-1,5,-1,0,1,-1,3,4,4,1,2,3
2122.29767853,0,0,4,2,-1,2,3,4,3,-1,0,1,4,1,5,0,1,-1,1,0,-1,5,2,-1,1,4,-1,0,1,1,0,2,0,5,-1,4,-1,5,5,3,2,-1,3,4,2,3,5,1,4,3,4,4,2,4,2,-1,1,0,4,-1,-1,3,-1,3,-1,1,5,3,2,2,5,5,2,0,3,1,0,3,2,3,1,0,3,0,4,2,-1,0,-1,2
2084.7595739,-1,5,5,3,3,4,-1,1,4,0,2,3,5,-1,-1,0,1,-1,0,3,3,-1,4,2,2,-1,5,-1,3,4,5,5,-1,3,1,3,-1,1,2,4,1,2,5,-1,5,2,2,1,0,1,-1,0,0,3,1,-1,1,4,1,0,5,2,4,0,5,-1,4,3,0,2,4,2,-1,0,0,-1,1,4,1,1,-1,4,3,3,0,4,2,5,2,3
2048.21454081,4,5,2,5,0,5,0,1,-1,3,2,4,-1,3,-1,3,4,3,4,-1,0,0,-1,3,3,2,-1,1,-1,-1,-1,-1,2,1,-1,5,3,1,4,2,5,4,1,2,-1,0,5,1,1,2,5,5,0,1,4,-1,0,2,3,1,-1,2,5,1,4,4,1,2,3,0,4,2,5,-1,3,2,-1,4,0,2,0,3,2,4,0,4,0,5,5,2
2088.93047441,0,4,-1,4,5,1,1,3,3,5,4,1,1,5,4,-1,3,0,-1,0,5,0,0,0,-1,0,2,3,4,2,2,2,3,2,4,0,4,-1,4,2,2,1,2,5,3,-1,-1,4,3,3,0,3,2,-1,3,5,-1,1,-1,-1,4,2,-1,0,1,1,4,3,5,0,5,4,2,5,5,1,4,-1,-1,-1,2,1,-1,0,1,5,5,3,2,0
2102.2376332,-1,3,4,4,4,1,2,5,-1,2,-1,1,2,4,4,2,2,0,2,0,4,-1,3,0,2,0,-1,3,2,0,3,-1,1,1,1,5,5,1,-1,4,3,3,-1,2,2,0,3,3,0,-1,2,3,5,4,1,5,5,5,5,1,4,3,4,3,0,0,4,3,5,4,5,0,-1,2,1,0,5,1,5,2,1,-1,0,0,4,2,-1,5,-1,1
2201.1475597,5,5,3,5,0,4,2,0,0,1,3,1,3,5,2,-1,5,2,3,1,4,-1,3,1,2,2,-1,0,1,4,0,0,1,4,4,4,-1,5,2,4,-1,3,2,0,4,0,0,2,-1,-1,3,0,5,5,2,-1,2,3,1,1,-1,-1,0,1,-1,3,1,4,1,1,5,3,4,-1,4,0,0,-1,1,2,5,-1,2,4,4,2,-1,5,3,1
2029.54479565,1,4,2,3,1,0,0,2,0,2,2,5,-1,-1,1,-1,0,0,-1,-1,4,1,4,1,4,3,2,4,4,2,1,3,3,-1,1,-1,5,0,3,1,5,2,-1,1,-1,3,0,0,-1,5,1,5,0,1,1,-1,-1,0,4,0,5,4,4,4,-1,1,4,3,5,0,0,2,4,-1,3,2,-1,3,-1,3,3,-1,-1,2,5,-1,-1,3,-1,4
2131.03670818,2,0,2,1,2,0,-1,3,3,2,-1,1,4,2,-1,5,3,2,2,5,-1,2,1,4,4,5,2,5,4,-1,4,1,2,0,-1,3,4,1,4,-1,2,3,5,-1,0,1,3,1,4,-1,4,0,3,2,0,1,3,5,1,2,0,-1,3,5,5,3,1,5,-1,0,5,0,-1,0,-1,0,4,3,0,0,3,1,5,4,1,3,5,3,4,5
2126.07135043,5,5,2,4,-1,4,2,4,0,1,3,0,1,-1,1,2,3,-1,2,-1,4,0,1,5,0,3,3,1,3,-1,0,5,-1,4,2,-1,2,4,1,0,0,5,2,1,4,3,1,1,5,0,1,3,-1,-1,-1,0,4,3,0,5,-1,4,3,0,4,3,3,5,5,2,4,1,2,5,-1,0,0,-1,3,1,5,5,3,2,1,1,2,3,5,-1
2111.17527716,5,1,4,-1,4,-1,2,4,3,3,4,2,0,-1,1,5,2,4,1,3,1,4,1,5,0,5,5,-1,4,2,3,1,-1,5,3,2,3,-1,0,-1,0,2,3,5,-1,2,0,4,4,5,2,-1,0,1,-1,3,0,5,0,-1,2,1,1,2,0,2,5,1,4,0,5,3,1,1,1,5,5,-1,3,4,5,-1,3,1,-1,3,0,4,0,0
2073.83578684,1,2,-1,-1,1,1,-1,2,4,-1,0,3,5,-1,-1,0,2,3,3,1,4,2,-1,5,5,-1,2,-1,3,4,3,-1,3,-1,2,4,0,5,3,0,4,1,0,1,2,1,4,-1,2,1,-1,4,5,0,0,5,0,-1,0,1,1,4,4,4,1,0,0,3,2,2,4,3,3,4,1,-1,5,-1,2,3,5,3,0,5,4,2,-1,-1,-1,3
2127.26303629,2,-1,4,1,1,0,5,1,4,5,0,2,2,5,1,2,2,4,0,2,3,0,5,0,5,5,1,-1,3,0,4,1,0,4,-1,-1,0,4,0,2,3,2,-1,3,1,2,1,1,1,3,4,3,3,0,4,-1,5,3,-1,3,-1,-1,4,2,-1,2,5,2,5,-1,3,-1,5,1,3,5,1,1,0,0,5,3,1,-1,0,4,4,5,4,2
2078.40391597,0,4,5,0,3,-1,3,-1,4,-1,0,5,1,3,2,-1,2,4,5,0,-1,5,-1,1,0,0,1,5,1,5,4,5,-1,1,4,2,5,5,3,1,4,1,2,-1,-1,5,4,0,-1,-1,2,0,3,4,4,3,3,0,0,2,0,4,2,2,2,0,3,3,5,1,4,1,2,5,-1,-1,4,2,2,3,0,1,-1,2,1,2,1,-1,3,-1
2122.09906422,3,4,2,0,4,5,1,1,1,2,0,1,4,-1,3,2,1,3,0,5,-1,0,1,0,-1,2,3,-1,3,4,1,2,4,3,2,1,2,5,5,3,1,-1,2,4,4,-1,-1,0,-1,5,-1,5,0,3,3,3,5,-1,2,4,0,0,-1,5,3,4,1,2,0,2,-1,4,1,-1,0,0,-1,4,-1,5,1,1,5,3,0,0,4,2,-1,2
2022.19606617,2,3,0,-1,-1,1,4,0,-1,1,-1,0,-1,0,4,3,-1,0,-1,4,0,4,4,-1,5,1,-1,5,-1,2,5,1,1,4,-1,2,2,0,4,-1,0,5,3,1,2,2,1,5,1,3,-1,5,0,2,3,5,2,-1,0,2,4,5,2,5,4,-1,5,3,-1,4,4,3,-1,3,1,2,0,-1,1,2,1,1,0,1,5,4,0,5,-1,-1
2112.36696302,0,1,0,0,4,2,-1,3,3,1,4,5,-1,3,5,0,0,2,-1,5,1,-1,3,4,-1,5,2,4,3,1,1,0,5,0,2,4,2,-1,4,4,-1,2,-1,1,3,0,-1,4,2,2,0,3,4,2,-1,-1,3,5,1,3,0,1,-1,5,5,-1,2,1,4,5,5,3,-1,3,3,4,5,0,4,1,-1,1,1,4,1,3,5,1,2,0
2123.48936439,2,0,4,4,5,3,1,4,-1,0,2,2,-1,4,5,-1,-1,5,-1,3,3,5,0,1,0,-1,5,4,-1,5,5,-1,3,-1,1,-1,5,0,-1,0,1,2,4,2,2,4,0,4,3,0,2,3,3,4,0,3,5,-1,2,3,0,2,4,2,3,1,1,-1,1,2,5,3,1,3,0,1,2,0,2,3,4,2,5,3,1,-1,4,4,-1,1
2199.3600309,0,-1,1,1,5,-1,2,0,5,0,3,5,5,-1,1,2,4,0,1,4,5,5,4,1,2,1,2,4,0,0,4,3,3,-1,4,5,2,3,-1,3,2,-1,-1,1,1,1,2,3,4,4,-1,0,4,2,3,2,0,0,0,0,0,2,3,-1,3,4,5,-1,1,1,-1,3,5,3,2,1,1,5,5,0,4,2,4,0,3,-1,-1,4,2,5
2046.0297834,5,4,3,-1,2,5,4,-1,5,2,4,-1,-1,1,-1,4,3,-1,3,-1,-1,2,-1,0,0,-1,0,1,3,5,4,2,5,2,3,3,4,5,1,0,3,-1,2,1,-1,0,4,5,3,4,5,1,5,2,2,3,-1,4,0,2,0,3,3,4,4,2,5,-1,-1,3,0,4,1,1,0,0,2,1,-1,3,2,-1,0,1,5,0,3,0,5,5
2069.86350063,1,-1,-1,3,4,-1,1,5,5,3,-1,-1,4,2,2,-1,3,2,1,4,2,4,5,5,2,5,2,5,4,0,-1,5,-1,1,2,0,0,-1,2,3,2,3,3,0,0,5,0,-1,-1,5,1,1,2,2,-1,2,3,3,4,5,0,0,-1,4,-1,1,4,4,1,5,1,3,0,5,1,-1,0,-1,1,3,0,3,4,3,4,3,0,0,2,4
1992.60253395,1,4,-1,4,0,2,2,4,-1,-1,1,5,0,-1,-1,4,4,1,1,-1,-1,3,0,-1,3,2,-1,2,3,0,5,1,3,5,4,1,2,-1,-1,4,0,3,5,4,2,0,0,-1,-1,4,2,1,2,1,3,5,4,2,5,5,1,1,0,2,-1,3,0,3,-1,-1,0,0,4,1,5,4,3,0,-1,-1,3,1,1,3,0,-1,2,-1,-1,4
2063.70645701,2,-1,-1,1,4,4,5,4,3,3,0,4,4,2,1,0,5,4,-1,3,-1,3,-1,3,-1,3,1,5,0,5,4,0,1,-1,-1,5,4,2,2,-1,1,0,0,3,3,2,2,-1,-1,3,0,4,-1,2,1,0,0,1,5,3,2,-1,4,-1,-1,-1,5,-1,1,4,3,0,0,-1,4,1,4,2,3,5,2,3,1,2,1,2,2,1,0,5
1957.24918673,4,4,1,3,5,-1,2,-1,0,4,2,1,-1,-1,3,5,2,2,1,1,3,-1,0,4,2,-1,-1,0,1,2,5,4,2,-1,1,-1,0,2,0,3,2,-1,-1,3,-1,0,2,5,1,-1,4,5,3,0,5,1,3,0,-1,4,3,1,5,-1,3,3,0,5,0,3,-1,2,-1,4,-1,4,4,2,1,-1,-1,5,2,1,4,1,4,2,1,3
2135.2076087,2,1,5,4,-1,5,2,2,4,3,0,2,1,2,0,3,1,1,5,2,4,-1,-1,3,0,1,0,0,4,5,3,2,2,3,5,0,2,-1,4,3,5,2,0,-1,4,4,0,3,0,-1,-1,1,-1,5,4,1,1,0,1,-1,1,3,1,4,2,2,4,0,-1,-1,5,3,1,0,0,-1,3,3,4,3,5,4,5,-1,4,0,-1,5,-1,1
2080.78728769,3,0,4,1,5,3,5,3,0,2,0,5,2,3,0,3,-1,1,4,2,4,-1,0,3,-1,0,1,5,-1,3,1,2,2,4,2,5,4,1,4,2,1,0,4,5,5,0,0,5,5,3,1,-1,-1,5,-1,0,1,4,3,0,0,4,2,2,3,2,1,2,3,-1,4,-1,4,2,1,4,0,1,1,-1,-1,-1,-1,-1,3,3,1,4,5,-1
2018.02516566,4,2,4,0,-1,4,3,0,2,-1,1,2,2,4,0,-1,0,3,2,4,4,1,5,3,1,4,2,-1,2,-1,0,0,5,3,1,-1,-1,-1,3,1,4,5,-1,0,4,2,5,4,4,5,3,-1,1,1,-1,0,1,-1,3,-1,0,2,0,1,-1,3,4,2,3,0,2,5,-1,1,5,4,3,5,2,4,5,-1,4,1,5,-1,1,0,3,-1
2089.92354596,0,3,-1,3,-1,1,1,0,5,4,-1,1,-1,1,2,0,1,1,2,3,2,1,3,5,1,3,2,0,0,4,5,2,-1,5,4,4,4,4,5,0,1,2,3,1,5,4,-1,-1,-1,0,3,-1,0,2,3,3,0,3,5,-1,5,1,-1,0,5,5,0,5,2,3,2,-1,2,2,3,3,0,0,4,2,5,2,-1,4,-1,3,1,4,-1,1
2117.13370647,-1,3,5,0,-1,-1,5,1,2,2,5,4,4,5,-1,4,2,4,3,5,-1,2,4,1,1,3,1,5,4,5,2,1,4,1,0,1,0,4,1,5,0,-1,4,2,0,2,0,3,-1,2,3,5,0,3,2,1,3,2,3,2,4,4,3,2,1,0,-1,2,4,0,1,1,4,0,3,0,3,3,4,-1,1,-1,0,-1,5,3,0,-1,-1,-1
2141.36465232,3,4,4,2,1,2,4,2,-1,-1,0,0,4,1,2,4,1,3,2,0,3,-1,2,0,5,1,5,5,5,3,5,3,0,1,-1,4,-1,5,-1,2,5,1,1,1,3,0,-1,0,0,4,3,1,5,-1,0,4,3,0,4,4,5,0,3,-1,2,3,2,1,3,5,-1,0,2,4,4,5,2,5,1,-1,2,0,0,3,2,1,3,5,4,1
2098.86118993,-1,0,2,3,3,3,1,4,3,5,5,1,3,1,1,1,3,2,-1,-1,-1,4,0,-1,2,0,1,0,-1,-1,5,3,-1,-1,4,2,4,-1,5,4,4,2,5,5,4,-1,2,1,1,4,3,2,2,3,2,-1,4,0,3,4,0,3,3,-1,5,4,0,1,1,4,-1,1,0,1,4,-1,0,-1,0,-1,5,2,2,0,1,-1,-1,2,0,0
2157.65102576,4,1,5,1,2,1,-1,4,2,5,0,2,4,1,0,-1,3,5,1,0,4,0,0,5,3,0,0,1,0,2,3,5,-1,2,1,4,4,4,-1,-1,5,-1,1,1,5,-1,-1,0,5,4,1,1,-1,5,0,2,3,0,5,0,-1,-1,2,-1,2,3,-1,4,3,3,5,3,3,3,2,4,0,4,2,2,0,2,4,4,5,0,4,3,1,3
2122.69490715,3,-1,0,-1,4,2,-1,4,3,-1,5,0,-1,5,0,5,5,2,-1,1,0,4,1,2,4,5,-1,-1,3,1,5,4,5,0,2,3,3,0,4,2,3,3,4,2,1,2,4,5,5,3,2,1,0,1,3,5,1,0,0,0,5,-1,1,4,4,2,4,1,-1,2,1,-1,1,1,-1,0,4,0,2,2,2,3,0,3,3,4,-1,0,5,-1
2177.31384247,2,3,4,3,3,-1,0,4,1,-1,-1,2,3,1,1,1,2,2,1,2,0,5,-1,-1,3,2,4,0,2,-1,1,0,0,0,5,4,2,4,4,2,5,5,-1,1,2,-1,3,4,-1,3,1,0,0,-1,1,4,3,5,0,4,0,2,3,0,2,3,3,4,-1,4,5,4,3,5,4,3,5,2,-1,5,5,1,-1,0,5,0,-1,1,-1,1
2117.53093509,2,0,-1,3,2,1,4,0,-1,-1,2,-1,-1,3,2,0,5,1,4,4,3,0,5,5,4,3,1,1,5,4,-1,1,5,1,3,0,3,1,-1,2,-1,2,1,2,1,3,1,3,4,-1,-1,-1,5,4,3,3,2,-1,0,4,-1,4,3,4,0,5,0,4,1,4,5,0,2,0,0,2,5,2,5,2,0,3,0,4,-1,1,5,5,0,1
2110.38081992,5,1,-1,1,1,-1,5,-1,-1,-1,-1,2,-1,4,0,1,1,5,3,0,4,-1,-1,0,0,4,0,2,5,3,2,0,2,3,1,1,-1,3,1,2,5,4,4,1,1,0,5,0,2,-1,5,1,-1,4,3,-1,0,0,-1,5,0,1,-1,0,3,4,2,2,-1,1,4,2,4,0,5,4,2,2,4,2,3,2,3,5,3,3,2,3,4,5
1979.09676085,3,-1,-1,2,4,3,0,0,1,1,-1,5,1,5,2,4,-1,-1,4,4,2,-1,1,1,1,4,2,5,1,2,4,2,-1,3,4,5,2,-1,0,0,3,4,2,1,3,-1,1,2,-1,-1,-1,-1,3,-1,-1,1,0,4,0,0,4,-1,3,5,-1,4,4,1,0,0,3,-1,-1,5,2,-1,5,3,4,2,5,1,5,1,0,-1,3,0,1,-1
2094.09444648,5,1,0,4,4,4,0,-1,0,5,3,4,2,5,-1,4,0,4,-1,2,5,0,2,-1,2,4,3,5,2,2,-1,0,0,1,-1,2,5,0,3,2,1,3,4,3,4,3,1,2,1,4,1,-1,1,1,3,5,2,0,5,3,2,0,3,2,1,-1,4,3,-1,1,3,-1,1,5,1,2,5,-1,4,-1,0,-1,3,4,-1,0,5,5,0,3
2162.02054058,0,4,3,3,4,-1,2,2,1,1,1,0,3,-1,4,2,0,-1,2,0,3,2,4,3,3,0,3,2,4,1,1,0,2,1,0,2,-1,5,2,2,3,-1,-1,0,-1,1,1,3,4,3,0,-1,4,4,1,3,5,0,3,5,5,0,0,4,5,-1,4,3,4,2,4,1,0,-1,1,-1,5,3,5,2,1,2,-1,0,5,-1,5,0,5,5
2065.89121443,-1,5,1,0,1,-1,-1,2,4,-1,1,5,2,0,5,1,5,3,1,2,4,4,-1,1,1,-1,-1,2,1,5,1,5,-1,3,4,0,5,-1,4,5,-1,2,2,-1,1,3,3,2,0,-1,4,4,5,3,0,-1,-1,0,0,4,4,-1,2,5,1,4,3,3,-1,0,2,3,3,-1,-1,2,2,1,0,-1,2,3,0,3,5,0,0,4,-1,3
2092.505532,1,0,1,5,3,-1,3,5,5,5,2,2,5,2,-1,5,0,3,2,0,4,3,3,1,-1,0,-1,-1,3,3,-1,0,1,4,-1,2,-1,1,5,-1,3,2,0,3,5,0,1,1,-1,2,-1,5,4,4,4,-1,2,4,4,0,3,4,4,1,0,1,5,4,4,4,0,2,5,3,1,0,2,5,4,1,0,4,3,0,-1,1,3,-1,1,-1
2103.23070475,-1,3,0,-1,5,2,1,2,-1,5,1,2,3,4,1,0,5,5,3,3,-1,2,0,0,2,1,5,-1,0,-1,4,5,3,4,3,4,1,4,3,0,1,5,3,-1,-1,0,-1,1,5,0,1,0,2,1,-1,3,4,4,1,2,-1,1,2,5,4,4,-1,-1,0,2,2,2,3,3,0,2,-1,0,2,4,0,3,3,1,-1,4,1,2,2,4
2028.75033841,-1,-1,0,1,4,-1,-1,-1,4,2,0,2,3,4,0,3,1,1,0,3,3,4,4,-1,5,3,3,2,0,1,4,5,-1,-1,-1,-1,2,2,4,4,1,2,-1,1,0,2,3,5,5,5,2,2,3,3,4,3,1,5,-1,4,-1,2,1,5,4,0,1,3,1,1,1,0,5,3,-1,4,-1,-1,2,3,5,5,5,0,0,3,2,0,-1,3
2136.20068025,-1,-1,2,-1,2,0,2,3,4,1,1,0,5,-1,3,3,3,5,-1,2,5,4,-1,-1,2,4,4,0,0,0,2,5,5,4,0,1,-1,3,5,2,4,0,4,4,4,5,1,-1,5,1,4,1,2,1,-1,-1,3,1,5,1,3,1,5,0,3,1,1,0,4,5,3,0,4,-1,5,2,5,-1,2,0,2,2,3,0,3,-1,3,4,1,3
2108.39467682,-1,3,0,3,4,5,-1,2,0,4,3,3,1,5,0,4,0,5,1,0,1,2,5,4,3,2,2,0,5,2,4,2,5,4,-1,4,-1,1,0,5,3,3,4,2,4,3,-1,3,1,0,1,5,2,-1,5,5,4,5,5,4,1,4,0,1,-1,2,0,-1,1,-1,1,2,0,4,-1,1,5,3,2,-1,2,1,2,3,-1,5,-1,-1,3,0
2122.89352146,2,4,3,3,4,1,4,2,-1,1,2,3,2,3,1,-1,0,0,1,2,0,2,2,-1,3,1,-1,2,5,-1,5,-1,1,-1,0,4,5,4,0,5,2,1,-1,0,1,-1,4,0,0,3,0,3,4,5,5,3,2,1,1,3,4,3,-1,0,3,4,2,0,-1,4,5,5,4,2,5,3,5,5,5,-1,2,4,0,3,1,-1,1,-1,2,1
2087.93740286,3,1,1,3,-1,3,3,5,4,4,4,2,5,-1,4,-1,0,0,0,1,0,3,5,2,-1,5,4,0,2,4,-1,-1,4,4,0,-1,4,-1,2,-1,1,4,0,1,3,3,1,4,1,5,3,-1,1,0,1,5,-1,2,3,2,0,2,0,1,-1,3,2,0,3,2,2,1,5,-1,3,3,1,5,-1,2,2,2,2,4,5,3,-1,5,-1,0
2113.75726319,4,1,3,2,0,0,1,2,5,-1,3,5,4,5,2,0,0,5,2,2,1,0,4,-1,2,2,1,2,4,3,4,1,1,-1,1,-1,3,2,1,0,4,3,4,-1,1,-1,2,1,0,4,0,4,3,4,-1,4,-1,1,0,2,-1,4,5,-1,-1,2,3,3,0,2,3,0,5,5,0,1,1,-1,4,2,5,3,3,0,5,0,-1,5,-1,-1
2131.83116542,3,1,2,5,3,4,-1,3,3,5,2,0,5,0,4,5,4,2,-1,0,3,-1,4,2,4,-1,-1,-1,-1,1,3,0,4,-1,1,2,5,-1,0,4,0,-1,3,2,3,3,4,5,3,0,0,2,1,-1,0,-1,1,2,2,2,5,2,4,5,2,0,1,3,1,0,4,5,1,-1,5,5,5,-1,3,0,4,4,1,3,4,0,1,2,5,-1
1995.5817486,5,4,0,2,0,-1,3,-1,1,-1,3,2,2,1,0,0,5,3,5,0,5,-1,2,-1,-1,2,4,-1,5,4,-1,5,5,1,5,4,1,0,3,4,1,-1,1,4,2,3,0,4,3,2,-1,4,5,0,-1,4,5,2,3,-1,0,3,2,-1,-1,5,4,1,0,2,1,-1,-1,3,3,1,4,5,4,-1,3,1,0,0,2,1,3,1,4,2
2037.09213944,-1,-1,0,2,4,-1,5,4,-1,4,2,3,5,4,2,5,2,2,1,1,2,3,-1,-1,5,1,5,1,2,-1,5,3,2,4,3,2,3,4,0,1,0,0,3,3,5,0,-1,0,0,0,5,1,1,3,-1,3,4,2,0,2,-1,-1,1,5,-1,-1,1,4,4,0,5,2,3,-1,-1,-1,3,-1,1,0,5,2,4,1,1,1,2,5,3,4
2092.90276062,5,5,3,4,2,2,3,0,0,3,1,3,2,5,3,5,4,0,0,5,1,1,4,3,2,2,0,-1,5,4,2,-1,-1,-1,1,5,0,5,1,2,4,3,4,-1,0,3,4,4,1,-1,1,5,1,2,-1,-1,-1,3,4,4,5,-1,3,0,4,1,0,1,3,2,2,0,5,1,2,5,0,3,-1,3,-1,4,0,4,2,1,4,5,-1,1
2133.2214656,3,3,1,4,0,-1,3,0,5,1,5,-1,2,0,-1,4,-1,3,-1,2,2,1,0,-1,0,1,2,3,3,4,-1,5,0,1,3,0,3,-1,4,1,4,5,-1,-1,5,2,2,4,3,5,2,-1,4,-1,2,3,1,1,4,1,1,5,1,-1,5,1,3,5,4,2,2,1,2,4,0,0,0,4,2,3,-1,4,3,5,0,4,0,0,5,4
2044.44086892,-1,2,2,1,1,4,-1,2,2,-1,0,-1,3,3,-1,0,-1,4,0,5,2,-1,2,4,0,5,4,-1,1,4,1,2,5,-1,0,4,5,-1,3,3,1,1,2,5,2,5,-1,5,0,3,1,-1,4,4,1,0,5,3,-1,-1,1,5,3,-1,3,-1,1,0,-1,2,4,3,0,3,0,5,4,2,3,2,0,0,3,4,0,1,1,1,2,3
2164.4039123,1,1,2,5,3,-1,2,2,3,4,0,5,-1,-1,3,1,4,0,5,-1,0,4,2,1,3,-1,-1,4,3,-1,4,0,4,5,4,1,-1,3,-1,2,3,5,-1,0,5,3,0,4,1,1,2,4,4,3,4,1,4,5,1,0,0,3,3,0,3,-1,5,5,5,2,5,-1,1,-1,0,-1,0,-1,1,1,4,-1,2,1,-1,-1,2,0,2,2
2138.58405197,-1,0,1,3,0,-1,5,5,5,1,0,5,4,-1,5,3,2,-1,2,0,4,2,2,2,-1,2,1,1,3,4,-1,4,-1,-1,2,-1,-1,5,2,-1,3,3,0,1,1,5,4,5,4,4,1,5,0,4,3,1,1,3,2,1,4,0,0,3,3,0,0,3,4,0,2,0,4,0,2,-1,1,3,5,3,5,2,1,3,-1,0,1,-1,2,4
2151.69259645,2,4,5,5,-1,4,0,-1,-1,2,0,3,5,4,4,0,2,0,5,4,1,1,2,5,2,-1,1,5,3,3,1,1,4,0,-1,3,1,0,2,1,-1,4,5,3,1,2,2,1,5,-1,-1,3,2,1,3,3,4,0,2,0,3,1,5,5,3,-1,2,2,-1,0,4,5,3,4,2,0,4,1,0,4,3,3,1,5,-1,0,1,4,-1,2
2054.57019874,3,5,3,-1,5,5,2,1,2,0,2,0,-1,-1,5,5,5,2,0,3,4,5,1,3,5,-1,2,4,0,3,3,3,0,0,1,-1,3,4,0,1,2,2,3,4,3,2,2,-1,4,5,3,1,2,1,5,-1,-1,4,4,1,1,4,-1,4,-1,5,5,3,4,1,4,-1,5,-1,0,2,1,4,4,4,0,0,2,-1,1,0,-1,-1,-1,3
2016.8334798,0,-1,4,0,1,4,5,2,-1,4,3,1,1,-1,5,-1,0,5,-1,2,1,3,5,0,1,2,1,0,2,5,3,0,3,3,3,1,3,-1,-1,0,-1,4,2,1,0,1,-1,-1,5,0,4,2,4,4,-1,2,0,3,4,2,2,5,-1,4,0,4,3,2,-1,-1,5,4,2,1,1,1,-1,3,-1,1,2,-1,3,4,-1,-1,2,2,3,-1
2144.74109559,3,5,-1,2,2,-1,0,2,4,2,2,1,1,4,5,5,4,-1,4,2,0,3,5,1,-1,0,1,-1,3,2,1,3,0,4,5,0,1,-1,3,3,1,4,3,-1,4,3,5,2,0,0,4,5,3,1,-1,-1,3,1,0,1,2,-1,0,-1,-1,4,3,1,-1,-1,2,0,2,4,2,5,5,4,5,0,0,1,2,0,5,0,4,5,3,1
2060.33001374,2,5,1,5,-1,-1,3,4,4,5,4,-1,2,3,1,2,-1,5,0,1,5,0,0,-1,1,-1,-1,5,1,3,4,0,5,3,2,1,1,-1,-1,0,4,4,2,2,2,0,2,2,2,3,0,4,2,5,-1,3,4,0,3,3,5,1,0,4,-1,5,-1,1,0,2,1,1,-1,3,3,1,3,-1,4,4,0,-1,0,-1,3,1,0,2,-1,2
2109.78497699,3,3,0,5,1,-1,5,2,3,4,1,-1,0,2,2,4,-1,2,2,3,2,-1,4,-1,3,-1,0,0,5,4,-1,5,1,1,-1,4,0,4,2,4,-1,0,3,-1,3,-1,-1,-1,5,1,3,0,-1,5,2,4,2,0,4,0,5,0,0,3,1,4,3,0,2,4,5,1,1,1,0,4,-1,0,1,2,-1,2,2,-1,3,-1,1,3,-1,4
2085.55403114,-1,4,4,3,5,-1,5,0,3,2,5,4,5,0,0,0,3,4,2,-1,2,-1,0,1,1,0,-1,1,-1,2,4,4,-1,4,5,5,4,3,-1,0,2,1,1,1,4,0,3,-1,2,-1,2,4,-1,1,-1,2,2,1,1,4,3,1,0,0,1,3,0,3,-1,-1,5,-1,-1,3,1,2,5,-1,0,5,4,2,3,3,5,0,-1,5,1,3
2038.48243961,5,2,-1,2,-1,1,4,1,-1,3,-1,4,-1,0,2,1,3,1,-1,4,3,3,0,2,2,4,-1,4,2,-1,3,1,3,0,0,1,5,2,0,2,3,2,1,3,1,4,4,5,4,-1,-1,3,5,5,-1,-1,5,1,4,3,-1,-1,3,4,0,3,4,-1,2,0,2,3,5,5,0,5,2,1,0,0,1,5,4,0,-1,-1,1,1,-1,4
2111.17527716,2,2,2,3,1,3,5,5,1,1,3,4,5,1,5,-1,0,4,-1,1,2,2,4,2,2,-1,4,-1,4,3,0,2,5,3,5,2,1,4,3,3,3,-1,2,4,-1,4,1,0,-1,3,1,0,4,-1,-1,0,5,4,-1,5,0,5,5,5,2,1,5,4,3,3,0,0,0,5,0,1,5,2,2,4,1,-1,1,2,0,0,3,4,-1,0
2083.36927373,3,1,2,5,-1,4,-1,0,4,3,1,2,-1,0,5,-1,2,-1,4,-1,1,1,1,4,5,0,0,1,5,4,3,2,5,2,2,0,5,4,5,5,3,3,1,0,3,4,0,-1,0,-1,1,-1,2,1,-1,1,3,2,0,-1,-1,3,4,0,3,2,0,-1,-1,3,2,-1,5,2,1,1,-1,0,2,4,0,5,0,2,4,-1,3,3,4,3
2187.44317229,2,2,3,0,0,-1,1,1,5,1,0,0,5,3,4,0,4,-1,1,5,3,5,1,0,1,0,3,3,2,-1,3,0,3,2,5,-1,2,-1,1,2,3,0,-1,5,2,-1,2,1,2,4,3,-1,2,5,1,1,-1,0,1,4,3,3,3,4,4,5,2,0,5,-1,4,3,4,4,2,3,-1,5,0,0,4,1,4,0,-1,1,2,5,-1,4
2135.80345163,2,4,3,5,5,1,-1,0,0,5,2,3,-1,5,0,3,0,-1,-1,3,2,3,1,3,2,0,-1,-1,5,0,-1,2,0,0,2,4,2,4,-1,-1,2,3,1,5,4,4,0,1,3,5,0,4,4,-1,2,5,1,-1,-1,1,2,4,1,5,1,5,4,1,1,1,1,2,4,-1,1,2,0,3,5,3,-1,4,5,4,3,0,0,4,3,1
2116.53786354,1,5,-1,2,4,1,2,4,-1,0,0,0,3,1,0,5,3,-1,3,4,1,-1,0,3,2,-1,4,0,3,0,4,4,0,-1,-1,5,2,-1,3,1,0,4,-1,4,1,1,1,-1,5,1,4,2,3,4,4,4,1,-1,-1,0,3,-1,3,5,4,-1,2,2,3,3,-1,3,2,2,0,1,1,3,5,1,-1,2,2,-1,5,5,0,2,5,5
2013.0598079,1,-1,3,-1,0,-1,5,1,2,4,5,-1,1,-1,2,5,2,0,5,-1,4,2,1,0,5,3,-1,0,3,3,3,0,1,5,0,1,3,4,2,4,-1,-1,0,3,4,1,1,0,3,3,5,-1,2,4,0,1,-1,4,4,5,0,4,0,3,3,2,0,4,1,1,-1,5,5,2,5,4,1,-1,2,-1,5,4,-1,-1,2,-1,2,2,2,-1
2065.2953715,-1,1,0,1,3,2,-1,-1,-1,5,0,-1,1,5,2,3,5,4,1,2,4,-1,0,5,3,0,1,1,2,5,3,2,2,2,2,5,5,1,3,2,-1,3,2,4,4,2,-1,0,1,-1,-1,3,4,5,2,4,0,4,0,5,1,-1,2,0,0,3,3,5,0,0,5,4,4,1,-1,5,-1,4,4,-1,5,0,2,1,3,-1,-1,-1,4,0
2061.91892822,3,4,3,0,-1,3,3,2,-1,1,2,0,0,-1,5,4,1,4,2,5,2,5,5,2,3,4,4,-1,5,2,0,0,3,1,0,1,4,1,3,0,3,-1,0,5,4,3,5,1,2,5,5,5,-1,4,0,0,1,3,-1,1,2,1,5,2,5,4,2,-1,1,1,2,0,0,5,-1,1,3,0,-1,-1,2,5,2,4,-1,4,-1,-1,3,4
2103.62793337,0,4,2,5,2,3,3,2,3,4,2,-1,-1,3,3,3,4,0,5,1,2,1,4,3,5,4,1,5,0,4,5,-1,1,2,2,-1,-1,0,4,3,4,-1,0,-1,3,3,0,5,5,-1,4,1,0,3,1,-1,1,4,2,-1,5,5,0,2,1,0,0,1,2,5,0,0,-1,1,0,4,2,1,4,2,4,4,-1,0,-1,5,5,1,1,5
2080.985902,2,4,2,-1,3,3,1,1,1,4,4,2,3,1,5,3,5,-1,0,-1,-1,0,5,4,0,4,2,5,1,-1,1,0,4,3,1,-1,4,3,1,2,-1,0,3,4,5,0,0,4,2,5,-1,0,3,2,5,1,1,3,5,1,0,1,3,4,0,-1,0,2,3,5,2,5,2,5,-1,2,0,2,4,3,2,-1,5,4,0,3,4,-1,5,-1
2080.19144476,2,0,4,3,1,-1,5,-1,0,2,0,4,3,0,1,1,5,-1,-1,4,2,3,-1,1,1,3,0,-1,-1,2,4,4,-1,1,0,-1,5,5,1,0,3,5,0,5,5,2,0,1,4,-1,5,4,3,3,4,-1,-1,3,0,5,-1,2,1,2,2,1,2,0,-1,4,4,2,2,3,3,2,2,1,3,4,3,5,0,3,1,5,0,3,-1,1
2078.20530166,2,0,4,-1,0,3,-1,3,4,3,4,0,3,0,2,5,1,5,2,0,1,2,1,-1,4,2,4,2,-1,2,4,0,4,5,2,3,-1,1,3,0,1,-1,4,1,3,0,-1,5,2,5,4,2,2,1,3,3,5,4,2,-1,4,5,0,5,-1,3,1,2,0,-1,4,5,1,3,0,-1,-1,5,5,3,1,0,1,5,1,4,-1,-1,3,1
2121.90044991,4,3,1,4,-1,0,1,4,-1,5,0,-1,3,5,0,-1,1,-1,1,3,-1,3,1,3,0,5,0,4,1,4,5,-1,0,-1,5,0,-1,0,0,-1,2,4,3,4,0,4,2,1,1,2,0,-1,0,5,3,5,2,1,2,2,0,5,2,3,-1,4,2,3,-1,2,2,3,3,4,4,-1,1,1,2,2,1,1,2,-1,4,5,-1,4,5,3
2077.0136158,2,0,1,-1,5,5,4,-1,2,-1,0,-1,3,0,4,1,1,-1,1,5,4,2,3,-1,5,2,0,1,1,-1,5,4,1,3,3,5,2,-1,3,5,4,-1,-1,-1,4,2,1,1,3,2,2,1,3,1,2,-1,0,0,-1,1,0,-1,4,5,4,3,5,4,4,3,5,0,-1,2,-1,-1,1,0,2,0,0,0,3,5,5,3,4,4,2,3
2058.14525633,1,2,5,0,2,3,3,3,-1,3,1,-1,0,3,1,0,2,-1,3,2,-1,2,2,3,3,5,0,0,5,1,-1,4,3,2,5,2,4,0,4,-1,1,-1,5,-1,1,-1,2,4,-1,1,0,0,2,5,1,3,3,-1,5,1,-1,0,4,-1,3,-1,1,1,5,-1,4,4,4,2,0,4,0,5,4,-1,4,5,0,3,5,2,1,5,5,1
2123.48936439,0,2,2,-1,2,2,4,4,4,-1,5,5,2,1,4,3,3,1,3,2,3,4,-1,1,-1,1,4,-1,-1,0,0,-1,1,0,1,5,-1,-1,-1,-1,4,2,1,3,3,4,2,-1,-1,5,4,2,-1,0,4,0,5,0,3,4,1,-1,3,0,1,0,-1,1,3,1,5,2,3,3,3,0,3,-1,2,0,5,2,0,3,1,4,1,5,-1,2
2147.32308162,1,1,3,0,1,4,3,3,5,2,2,5,3,4,2,4,0,0,2,2,1,0,1,5,4,4,4,3,0,5,0,0,2,5,3,-1,-1,2,1,-1,0,-1,-1,-1,2,3,4,1,4,0,-1,-1,0,5,2,3,0,3,-1,0,3,3,0,5,2,4,1,-1,0,-1,1,5,-1,4,3,4,4,1,2,2,2,5,5,-1,3,1,4,1,2,1
2041.66026858,2,5,1,1,0,3,1,0,0,1,-1,-1,0,4,5,1,2,2,5,3,5,3,2,3,-1,3,2,4,0,4,-1,3,1,4,1,0,4,3,3,2,-1,-1,1,4,4,5,1,2,-1,0,-1,0,3,2,-1,4,-1,1,2,0,-1,2,3,4,-1,-1,3,-1,-1,5,2,3,0,4,5,-1,1,2,5,5,2,0,-1,3,-1,2,4,1,0,-1
2107.9974482,4,4,1,2,1,-1,4,0,-1,2,5,4,4,4,2,3,1,3,4,-1,0,1,0,-1,5,5,3,-1,0,1,0,-1,5,2,4,3,4,1,3,1,1,5,3,0,5,3,4,5,5,2,0,-1,0,-1,0,-1,2,-1,5,2,2,5,0,3,0,2,-1,-1,3,1,3,0,-1,4,1,-1,2,5,3,0,1,-1,2,3,0,1,-1,2,5,1
2067.67874322,4,5,3,-1,2,1,0,1,5,-1,2,4,5,0,5,-1,0,5,1,3,2,0,4,4,1,5,-1,0,4,5,3,-1,-1,3,-1,1,1,4,3,-1,1,-1,0,0,2,2,5,2,2,4,1,5,-1,4,-1,0,2,0,3,5,-1,1,2,5,3,0,-1,5,1,4,-1,4,-1,3,1,0,2,4,4,1,1,3,3,5,2,-1,0,1,2,-1
2080.39005907,2,0,3,3,1,0,5,2,5,1,1,-1,5,2,-1,1,3,1,1,2,4,2,1,0,0,5,0,4,3,1,-1,1,-1,-1,3,3,1,5,-1,2,1,3,4,-1,-1,0,0,0,4,4,5,0,-1,3,3,-1,-1,4,-1,-1,1,-1,3,2,2,-1,4,5,2,4,4,2,0,0,2,1,5,-1,2,-1,0,5,-1,5,5,3,3,2,0,4
2079.59560183,0,1,-1,5,-1,5,4,-1,2,3,1,5,-1,4,-1,5,1,2,-1,-1,2,0,5,5,4,4,5,0,2,3,1,1,4,0,0,4,3,2,-1,1,3,4,3,3,2,2,4,0,3,2,3,1,3,0,3,4,0,-1,1,1,4,3,1,5,1,-1,-1,-1,-1,4,-1,2,2,4,4,2,-1,0,-1,-1,0,2,1,3,-1,2,3,5,1,0
1984.26073292,0,1,-1,1,2,-1,3,5,5,1,5,0,1,1,5,5,2,1,-1,5,0,2,-1,-1,-1,3,5,2,0,3,5,0,5,3,1,5,5,4,0,2,-1,4,2,0,-1,0,4,4,4,4,-1,2,-1,3,1,2,4,5,3,1,-1,2,4,-1,0,3,-1,0,0,1,-1,2,4,-1,-1,4,0,1,0,3,2,4,5,5,3,4,0,-1,-1,2
2166.78728403,0,3,-1,5,2,3,1,1,-1,1,3,5,-1,2,1,1,2,4,1,3,3,3,5,-1,2,5,5,-1,2,2,0,1,5,4,4,-1,0,5,2,5,5,3,4,4,5,-1,1,0,4,2,4,0,2,4,5,2,-1,4,0,-1,0,4,1,0,-1,0,1,3,4,-1,0,5,0,2,5,4,3,1,-1,2,1,1,4,0,-1,3,3,1,2,3
2047.22146926,5,5,-1,4,1,2,0,1,-1,5,-1,4,0,2,-1,5,0,4,-1,3,4,3,1,-1,1,-1,-1,3,1,5,4,0,3,-1,-1,-1,1,0,1,1,-1,0,2,3,3,2,3,3,3,0,2,1,-1,5,4,-1,0,5,3,3,0,5,3,4,2,4,2,0,1,3,2,5,-1,3,0,-1,0,2,1,4,3,2,2,1,5,-1,1,2,2,-1
2127.66026491,4,5,4,4,3,5,5,4,2,3,-1,-1,1,1,0,4,4,3,2,2,4,5,1,2,2,0,5,0,3,0,1,4,5,3,3,3,-1,4,0,4,-1,3,0,-1,2,-1,4,4,5,1,5,1,0,-1,3,1,-1,-1,-1,2,0,0,1,0,2,-1,3,5,4,2,5,0,3,1,2,2,3,0,1,1,-1,1,2,-1,4,-1,1,-1,2,0
2168.97204144,-1,-1,-1,1,-1,0,5,0,4,-1,3,1,2,2,1,1,5,1,5,2,1,0,0,4,1,-1,5,2,0,3,2,-1,3,5,5,3,4,4,-1,0,1,3,1,4,3,1,1,1,4,5,2,3,3,3,0,-1,2,2,1,1,5,5,0,0,3,4,0,2,5,0,5,2,3,4,-1,3,-1,3,-1,4,4,4,0,2,-1,1,4,0,2,-1
2026.565581,-1,5,-1,3,4,-1,5,5,1,4,4,2,2,3,1,-1,-1,4,3,2,3,-1,0,-1,-1,2,1,2,3,1,2,-1,0,4,3,0,4,3,-1,1,-1,5,0,4,3,-1,5,5,1,2,0,0,3,3,5,0,-1,0,3,1,4,-1,4,5,1,-1,3,4,2,0,1,1,-1,1,0,1,1,3,2,4,2,-1,-1,2,-1,4,-1,0,2,0
2141.36465232,4,4,5,3,1,1,5,1,-1,4,2,1,2,3,0,-1,-1,3,-1,0,3,5,0,2,2,5,0,3,5,1,0,5,-1,1,-1,2,4,4,2,5,1,0,2,4,4,-1,-1,1,-1,0,-1,3,5,4,2,3,3,5,4,4,0,0,0,1,2,3,1,-1,2,5,1,2,3,-1,0,2,0,-1,1,4,3,5,-1,2,4,1,-1,5,3,0
2068.47320046,3,3,2,4,2,4,5,2,1,3,0,4,-1,2,0,1,4,3,0,1,4,4,3,0,2,1,3,1,0,3,5,5,-1,3,0,5,-1,5,4,4,-1,1,2,4,5,-1,-1,5,1,-1,0,1,2,-1,-1,-1,-1,3,4,-1,4,2,-1,-1,2,0,-1,1,0,0,4,-1,4,4,-1,1,5,5,1,0,5,2,1,2,3,0,2,-1,-1,-1
2103.82654768,3,2,2,5,0,2,5,3,1,3,-1,3,2,4,0,2,-1,2,-1,4,2,5,0,2,0,-1,-1,1,-1,1,1,4,5,4,5,4,3,-1,5,4,3,2,5,5,2,-1,1,3,3,0,5,4,2,0,0,3,4,0,-1,0,5,2,2,4,5,0,-1,5,-1,1,0,3,5,0,2,3,-1,1,3,3,0,-1,4,1,3,-1,1,1,-1,1
2085.75264545,5,1,3,1,4,-1,4,3,5,5,5,1,4,4,5,4,0,0,-1,0,2,4,2,0,5,3,0,4,0,3,5,3,-1,2,5,4,4,-1,-1,5,3,0,1,2,5,-1,2,1,0,1,4,-1,1,2,2,1,-1,0,-1,2,3,1,2,3,-1,-1,0,5,3,4,3,2,1,0,2,0,5,0,4,4,-1,3,-1,2,1,3,3,5,-1,0
1992.80114826,3,3,2,0,2,3,1,2,-1,1,3,2,1,-1,4,3,-1,1,1,5,0,4,2,3,-1,2,5,5,-1,2,-1,-1,3,-1,-1,5,0,4,4,0,0,1,-1,4,0,3,-1,0,4,4,1,-1,3,0,1,2,2,4,-1,4,3,5,3,-1,5,-1,0,0,2,5,1,2,5,4,1,4,0,5,-1,0,1,-1,1,-1,4,0,3,4,0,2
2126.86580767,2,1,0,5,4,1,0,-1,-1,2,-1,1,-1,-1,-1,2,0,0,-1,1,2,3,5,5,0,-1,2,2,2,5,-1,5,3,0,3,0,0,5,0,0,-1,-1,0,1,3,-1,2,-1,5,4,4,1,1,4,3,3,1,3,4,0,4,4,4,1,5,4,4,5,5,1,1,-1,4,1,3,2,4,0,5,2,-1,3,3,4,-1,2,2,2,3,2
2078.20530166,-1,0,-1,3,5,1,1,2,0,5,4,1,3,3,-1,4,0,0,3,3,5,-1,-1,1,1,0,2,2,1,1,-1,2,-1,4,-1,0,2,1,5,3,0,-1,2,2,4,1,2,0,2,3,0,5,3,5,0,-1,4,5,3,2,5,-1,4,3,4,3,5,3,0,-1,-1,3,4,-1,2,4,0,1,-1,4,1,5,2,2,1,5,4,4,-1,4
2161.02746903,0,1,2,2,1,5,0,4,5,0,3,3,2,-1,-1,-1,2,2,-1,4,4,4,-1,5,4,3,4,1,1,3,1,3,2,2,2,0,0,-1,3,5,0,5,3,-1,4,3,3,3,1,0,2,2,2,5,1,-1,5,-1,3,4,1,5,1,1,0,-1,4,2,5,4,5,4,0,0,-1,0,-1,1,4,4,4,0,2,2,-1,5,3,3,-1,4
2012.46396497,0,-1,1,2,2,4,3,1,1,-1,1,4,0,-1,0,-1,3,0,0,2,5,-1,3,1,5,4,2,1,0,5,-1,3,3,3,4,4,-1,5,-1,2,3,3,2,1,3,1,5,4,0,0,4,-1,5,0,-1,-1,2,1,5,2,2,1,0,4,-1,2,2,0,0,5,3,5,5,-1,4,5,4,4,-1,-1,-1,3,-1,-1,1,2,1,-1,-1,2
2207.50321762,4,4,2,1,2,4,3,1,3,2,4,3,1,3,1,2,0,-1,5,1,0,0,5,0,3,2,2,5,5,5,1,5,0,2,4,1,1,-1,4,1,0,0,1,0,4,-1,0,3,-1,-1,-1,5,3,0,4,-1,3,2,2,3,-1,5,-1,2,1,4,1,0,3,4,5,3,-1,0,2,1,0,2,5,2,-1,0,4,1,5,2,5,4,4,3
1987.23994757,-1,0,4,2,1,1,3,4,-1,4,3,1,-1,-1,3,5,3,3,2,4,2,2,4,4,2,-1,5,-1,2,0,3,5,4,5,2,-1,0,0,2,3,-1,-1,1,-1,-1,-1,5,5,1,1,0,5,4,2,0,2,5,0,4,-1,1,4,0,-1,5,3,1,5,1,1,1,1,5,3,3,3,-1,0,-1,-1,-1,0,2,2,-1,0,2,-1,0,5
2142.75495249,0,5,-1,5,-1,2,1,1,4,2,-1,1,5,2,5,3,2,4,2,5,3,4,0,0,2,5,4,-1,-1,0,0,2,3,0,-1,3,-1,1,2,5,0,1,-1,2,0,3,2,4,2,1,1,-1,0,1,0,0,0,4,5,1,5,1,-1,3,2,5,5,2,4,3,3,3,4,3,4,1,-1,4,4,4,-1,-1,1,0,4,3,-1,4,3,5
2091.90968907,0,2,1,0,-1,0,4,5,1,4,-1,0,5,3,3,3,4,4,1,1,2,3,-1,4,4,5,0,4,0,5,1,2,-1,4,2,5,-1,-1,-1,3,-1,0,5,-1,1,3,-1,-1,1,5,4,2,4,2,-1,-1,4,1,4,-1,1,3,0,-1,4,2,3,0,2,0,3,-1,2,1,3,3,3,1,5,3,5,2,0,0,0,3,2,1,0,1
2131.23532249,3,2,4,3,-1,5,2,4,-1,0,2,2,5,-1,1,1,1,3,0,5,4,3,5,-1,0,-1,-1,3,0,2,1,3,1,2,0,2,-1,4,-1,4,0,4,1,1,3,0,-1,-1,-1,0,-1,4,3,3,0,4,3,0,1,5,1,1,0,5,0,1,5,1,-1,4,3,2,-1,3,2,4,2,4,4,1,-1,0,5,5,4,1,3,1,5,5
2099.05980424,-1,-1,5,0,4,3,0,3,0,0,3,5,4,-1,2,5,0,3,0,3,5,5,-1,5,4,4,3,3,2,-1,2,4,4,-1,2,3,-1,5,1,-1,1,4,1,1,-1,1,3,1,0,4,0,3,-1,1,-1,4,1,2,2,2,-1,5,3,-1,2,5,2,2,1,3,-1,4,5,4,1,1,0,2,0,5,-1,2,1,3,5,-1,1,0,4,0
2107.00437664,2,1,1,4,-1,3,0,2,2,4,1,5,-1,5,0,0,-1,-1,-1,1,3,-1,3,1,4,-1,-1,3,-1,-1,-1,5,0,5,2,3,-1,0,-1,-1,3,1,5,4,0,5,4,4,0,0,4,2,0,5,2,2,3,3,3,0,2,4,5,2,5,-1,-1,4,-1,2,3,5,3,1,2,1,1,3,3,4,1,0,2,4,5,1,3,5,4,1
2097.47088975,5,1,3,3,2,4,3,0,-1,5,5,-1,2,-1,1,-1,4,5,2,2,3,4,0,5,3,4,3,0,0,4,2,2,1,0,5,0,0,-1,0,-1,4,0,3,4,-1,3,5,5,1,1,4,1,2,5,5,4,-1,2,1,4,3,0,0,2,2,3,5,3,2,3,5,4,4,5,0,0,3,-1,2,1,2,-1,1,-1,4,4,-1,-1,-1,-1
2076.02054425,0,1,-1,0,4,-1,1,3,5,0,4,2,2,3,0,-1,-1,-1,2,0,0,5,3,3,5,4,-1,-1,2,3,1,3,0,0,5,2,1,-1,5,3,4,5,4,4,3,2,4,3,-1,4,3,-1,-1,5,1,4,2,2,1,4,4,-1,0,4,-1,5,2,2,-1,2,2,1,5,-1,-1,4,5,1,4,0,0,1,0,2,3,-1,1,1,5,3
2137.39236611,2,1,3,4,3,2,0,4,2,0,0,-1,-1,0,-1,1,5,1,3,5,5,0,-1,0,0,1,3,-1,5,3,0,2,5,-1,-1,1,5,2,2,-1,1,1,5,3,0,2,3,2,3,0,5,3,-1,-1,5,1,4,3,1,0,5,-1,-1,4,5,-1,4,-1,0,5,-1,4,2,4,3,2,3,3,0,4,1,4,2,2,2,-1,4,-1,5,1
2072.44548666,3,2,2,-1,-1,2,0,3,1,1,-1,4,5,4,5,1,4,4,3,0,0,1,5,2,0,-1,3,5,4,4,-1,0,5,5,2,2,-1,-1,2,4,-1,3,-1,-1,-1,-1,1,2,1,0,5,5,1,4,-1,4,-1,3,4,1,1,-1,4,3,0,2,1,4,5,4,0,2,0,5,1,0,2,2,3,-1,2,3,-1,1,4,0,1,5,-1,0
2101.24456165,5,3,1,-1,-1,1,1,-1,5,3,3,0,0,0,4,0,2,-1,-1,1,2,4,3,3,0,4,0,4,4,-1,4,5,2,-1,-1,4,4,0,2,1,5,1,1,1,2,5,-1,5,1,5,3,2,-1,-1,5,-1,2,2,1,0,5,-1,-1,5,2,-1,3,1,0,5,0,4,2,2,2,0,1,3,-1,0,5,3,4,3,3,0,2,3,-1,3
2075.22608701,4,3,2,4,3,3,2,0,5,0,1,0,0,5,4,-1,1,1,2,0,1,3,1,5,-1,3,0,5,-1,1,0,4,4,-1,4,-1,4,-1,2,4,0,5,3,0,0,1,-1,2,4,0,-1,-1,2,1,4,0,3,1,2,5,4,4,3,2,-1,2,5,-1,3,3,1,-1,-1,3,2,5,2,4,3,5,0,0,-1,1,5,4,-1,1,-1,2
2127.4616506,1,-1,1,3,1,4,4,4,5,2,1,5,5,3,5,0,5,2,0,-1,1,-1,1,0,0,0,3,4,3,0,4,0,3,2,-1,5,-1,5,2,-1,-1,3,1,5,-1,3,5,-1,0,3,4,3,1,2,4,2,5,2,1,4,2,5,3,2,1,-1,4,4,3,4,2,1,2,4,0,4,3,1,0,0,-1,4,5,-1,-1,5,5,1,2,0
2116.14063492,-1,3,1,1,3,3,-1,3,-1,-1,1,1,2,0,4,4,2,2,-1,-1,-1,0,1,5,2,0,1,5,1,2,1,0,4,2,2,0,2,5,-1,1,0,-1,0,3,1,4,1,4,4,4,0,-1,3,5,0,3,2,0,0,-1,3,5,2,-1,4,1,-1,-1,3,-1,0,5,3,4,-1,2,3,-1,2,1,-1,4,5,1,4,-1,4,0,2,5
2076.21915856,4,4,0,1,1,2,4,-1,-1,1,-1,0,-1,3,4,0,1,0,2,1,-1,3,3,5,1,3,-1,-1,0,4,4,2,-1,-1,0,3,1,3,2,0,0,3,1,0,2,2,4,-1,-1,-1,5,2,2,1,1,0,2,2,-1,0,3,4,4,5,2,5,4,1,5,0,5,5,4,1,4,3,5,0,2,4,3,3,2,5,-1,2,-1,0,3,5
2075.82192994,1,4,5,5,-1,-1,2,-1,-1,-1,4,3,0,2,0,0,1,0,-1,1,3,0,5,4,5,0,5,-1,0,0,2,5,0,1,3,2,-1,5,4,-1,4,1,3,2,2,4,3,0,5,1,-1,-1,3,-1,0,2,0,1,5,4,-1,1,3,4,-1,4,3,0,5,2,1,2,2,-1,5,4,1,2,2,5,3,1,1,1,3,-1,0,1,4,2
2047.81731219,2,3,-1,0,2,3,0,3,-1,0,5,-1,-1,0,-1,0,0,-1,2,2,2,4,-1,0,-1,4,5,-1,2,-1,2,1,3,1,4,1,1,2,3,-1,0,4,2,-1,-1,4,-1,3,2,4,3,4,-1,3,0,4,3,5,2,5,5,-1,5,-1,4,-1,3,0,1,4,5,0,5,5,1,1,2,3,4,0,1,5,0,1,-1,1,3,1,2,-1
2002.13602084,2,1,4,4,-1,0,-1,1,0,-1,3,0,-1,2,-1,0,1,-1,3,-1,-1,2,5,2,1,0,0,-1,2,3,-1,4,3,3,0,0,0,0,5,2,5,0,4,4,-1,3,4,0,3,2,5,-1,3,-1,1,5,3,2,2,3,4,5,2,5,-1,2,2,3,5,5,1,2,-1,4,5,1,4,4,1,0,5,-1,1,3,3,1,4,2,4,5
2096.4778182,-1,-1,4,4,2,3,3,1,4,2,-1,2,2,-1,3,5,2,3,2,0,0,5,3,5,4,-1,-1,1,0,1,-1,-1,2,1,2,2,5,3,3,1,4,-1,0,4,5,1,0,2,4,-1,1,3,5,0,2,3,0,5,3,0,1,-1,4,1,1,-1,2,-1,2,4,4,-1,5,2,5,3,1,5,0,0,4,3,-1,0,0,4,-1,-1,0,-1
2071.65102942,5,-1,4,0,0,0,-1,4,-1,3,2,3,3,1,5,4,4,2,4,4,1,5,4,5,1,3,5,5,5,0,1,2,1,4,1,1,1,1,0,5,2,-1,5,4,2,0,3,2,3,-1,-1,2,-1,3,4,0,3,-1,-1,-1,5,2,2,4,0,0,4,-1,0,1,2,2,3,3,2,1,-1,0,-1,0,3,5,3,0,1,3,-1,2,5,4
1981.67874689,4,1,5,1,2,0,-1,2,3,2,-1,0,0,5,4,3,-1,3,4,1,-1,2,1,3,0,5,0,2,5,0,5,3,0,-1,5,3,1,-1,-1,1,3,1,2,1,1,0,4,3,3,3,4,4,-1,-1,-1,4,4,1,-1,4,5,-1,5,4,-1,3,2,-1,2,4,0,0,4,5,-1,-1,-1,2,3,5,0,-1,0,2,2,3,1,0,5,1
2061.72031391,4,-1,-1,0,3,0,1,2,-1,4,-1,2,-1,4,1,5,-1,2,0,1,4,-1,3,1,2,1,0,3,2,3,1,0,4,2,5,4,4,5,0,3,4,-1,1,-1,4,1,4,3,4,-1,2,0,0,3,5,-1,0,0,4,2,5,5,5,1,2,-1,5,3,4,5,1,0,-1,1,2,3,5,3,4,5,3,5,3,0,-1,1,2,5,3,1
2109.78497699,5,-1,1,-1,5,5,4,1,3,1,-1,-1,5,4,-1,-1,5,5,3,5,2,4,1,-1,2,4,0,1,0,0,4,3,1,-1,2,1,5,3,5,1,0,3,3,1,-1,2,5,3,5,2,3,0,1,4,-1,-1,5,2,0,3,2,3,4,0,2,4,0,4,2,1,0,2,2,2,0,1,-1,0,4,3,1,0,3,4,1,-1,0,3,4,5
2043.84502599,1,5,-1,1,5,2,5,5,3,0,5,2,1,4,3,5,-1,-1,5,4,2,1,-1,1,0,2,1,0,4,2,3,4,4,1,3,0,3,-1,3,5,5,-1,5,-1,5,4,5,4,-1,4,0,4,4,0,0,1,2,3,2,2,2,3,-1,4,-1,1,3,1,2,2,2,2,3,-1,3,-1,-1,0,2,0,5,4,-1,-1,1,1,0,4,-1,1
2054.76881305,3,2,-1,0,3,-1,-1,0,4,3,4,4,5,2,3,-1,0,5,0,5,-1,2,4,4,-1,0,3,0,-1,0,-1,2,3,2,-1,-1,0,-1,3,1,1,4,4,0,1,-1,0,1,1,5,4,5,5,-1,4,-1,2,0,1,-1,4,2,3,2,5,0,1,2,1,4,3,4,-1,1,1,0,1,3,5,2,1,5,1,-1,1,0,-1,2,-1,5
2079.19837321,2,3,0,4,3,0,1,2,3,2,4,-1,1,4,-1,4,0,0,-1,-1,-1,5,2,3,-1,4,4,2,1,5,5,-1,-1,1,1,1,1,3,5,4,4,2,3,-1,5,5,-1,2,-1,1,-1,2,-1,5,2,1,0,2,1,4,5,0,1,0,0,2,-1,4,3,3,5,4,0,3,3,-1,5,1,0,0,4,1,3,5,0,4,-1,-1,2,-1
1947.71569983,1,2,3,2,4,0,1,5,3,-1,-1,4,0,5,5,0,2,-1,0,-1,0,-1,4,5,4,0,3,2,-1,2,-1,2,1,1,5,5,-1,4,0,3,0,-1,4,2,1,0,-1,3,3,2,-1,3,5,3,0,2,4,4,-1,3,4,-1,1,5,1,4,2,1,2,5,1,5,-1,1,4,4,1,3,4,3,1,-1,2,-1,3,0,2,0,-1,0
2030.14063858,0,5,1,0,3,3,-1,4,1,2,4,4,2,1,-1,-1,5,1,3,-1,3,-1,2,5,1,5,-1,-1,5,3,3,0,4,0,1,2,2,-1,4,4,5,0,3,0,2,4,4,-1,-1,5,-1,5,3,2,5,3,-1,3,5,-1,-1,0,3,2,0,0,3,4,1,5,1,2,2,1,0,3,4,4,4,0,1,0,-1,4,2,3,4,2,1,-1
2054.37158443,2,0,2,3,-1,0,0,4,4,2,1,3,3,3,5,1,4,-1,-1,3,2,2,-1,4,5,3,3,3,-1,1,-1,5,0,-1,-1,1,2,1,0,-1,1,-1,1,5,3,5,4,2,4,5,4,-1,-1,1,3,5,4,2,0,0,2,2,3,0,0,4,3,5,-1,-1,5,4,-1,3,1,5,-1,2,4,2,2,2,1,0,-1,2,-1,1,0,4
2102.03901889,3,1,1,3,1,4,5,5,3,1,4,1,3,-1,-1,0,3,0,0,0,4,2,3,4,-1,4,5,5,5,2,5,5,3,-1,-1,0,3,5,-1,4,2,-1,0,1,0,2,0,5,2,2,1,-1,4,5,1,4,-1,1,4,-1,-1,2,1,-1,4,2,3,3,0,2,-1,2,0,1,5,3,1,3,2,3,0,-1,1,1,0,4,0,2,5,4
2185.25841488,4,0,1,2,-1,4,-1,3,3,2,1,2,3,5,4,0,4,0,1,3,3,0,3,2,0,2,-1,2,2,4,1,5,0,1,4,0,4,-1,-1,4,1,1,3,5,3,4,0,2,-1,1,3,4,0,0,2,-1,0,1,-1,3,0,3,2,-1,-1,3,1,-1,3,1,-1,4,2,2,-1,1,5,1,4,3,5,0,-1,4,5,2,-1,5,5,2
2188.83347246,2,3,-1,-1,4,-1,1,0,4,2,0,4,4,0,-1,5,5,3,0,1,0,-1,2,-1,3,2,-1,2,1,4,3,2,0,5,5,1,3,-1,4,-1,-1,2,-1,2,0,5,4,3,5,-1,4,1,0,1,4,2,5,3,5,-1,2,0,-1,1,4,3,3,-1,5,4,3,2,0,4,1,0,3,4,3,0,3,0,1,1,1,0,2,1,5,2
2105.61407647,0,0,5,2,-1,-1,0,3,3,5,4,5,5,5,-1,0,0,5,2,2,3,1,1,4,-1,0,2,2,1,0,-1,4,5,2,0,4,5,-1,-1,2,3,3,-1,5,1,3,-1,4,-1,2,1,5,3,1,3,4,3,2,3,-1,2,4,4,1,1,3,1,4,2,5,0,2,4,0,0,4,5,5,4,3,-1,2,0,3,1,4,1,1,1,4
2029.14756703,4,3,5,0,0,0,0,1,4,-1,3,-1,2,-1,-1,4,-1,-1,3,1,-1,1,2,2,4,4,-1,5,0,4,0,4,4,0,5,1,0,5,3,1,2,1,-1,4,-1,0,1,4,-1,3,3,5,3,4,3,5,-1,1,2,2,4,1,5,-1,1,0,5,1,2,5,2,5,2,3,-1,1,-1,-1,5,3,0,5,4,4,2,5,3,1,1,3
1971.54941706,-1,4,3,2,1,-1,4,3,2,-1,2,2,4,2,5,1,-1,-1,5,-1,1,-1,5,5,1,5,3,5,1,4,-1,3,5,1,0,4,5,-1,1,2,0,0,3,2,4,5,4,0,-1,5,-1,-1,5,1,-1,4,5,0,0,3,0,4,4,-1,0,3,0,3,2,2,4,-1,2,3,1,1,0,0,2,4,-1,-1,0,3,0,2,3,1,-1,2
1985.05519016,-1,3,-1,0,-1,-1,5,2,-1,0,-1,-1,0,1,2,5,-1,3,0,2,1,-1,4,-1,2,2,0,1,2,5,0,5,4,3,3,4,-1,0,2,4,1,-1,2,4,3,3,4,1,3,4,-1,0,4,1,4,1,2,-1,5,2,1,2,1,-1,2,3,-1,-1,1,5,-1,0,-1,0,1,5,-1,-1,5,4,4,4,4,3,0,4,3,0,1,1
2138.18682335,-1,3,0,0,2,2,5,4,3,-1,-1,0,3,1,0,0,1,2,-1,3,4,2,4,2,3,4,4,-1,0,0,-1,1,-1,5,5,4,3,5,-1,4,2,1,-1,1,-1,-1,1,-1,0,0,3,4,-1,1,1,2,-1,2,0,4,2,4,3,3,-1,4,-1,1,3,1,3,2,5,2,4,0,0,1,1,3,5,3,0,1,-1,4,5,-1,2,2
2030.14063858,-1,1,-1,3,4,4,1,4,-1,5,5,0,4,3,5,3,5,1,0,0,3,5,2,1,0,4,3,0,3,5,4,3,0,-1,1,-1,4,4,-1,0,-1,3,2,4,3,4,-1,5,0,-1,-1,-1,5,5,1,-1,2,2,4,5,-1,0,4,5,3,0,3,1,1,2,-1,3,0,-1,2,1,0,3,2,2,2,5,3,4,-1,0,-1,4,2,5
2129.84502232,3,4,2,4,-1,3,0,5,1,0,1,2,4,0,3,4,0,0,3,2,3,1,-1,2,1,-1,-1,2,0,1,-1,-1,1,5,3,2,0,-1,2,5,2,0,2,0,1,-1,0,1,1,-1,-1,5,5,2,5,-1,5,1,-1,3,4,0,-1,3,1,4,3,5,3,5,5,-1,4,5,3,2,-1,2,0,4,-1,1,5,4,2,4,4,1,4,3
1955.26304362,-1,-1,4,3,5,-1,3,2,3,0,1,-1,4,-1,0,3,3,5,2,-1,3,0,4,0,4,2,0,-1,4,5,1,-1,2,-1,2,0,5,-1,4,2,5,1,1,2,1,5,-1,3,3,0,-1,4,5,3,-1,-1,1,4,1,-1,2,2,4,-1,-1,5,2,0,-1,0,4,4,5,2,5,-1,5,0,0,-1,4,3,2,-1,2,3,0,5,1,4
2063.70645701,1,4,2,0,-1,2,2,5,4,0,2,3,3,-1,-1,3,4,-1,0,0,5,-1,2,4,-1,3,4,-1,4,3,1,1,3,-1,1,1,4,2,0,0,4,-1,-1,2,2,3,1,2,0,5,-1,5,5,0,2,5,3,1,0,-1,5,0,0,5,4,5,1,-1,0,-1,2,4,4,1,4,1,3,-1,5,-1,-1,0,3,2,2,3,1,4,3,3
2118.12677802,4,-1,2,2,2,-1,0,4,0,5,2,-1,4,3,4,2,3,-1,1,2,0,3,5,0,4,0,1,5,1,0,-1,5,4,0,4,-1,5,1,-1,3,-1,1,5,1,1,-1,4,0,1,4,3,3,1,0,3,0,-1,5,5,2,-1,5,1,4,5,1,2,4,2,4,3,-1,3,5,1,3,1,5,2,0,0,3,2,3,5,2,2,4,2,4
2118.12677802,3,5,3,1,2,2,5,1,-1,1,3,4,-1,3,0,2,3,0,-1,3,2,0,0,0,3,2,1,1,-1,4,0,4,2,1,1,2,5,2,0,-1,2,1,5,3,-1,-1,4,-1,2,-1,5,3,4,3,5,5,-1,2,2,4,-1,5,5,3,2,5,4,1,4,2,-1,0,5,-1,0,4,1,-1,4,1,0,3,-1,3,-1,4,0,4,0,4
2118.52400664,4,2,2,-1,4,1,-1,1,0,5,2,-1,5,3,-1,2,4,-1,3,4,5,4,1,2,0,4,4,1,1,0,3,-1,1,1,-1,1,3,-1,5,0,2,3,1,5,2,4,2,4,4,-1,0,-1,5,4,3,2,-1,1,3,-1,5,2,3,5,3,0,2,0,0,1,2,2,0,2,5,4,3,0,1,3,4,5,3,-1,0,1,5,4,1,0
2044.63948323,3,-1,2,3,0,5,0,1,2,5,2,-1,1,4,1,5,3,2,-1,-1,0,5,-1,1,2,-1,4,4,1,3,5,4,0,0,-1,-1,3,4,1,0,2,5,1,5,0,4,-1,1,-1,-1,5,5,4,0,5,0,-1,1,3,4,-1,0,0,2,-1,0,4,0,5,2,3,4,3,-1,4,1,1,4,1,5,1,1,5,2,3,2,2,2,4,-1
2190.22377263,4,-1,-1,0,2,2,-1,-1,0,2,0,4,5,-1,1,0,1,0,5,0,2,0,0,3,3,3,4,4,5,1,4,1,1,2,4,2,4,-1,1,0,4,3,4,3,2,4,2,3,0,3,1,5,2,1,2,5,2,4,0,-1,0,5,3,1,1,5,5,3,3,3,5,-1,4,2,1,2,1,5,0,-1,4,3,-1,-1,5,5,3,5,-1,-1
2102.43624751,1,-1,3,1,4,-1,-1,3,3,2,5,2,1,2,4,-1,5,0,1,0,1,0,0,4,2,3,-1,1,3,0,5,-1,4,-1,3,3,3,1,2,-1,-1,5,4,5,0,3,1,2,1,2,2,-1,0,0,1,-1,-1,4,4,2,5,4,5,3,0,2,1,1,5,5,5,5,4,4,-1,0,5,4,4,4,0,2,-1,2,4,2,0,1,3,0
1971.54941706,1,-1,2,-1,5,2,3,-1,1,2,4,5,0,4,1,-1,1,3,-1,4,3,2,4,2,2,0,2,5,0,0,1,4,1,1,-1,-1,0,0,3,4,2,-1,1,-1,2,0,4,0,1,1,2,0,-1,4,5,1,-1,4,-1,-1,3,3,-1,0,-1,5,1,1,2,4,3,2,3,0,5,5,2,3,2,5,3,-1,4,-1,3,4,5,5,5,3
2084.36234528,0,1,-1,-1,2,2,5,-1,3,-1,0,3,3,3,4,5,2,1,2,4,1,0,-1,1,3,5,3,1,-1,4,-1,1,3,2,-1,1,2,0,0,1,1,0,0,2,3,1,1,2,3,0,-1,-1,3,5,4,5,5,2,4,0,4,-1,2,4,1,4,0,0,2,0,-1,5,-1,2,4,1,3,-1,3,4,4,3,3,0,5,4,5,-1,5,5
2055.16604167,3,3,-1,4,-1,0,1,0,3,-1,3,0,1,-1,2,3,-1,2,2,0,3,0,4,1,2,0,1,1,-1,5,5,5,2,4,-1,4,-1,5,0,4,3,2,2,1,-1,0,-1,1,-1,4,4,0,1,1,2,-1,1,1,5,3,3,4,4,2,5,1,0,2,5,4,3,-1,4,3,2,1,3,3,-1,2,-1,5,3,5,0,0,-1,2,5,5
2096.87504682,0,-1,-1,3,5,1,-1,1,0,-1,0,5,2,0,2,2,2,-1,3,-1,1,5,4,0,1,5,1,5,1,5,0,5,4,1,-1,4,-1,-1,4,3,0,3,1,3,1,3,0,-1,5,4,1,-1,0,4,1,2,-1,4,3,5,5,3,1,2,0,5,2,5,4,4,3,0,4,-1,-1,4,1,5,3,4,2,4,-1,3,0,1,2,3,0,3
2077.80807304,4,0,4,-1,1,-1,5,3,-1,-1,-1,3,5,3,5,2,-1,5,2,3,1,2,3,4,-1,4,4,0,0,4,5,3,3,1,3,4,1,4,4,4,-1,5,0,-1,1,1,2,0,2,0,1,0,0,4,3,0,5,0,3,3,2,5,-1,2,2,1,-1,2,2,1,1,5,-1,-1,3,5,3,0,1,3,1,0,4,4,0,2,2,-1,-1,2
2037.68798237,3,5,-1,5,-1,3,0,4,1,0,-1,1,3,5,0,0,-1,-1,4,4,-1,-1,4,5,-1,0,5,2,2,2,-1,-1,3,1,-1,0,1,5,1,-1,3,5,5,3,1,-1,3,3,-1,0,0,4,2,4,2,4,-1,4,3,2,4,0,2,1,4,3,2,0,1,0,3,1,-1,1,4,0,-1,0,2,5,2,-1,0,-1,-1,2,3,2,3,1
2045.63255478,5,1,-1,4,-1,3,0,1,1,2,5,3,2,0,2,2,1,-1,-1,5,-1,-1,5,1,0,0,0,4,5,-1,3,0,5,4,1,5,4,-1,3,4,4,1,2,4,4,1,5,0,4,1,4,3,1,2,-1,2,-1,3,5,2,3,-1,1,-1,2,0,0,2,0,0,5,4,-1,3,2,4,-1,1,5,2,0,1,5,-1,0,4,3,3,3,3
2049.8034553,5,-1,-1,1,3,2,3,5,-1,4,5,4,5,3,4,1,-1,-1,-1,1,3,2,5,2,4,0,-1,-1,1,-1,0,1,3,4,-1,0,-1,-1,-1,2,0,-1,3,4,3,-1,1,-1,1,5,3,5,4,5,1,1,4,1,0,4,2,0,4,5,2,0,3,2,0,0,1,3,2,1,-1,0,5,2,-1,-1,2,2,4,4,3,4,0,1,5,3
2015.64179394,3,-1,3,-1,1,5,1,3,3,0,-1,-1,1,3,3,5,1,2,3,-1,-1,5,1,0,2,4,-1,3,4,2,0,2,-1,2,3,2,-1,4,0,2,-1,3,2,4,4,5,4,4,0,2,5,2,5,-1,-1,0,4,4,-1,0,0,4,4,4,3,3,1,1,5,4,-1,1,-1,4,1,5,-1,5,5,4,5,-1,1,1,1,1,0,2,0,2
2170.36234161,-1,4,5,4,5,0,4,1,-1,1,2,4,-1,3,1,1,0,-1,3,1,1,2,-1,5,-1,-1,2,-1,5,0,3,3,3,4,1,0,1,2,3,-1,1,5,3,-1,1,-1,0,0,1,0,-1,2,-1,-1,2,2,5,4,5,4,0,5,0,4,0,2,3,1,4,3,5,5,4,2,3,0,1,3,1,2,4,3,0,-1,4,5,2,3,0,0
2136.99513749,2,2,-1,0,0,-1,1,2,-1,-1,4,2,5,5,-1,0,4,4,1,3,2,3,1,2,1,2,2,3,3,5,4,-1,2,-1,4,3,-1,0,2,3,5,4,-1,0,1,0,1,3,3,5,0,1,0,3,1,4,0,2,1,5,-1,3,1,4,5,1,2,3,1,3,5,0,4,2,0,2,5,2,-1,3,1,3,0,4,4,-1,5,0,-1,-1
2076.81500149,1,2,3,1,1,4,5,5,3,-1,3,4,2,1,1,1,2,4,5,3,0,0,2,-1,3,4,-1,0,4,1,-1,3,-1,-1,0,2,-1,2,5,3,0,4,2,3,4,0,0,3,0,1,1,0,5,5,1,0,5,1,-1,-1,2,4,-1,4,4,-1,2,-1,0,4,3,5,3,-1,4,5,0,-1,5,3,2,0,5,4,1,2,4,2,3,2
2099.45703286,-1,1,0,-1,3,-1,0,0,5,0,-1,-1,2,4,0,1,-1,2,4,0,2,3,1,2,-1,-1,2,3,3,-1,-1,3,2,4,5,0,2,4,-1,3,2,0,5,0,2,5,4,0,-1,5,5,-1,3,1,5,1,2,-1,1,0,4,4,4,5,3,3,1,2,3,3,1,3,5,4,0,2,-1,1,2,2,4,1,-1,4,4,-1,3,1,-1,5
2075.22608701,3,2,0,3,-1,3,3,1,5,4,0,-1,0,3,4,0,5,1,5,5,5,0,-1,0,0,1,-1,-1,-1,4,3,3,4,2,4,-1,3,4,5,3,0,0,5,0,5,0,1,5,2,2,2,1,1,-1,-1,2,-1,2,0,4,1,3,-1,1,-1,2,1,4,3,1,2,3,-1,2,5,4,5,3,0,2,1,4,4,4,5,2,5,1,4,1
2156.06211127,-1,2,1,3,2,5,-1,2,4,1,2,0,1,-1,0,5,1,0,5,0,0,0,-1,2,2,1,-1,5,5,3,3,3,5,3,2,5,1,-1,2,3,2,-1,5,4,5,-1,1,4,3,5,0,4,0,0,1,0,4,2,5,3,0,2,4,3,4,0,1,5,1,0,1,-1,-1,4,1,-1,4,4,4,1,5,2,1,3,3,5,2,-1,4,4
2070.85657218,-1,1,1,2,1,2,5,3,-1,0,0,3,0,0,1,-1,5,4,-1,3,2,4,0,4,-1,2,3,3,2,-1,5,5,4,5,1,3,2,-1,-1,1,0,0,-1,1,4,3,0,4,-1,2,-1,4,2,0,-1,2,4,2,0,3,3,5,-1,0,1,1,3,3,1,4,1,1,3,2,2,3,4,4,2,-1,5,-1,-1,-1,3,4,4,1,-1,0
2159.04132593,1,4,1,3,5,5,3,4,-1,3,0,0,1,5,1,1,2,3,-1,2,1,4,5,4,-1,2,1,1,5,-1,0,0,1,1,-1,5,-1,5,3,-1,4,3,4,4,0,-1,2,0,3,2,3,-1,3,0,4,-1,2,-1,1,-1,2,0,2,3,2,2,5,0,5,-1,0,2,1,0,3,0,1,5,0,-1,4,0,5,4,-1,1,-1,4,5,4
2050.99514116,-1,1,1,5,4,-1,0,1,5,1,1,4,1,4,0,5,5,5,-1,3,-1,-1,4,2,5,2,-1,0,2,2,0,4,0,3,2,2,4,0,5,0,-1,1,-1,-1,3,3,1,1,-1,4,-1,-1,3,-1,3,2,0,0,5,5,2,4,3,3,3,-1,-1,5,4,2,-1,1,-1,5,4,2,1,2,1,2,4,0,0,3,0,0,4,1,-1,5
2113.9558775,4,4,2,5,3,2,2,5,0,0,3,3,0,1,3,4,4,0,5,2,3,3,5,5,4,-1,3,4,1,-1,-1,5,5,2,0,3,-1,4,2,-1,1,4,0,2,0,0,-1,4,1,5,0,1,5,5,-1,2,0,2,3,1,-1,3,0,1,3,1,4,3,-1,-1,1,1,5,2,2,0,3,-1,1,-1,5,4,4,2,2,5,-1,0,-1,4
2021.20299462,4,4,0,0,2,-1,5,-1,5,1,3,3,-1,5,0,2,2,4,4,4,-1,0,-1,3,0,0,2,-1,1,3,3,-1,-1,-1,4,0,-1,1,3,-1,5,2,-1,1,5,-1,2,4,2,-1,1,-1,3,1,-1,5,1,5,-1,4,1,3,1,0,2,-1,2,2,5,-1,-1,3,4,5,2,3,0,4,-1,0,-1,4,-1,0,0,-1,3,1,4,1
2091.71107476,1,-1,2,3,0,2,1,2,5,2,0,4,1,0,5,5,0,5,5,3,4,3,0,4,-1,3,2,1,-1,4,3,1,3,0,-1,5,5,1,5,0,2,0,-1,0,0,0,3,-1,-1,5,1,3,4,4,5,2,3,1,5,3,4,2,-1,-1,2,3,1,3,-1,2,-1,4,2,1,4,2,4,2,2,3,1,1,3,4,-1,1,0,-1,-1,4
2186.05287212,0,2,0,1,3,-1,5,1,5,1,3,3,4,3,-1,4,0,4,0,1,3,-1,4,1,-1,0,1,5,2,-1,3,5,5,3,-1,5,4,4,2,4,5,2,2,0,4,5,2,3,1,0,1,-1,-1,0,3,0,4,4,0,2,1,1,2,2,5,-1,5,-1,3,1,0,2,4,-1,5,3,0,2,2,2,-1,1,5,-1,1,3,-1,0,4,3
2057.74802771,1,1,-1,3,1,2,-1,2,5,3,5,-1,-1,-1,1,-1,-1,0,5,3,2,0,1,4,5,1,4,2,3,0,5,4,1,-1,2,3,1,0,0,2,4,-1,3,1,-1,0,2,1,-1,2,-1,2,-1,-1,3,1,4,5,4,2,0,0,5,5,2,-1,3,4,1,5,4,3,1,0,3,0,2,2,3,3,0,0,4,3,3,-1,-1,2,5,0
2011.86812204,4,-1,2,3,1,5,0,4,1,0,3,2,-1,-1,3,0,5,-1,4,3,5,-1,3,5,5,1,5,4,-1,2,0,2,0,0,1,3,-1,-1,3,5,1,1,0,3,-1,-1,3,3,5,2,1,5,2,-1,3,1,4,0,0,4,4,2,4,5,3,4,4,4,-1,-1,3,-1,5,2,3,1,0,4,-1,-1,-1,5,1,-1,0,0,1,2,1,-1
2142.55633818,0,0,5,-1,2,5,4,3,1,3,0,3,5,0,4,-1,0,-1,2,4,0,-1,2,3,2,-1,3,1,4,3,1,-1,3,0,5,4,4,1,2,3,4,5,5,3,1,3,4,2,1,-1,5,5,3,-1,0,1,2,2,2,-1,1,-1,1,-1,4,1,3,5,5,0,2,4,0,0,4,4,3,1,5,4,2,5,1,0,2,2,-1,0,3,4
2132.22839404,1,5,-1,3,2,5,2,-1,-1,1,3,2,-1,3,0,-1,1,1,-1,1,3,2,3,4,-1,-1,0,4,3,2,1,4,1,-1,0,0,5,-1,2,-1,0,4,3,1,3,2,3,-1,5,2,2,-1,0,5,4,1,4,0,-1,2,5,0,4,3,3,0,5,1,0,4,2,-1,0,1,2,3,4,4,4,1,3,4,4,-1,0,3,5,1,1,-1
2086.94433131,1,3,4,0,1,2,5,0,-1,4,1,2,1,2,2,3,1,5,4,2,5,2,1,3,1,2,2,-1,4,3,0,0,3,4,3,2,4,1,2,2,0,-1,5,3,5,1,5,5,2,5,1,-1,3,2,-1,4,0,5,3,5,0,5,4,4,1,5,3,4,3,4,3,0,-1,5,1,-1,0,3,4,-1,0,0,3,-1,-1,1,4,1,-1,-1
2185.45702919,4,0,-1,0,3,3,2,4,2,1,5,1,5,5,0,1,2,0,0,5,5,3,3,3,0,4,3,0,4,-1,1,4,1,5,0,4,4,5,5,5,0,2,2,0,2,1,-1,1,0,3,3,1,-1,0,-1,-1,-1,2,5,2,5,5,3,1,3,4,1,1,3,-1,3,5,-1,-1,-1,4,-1,4,1,0,1,1,4,-1,2,-1,4,2,2,2
2028.75033841,0,5,1,1,5,4,3,1,4,2,2,3,1,-1,2,0,1,5,-1,1,3,-1,1,4,-1,0,2,5,-1,4,3,3,1,-1,3,-1,5,4,5,-1,-1,-1,-1,1,-1,3,-1,5,2,-1,1,2,0,-1,5,3,2,0,2,4,3,-1,-1,1,3,0,4,0,-1,3,4,2,-1,3,2,0,2,5,4,0,3,4,-1,0,0,0,1,-1,0,2
2124.28382164,2,0,2,1,-1,0,-1,-1,-1,5,5,2,3,2,5,1,2,5,2,3,1,-1,3,-1,2,-1,3,1,-1,5,5,0,4,1,4,4,0,4,5,3,4,5,-1,0,2,-1,4,1,3,1,0,4,4,1,3,0,4,2,3,0,5,2,5,2,0,3,0,0,5,3,0,0,2,5,0,1,4,3,3,4,4,-1,2,4,1,3,1,3,-1,2
2097.07366113,3,5,0,1,5,3,-1,1,-1,0,-1,4,1,3,1,0,-1,4,1,3,1,3,3,5,4,0,2,0,-1,5,4,0,4,-1,0,4,5,2,4,-1,-1,5,2,-1,0,2,1,1,5,1,2,3,3,4,3,0,-1,1,1,5,2,2,0,4,4,3,4,-1,5,3,0,2,5,1,2,1,5,0,0,1,3,3,2,-1,4,0,-1,-1,2,2
2081.58174493,5,2,-1,4,0,-1,4,-1,4,-1,-1,-1,2,2,1,2,3,0,5,4,3,2,5,-1,4,2,3,5,-1,3,-1,1,-1,5,1,2,1,-1,0,0,5,1,3,3,4,4,4,2,3,3,0,1,5,1,2,3,1,2,1,3,0,4,0,2,5,2,5,1,5,4,-1,4,-1,0,2,0,3,5,4,3,1,4,0,4,-1,-1,0,0,1,5
2046.42701202,3,1,0,1,2,-1,5,2,2,1,2,4,0,1,2,1,-1,3,-1,4,4,3,3,5,2,4,5,3,4,0,4,0,1,3,5,0,2,0,2,2,0,3,0,1,3,0,4,3,2,1,0,-1,4,-1,4,5,5,1,3,5,5,4,4,-1,3,-1,4,-1,5,1,4,0,-1,5,0,-1,-1,-1,4,2,1,4,1,5,3,5,-1,2,-1,1
2073.04132959,1,0,-1,4,4,1,0,2,5,1,4,1,4,0,3,3,4,4,1,-1,1,5,2,0,3,5,4,0,5,5,0,1,3,3,2,5,5,-1,2,-1,-1,5,1,2,-1,3,1,0,-1,-1,-1,0,1,-1,-1,2,5,1,1,5,0,5,0,5,2,3,2,4,1,3,3,-1,-1,2,4,0,3,3,3,3,4,-1,-1,0,2,-1,1,3,2,4
2081.97897356,1,3,3,-1,3,2,-1,2,4,4,3,0,0,0,-1,1,1,2,-1,4,0,3,2,3,-1,1,2,-1,4,3,1,0,4,4,4,-1,5,5,2,0,3,1,4,5,3,5,1,-1,0,2,4,1,4,-1,1,0,-1,2,4,2,3,5,4,-1,0,0,5,0,1,2,1,-1,3,3,5,0,1,1,0,-1,3,4,0,-1,-1,2,-1,-1,2,-1
2130.24225094,5,-1,5,-1,3,-1,3,2,2,1,2,3,-1,1,2,2,2,1,1,5,4,5,4,0,1,0,1,5,2,2,-1,-1,5,5,1,-1,-1,0,4,0,5,5,0,3,3,2,1,3,0,0,3,4,1,4,-1,-1,3,3,3,4,1,1,4,2,1,0,-1,3,0,4,2,0,0,4,-1,4,2,3,2,4,5,4,1,1,-1,5,-1,4,-1,5
2102.63486182,1,4,3,3,1,0,-1,4,1,5,0,-1,4,0,4,2,4,3,0,2,4,-1,0,2,0,4,-1,5,0,3,1,4,0,3,0,4,1,2,-1,-1,2,5,-1,2,5,0,1,4,3,-1,4,-1,3,5,-1,3,5,1,1,2,2,1,2,1,-1,5,3,-1,3,4,-1,3,-1,1,2,4,2,4,2,2,5,4,2,2,0,-1,-1,0,1,5
2081.97897356,0,0,-1,-1,-1,3,4,-1,0,-1,4,1,2,0,3,1,2,3,3,-1,3,0,-1,4,3,0,0,4,5,-1,2,1,2,-1,1,4,1,2,5,0,-1,2,0,1,3,2,2,1,4,3,3,1,5,5,1,2,0,0,5,0,2,5,3,1,1,5,3,4,4,1,0,5,3,1,-1,5,-1,4,4,2,2,5,-1,-1,5,5,3,4,-1,5
2131.83116542,3,2,1,5,4,-1,2,0,1,-1,5,2,2,2,1,0,5,0,3,5,3,-1,0,4,5,1,0,-1,4,3,0,4,3,0,2,3,-1,-1,1,5,-1,1,5,0,4,-1,0,2,5,-1,1,1,0,-1,2,1,-1,2,-1,1,3,3,5,4,5,5,-1,-1,3,2,4,1,3,4,1,4,4,3,0,4,-1,0,0,5,5,5,3,0,2,2
2014.64872238,1,1,0,4,4,3,-1,5,5,4,0,4,3,3,-1,3,1,0,3,0,1,4,-1,-1,3,3,2,3,2,5,4,2,-1,5,2,1,-1,0,4,3,3,1,2,5,0,0,4,0,5,-1,-1,1,4,2,2,2,-1,3,1,4,3,-1,4,2,5,4,4,4,-1,1,5,0,-1,0,5,1,5,1,-1,1,2,0,5,0,5,2,2,-1,-1,-1
2090.5193889,4,1,2,3,5,1,5,0,3,5,-1,1,3,4,4,2,4,-1,3,-1,2,4,2,-1,4,4,3,-1,1,2,4,1,3,3,-1,0,5,4,4,2,1,1,1,0,2,0,1,-1,4,5,5,0,-1,0,1,1,-1,-1,2,2,3,5,-1,3,0,-1,2,2,0,4,4,2,5,5,-1,2,3,3,0,3,2,3,2,-1,5,0,1,0,0,5
2156.06211127,5,-1,0,2,1,4,2,2,5,0,1,5,4,0,2,1,1,3,4,-1,-1,3,5,0,-1,0,-1,-1,2,0,3,4,-1,4,1,3,0,-1,2,3,-1,-1,5,0,5,1,-1,5,5,5,5,4,3,3,3,4,4,2,0,3,0,3,0,2,3,4,3,-1,4,1,1,3,-1,-1,4,1,5,0,0,2,2,1,3,5,1,0,2,4,1,1
2199.16141659,1,0,4,4,5,4,1,5,-1,5,5,2,-1,-1,-1,2,2,0,4,4,3,5,1,-1,0,3,0,0,5,3,2,4,3,3,4,0,1,0,4,3,1,-1,-1,0,3,0,1,2,-1,5,3,2,1,-1,2,3,3,1,2,3,0,2,2,0,3,5,0,5,4,4,1,5,1,2,3,0,2,5,4,3,-1,1,4,1,5,5,2,4,1,-1
2011.86812204,1,3,5,1,2,0,-1,4,3,-1,2,3,3,5,3,1,1,3,1,2,3,-1,4,4,5,4,-1,3,1,2,-1,4,1,3,5,-1,2,-1,4,2,1,4,5,3,5,2,0,0,0,2,0,5,5,-1,-1,1,0,0,4,3,-1,5,4,5,2,1,5,3,0,0,3,1,-1,0,-1,1,5,1,0,-1,-1,4,5,2,4,-1,2,4,-1,0
2135.2076087,2,-1,4,-1,2,4,-1,2,4,5,4,3,-1,1,-1,4,4,-1,0,-1,2,3,2,2,1,1,2,5,0,4,4,0,3,1,4,3,-1,-1,0,5,1,-1,0,3,0,0,-1,5,2,3,3,5,-1,3,3,1,1,3,1,3,2,0,5,5,5,4,2,3,2,5,1,1,0,4,5,1,-1,4,1,0,0,4,2,2,1,3,-1,3,0,0
2198.36695935,-1,3,2,0,5,0,5,0,3,4,1,1,-1,2,3,4,5,5,3,5,-1,5,0,4,0,-1,4,-1,1,-1,2,3,3,1,-1,1,0,-1,4,1,0,5,3,3,5,0,5,0,4,4,-1,2,1,-1,0,3,2,3,1,5,4,1,0,2,1,0,5,1,1,2,2,4,2,3,1,1,4,-1,2,0,3,-1,2,0,-1,1,2,4,5,4
2100.84733303,3,2,0,0,-1,5,2,5,-1,3,0,1,-1,5,3,0,1,0,3,-1,5,3,4,-1,4,4,1,3,0,3,2,2,-1,5,2,5,1,4,2,4,3,1,2,4,5,4,-1,-1,4,2,0,5,3,1,1,-1,-1,3,3,5,2,3,1,0,2,0,4,1,-1,4,0,1,5,1,4,4,1,4,4,0,-1,-1,-1,1,-1,0,3,0,3,-1
2093.89583217,2,5,1,-1,-1,1,-1,4,4,5,5,0,-1,0,1,3,1,5,3,2,4,1,0,2,2,4,0,-1,3,4,4,0,-1,-1,5,4,-1,4,1,3,-1,4,0,0,-1,3,-1,0,0,5,-1,-1,-1,5,3,-1,2,0,1,2,1,3,1,0,5,1,1,4,2,2,3,3,1,1,2,2,2,2,0,5,5,4,4,-1,4,2,5,-1,0,3
2110.38081992,2,5,-1,1,4,4,2,0,4,5,2,0,2,0,-1,-1,-1,1,1,2,-1,0,2,2,4,-1,1,-1,1,3,-1,2,0,5,5,5,3,5,2,1,0,-1,3,3,4,-1,0,4,3,3,1,3,0,4,1,-1,4,4,3,1,4,4,5,2,5,-1,-1,-1,3,5,0,4,2,5,1,0,5,2,4,3,5,4,5,1,1,0,-1,0,1,-1
2182.08058591,4,0,4,2,-1,3,5,-1,5,1,4,2,-1,-1,5,2,4,2,4,5,5,3,3,5,1,4,3,3,1,1,0,1,4,4,0,0,-1,3,2,4,2,-1,2,4,2,3,0,3,-1,1,1,0,2,5,2,1,-1,1,3,1,1,0,3,5,4,4,3,2,-1,4,5,0,-1,3,4,0,1,0,0,0,5,1,1,2,3,3,5,5,0,2
2069.86350063,2,5,1,4,3,2,-1,4,3,0,4,3,-1,4,2,0,4,1,5,1,4,3,0,0,2,-1,-1,0,-1,3,2,0,3,-1,2,1,3,5,1,2,4,-1,-1,0,1,0,4,-1,4,1,-1,3,-1,-1,0,5,-1,4,0,-1,3,2,4,5,-1,1,3,-1,3,4,5,2,2,5,3,-1,1,5,3,5,2,-1,0,5,5,0,1,1,4,1
2029.34618134,5,4,3,2,0,3,-1,0,5,5,4,4,1,2,5,3,-1,2,2,1,5,-1,0,0,4,2,2,-1,0,0,-1,-1,3,-1,1,-1,0,4,1,3,5,1,0,3,1,4,3,5,3,5,2,2,4,4,5,0,3,2,-1,1,4,3,3,3,2,-1,1,2,0,4,4,1,2,4,-1,4,0,3,-1,-1,5,1,-1,5,1,5,-1,0,3,1
2148.9119961,1,0,2,1,0,2,3,4,1,-1,0,0,1,3,5,2,1,1,0,-1,-1,5,1,1,1,1,-1,-1,2,-1,1,-1,3,-1,2,3,4,5,5,-1,2,4,-1,0,2,0,2,3,5,3,3,2,-1,0,4,4,-1,0,4,3,2,3,1,0,3,3,0,2,4,5,4,5,2,5,-1,-1,3,1,2,3,4,2,1,-1,5,5,0,4,5,5
2131.4339368,-1,4,3,2,4,4,4,5,5,1,4,5,0,0,3,1,0,3,3,1,2,-1,1,2,2,4,1,5,3,-1,-1,2,5,3,3,4,1,2,-1,5,-1,0,5,4,0,-1,0,1,2,0,1,-1,-1,5,-1,4,0,4,4,-1,2,0,3,2,2,3,2,1,2,0,1,5,0,5,5,-1,1,-1,-1,5,4,5,4,1,0,0,-1,3,3,3
2065.89121443,1,4,3,4,5,1,5,-1,3,5,1,-1,1,5,5,-1,5,0,1,0,4,-1,0,3,2,-1,2,5,2,1,4,-1,1,-1,2,0,2,4,4,5,1,3,2,0,-1,5,1,4,-1,1,0,2,3,4,-1,0,-1,3,4,3,-1,3,1,-1,3,1,2,4,2,-1,3,0,0,5,5,0,0,0,5,2,3,1,3,2,0,3,-1,1,-1,-1
2022.7919091,4,-1,2,1,2,0,0,1,4,4,0,3,3,2,2,-1,5,3,1,5,4,-1,0,3,-1,3,5,-1,4,3,0,1,-1,-1,2,-1,0,-1,1,1,2,3,2,4,-1,4,4,5,5,5,4,-1,0,0,-1,1,4,4,3,3,2,4,5,-1,0,2,2,1,3,5,0,5,1,1,5,1,3,1,-1,3,2,3,0,2,4,-1,5,2,1,-1
2026.565581,-1,3,2,-1,3,1,2,1,4,2,4,1,4,1,1,3,-1,3,-1,-1,1,-1,4,2,4,5,4,5,0,5,-1,0,5,3,5,-1,0,3,5,4,5,-1,0,1,3,5,-1,2,-1,3,2,4,4,1,-1,2,1,3,4,1,3,5,-1,2,0,0,4,3,-1,5,0,-1,4,0,2,3,1,0,2,1,5,0,1,3,2,-1,-1,1,-1,-1
2077.0136158,0,4,2,3,-1,-1,1,1,-1,1,1,1,2,5,5,2,-1,-1,4,4,0,1,3,4,-1,1,0,4,0,-1,5,3,2,-1,0,1,5,3,2,0,2,4,2,5,4,1,5,4,1,-1,1,0,0,4,3,0,-1,5,0,5,3,3,4,0,3,-1,3,3,4,0,2,0,-1,-1,5,2,3,3,5,1,5,1,5,5,-1,4,2,4,2,3
2088.33463148,3,1,4,3,4,0,0,5,5,1,-1,-1,-1,-1,3,4,3,2,2,0,-1,5,5,1,0,3,2,4,0,5,5,1,1,3,2,-1,3,-1,-1,-1,1,1,3,2,2,2,2,5,2,4,1,-1,3,-1,4,3,0,1,3,5,4,4,2,5,0,0,0,5,0,2,0,0,4,1,2,-1,-1,-1,3,5,1,3,3,1,4,-1,0,-1,4,4
2116.93509216,2,-1,2,5,-1,1,4,1,4,2,-1,5,3,5,4,1,3,2,-1,0,4,-1,3,1,-1,5,1,4,5,2,3,-1,1,1,5,-1,5,2,4,4,3,-1,4,4,3,-1,1,1,0,0,1,0,2,1,4,-1,5,3,5,5,2,2,0,0,1,0,-1,-1,2,3,-1,5,0,3,0,-1,5,3,1,0,3,1,3,3,2,4,0,0,-1,-1
2067.67874322,1,0,1,3,3,5,1,1,5,0,3,2,3,0,-1,2,-1,2,5,-1,3,2,3,-1,4,0,5,2,0,5,-1,5,0,3,0,-1,-1,2,3,5,4,0,2,-1,4,4,1,4,0,4,1,3,2,4,4,0,-1,2,4,0,1,4,1,-1,2,4,-1,2,1,5,0,1,3,5,2,0,4,2,4,-1,-1,-1,-1,3,5,1,-1,2,1,1
2146.72723869,4,1,5,4,2,1,2,0,1,4,2,0,3,-1,3,4,0,4,-1,2,3,1,5,-1,1,4,5,2,1,5,-1,0,2,-1,1,-1,3,-1,-1,5,0,0,0,-1,2,3,4,1,5,0,1,3,1,3,5,2,4,0,5,2,0,4,2,5,1,4,0,1,2,0,-1,-1,3,4,3,1,2,0,3,3,1,2,2,0,-1,4,5,3,5,3
2133.81730853,0,1,1,5,-1,0,0,1,5,4,3,5,4,3,4,4,4,-1,3,1,2,3,3,1,0,2,2,5,0,2,2,0,-1,1,-1,4,2,-1,5,0,-1,5,1,1,2,0,1,0,5,-1,4,2,5,3,1,4,-1,-1,4,2,-1,3,4,1,0,4,4,1,-1,2,3,-1,2,0,3,4,2,4,4,2,5,3,-1,-1,0,3,0,0,3,3
2165.39698385,0,-1,0,-1,-1,2,-1,1,-1,2,1,1,-1,5,0,0,0,2,0,0,2,2,-1,5,1,-1,3,2,1,-1,3,3,5,4,5,3,3,2,3,4,-1,3,4,4,4,-1,2,-1,0,5,1,0,2,1,3,0,4,4,1,5,5,0,2,4,0,4,5,5,5,5,0,3,1,5,2,0,3,1,2,-1,-1,3,2,4,-1,2,4,1,5,3
2127.4616506,0,1,0,3,2,1,3,4,1,0,4,-1,4,3,-1,3,4,5,1,-1,2,1,4,4,2,2,3,-1,5,-1,0,0,5,0,0,2,4,2,1,4,5,-1,3,1,2,1,2,5,5,5,-1,2,-1,-1,3,4,1,4,-1,-1,5,5,3,3,2,5,1,3,0,4,0,5,3,2,-1,0,5,0,4,0,-1,1,4,1,4,3,2,1,5,0
2084.36234528,0,-1,2,-1,0,0,-1,1,2,2,0,1,2,2,3,1,4,1,2,5,4,4,5,0,2,2,0,0,5,4,-1,3,3,3,3,1,4,1,1,-1,1,0,1,4,5,3,2,-1,-1,-1,5,5,0,2,0,-1,2,3,4,5,4,0,4,4,5,1,4,0,5,3,3,3,3,0,5,4,4,2,4,5,5,-1,2,3,-1,-1,1,3,1,-1
2168.57481282,5,3,2,5,-1,2,-1,0,3,4,4,1,-1,0,0,0,2,1,5,2,1,0,3,2,-1,4,1,-1,1,3,2,5,4,3,-1,-1,1,4,4,3,2,-1,-1,-1,3,-1,1,4,-1,4,5,1,1,-1,1,5,0,1,3,2,2,0,0,0,5,1,-1,0,1,2,4,0,3,4,3,2,5,0,0,3,4,5,5,4,4,-1,0,2,3,5
1994.58867705,3,1,4,1,5,2,2,5,3,-1,-1,0,1,3,2,4,1,5,0,4,0,1,-1,4,-1,4,0,1,1,-1,1,5,-1,4,2,3,0,2,5,0,-1,0,-1,3,4,2,5,2,-1,2,5,5,2,4,1,-1,2,-1,-1,3,1,-1,-1,-1,1,3,4,2,1,3,0,5,0,-1,1,5,4,3,0,0,3,3,2,3,-1,-1,3,5,-1,-1
2124.28382164,0,4,-1,-1,3,0,3,0,2,1,2,0,-1,1,5,1,-1,-1,4,-1,5,4,4,1,0,3,5,1,5,2,0,5,0,4,4,5,0,0,3,-1,1,5,2,2,-1,0,1,1,-1,-1,-1,3,2,-1,0,2,3,-1,3,2,-1,3,1,0,4,3,4,3,0,4,2,3,5,4,1,1,4,4,1,1,2,-1,1,2,4,5,5,2,2,3
2162.21915489,-1,3,2,0,4,1,-1,0,2,-1,4,0,-1,5,0,3,3,4,1,2,-1,4,1,0,2,3,3,3,0,5,0,3,4,2,1,2,-1,-1,-1,0,4,4,-1,5,-1,2,0,5,1,5,-1,1,4,1,1,-1,2,5,2,4,5,4,3,4,3,4,3,3,-1,0,2,3,5,0,5,2,1,0,2,1,0,5,3,1,5,3,5,0,2,1
2057.15218478,4,4,5,2,2,0,-1,-1,5,4,0,0,1,-1,2,3,0,-1,-1,2,3,1,1,3,1,0,4,3,3,4,5,4,-1,2,3,0,2,1,3,5,4,1,4,3,-1,1,1,2,0,3,-1,0,2,-1,2,4,-1,0,-1,2,5,4,0,0,-1,-1,5,3,2,3,3,5,2,0,2,-1,-1,1,1,4,0,0,3,1,-1,4,5,5,5,4
2136.79652318,-1,1,0,2,-1,4,3,3,1,0,2,0,4,1,-1,2,4,3,0,0,4,-1,-1,0,5,4,3,2,-1,5,5,3,1,3,5,2,2,-1,3,5,4,0,-1,-1,1,-1,-1,1,2,4,2,4,-1,1,1,5,2,1,4,4,1,0,-1,0,3,2,0,3,5,5,0,4,3,-1,0,4,4,-1,1,5,1,2,2,-1,4,3,-1,3,1,-1
2107.79883389,0,1,3,-1,0,2,3,1,2,1,4,4,-1,2,5,3,0,-1,0,2,4,5,-1,3,5,5,5,3,3,5,-1,1,3,4,1,1,-1,0,4,0,1,-1,-1,4,5,0,0,3,2,3,-1,4,4,1,-1,-1,1,2,3,2,-1,4,5,4,1,4,0,2,0,0,0,-1,5,1,2,2,0,3,0,-1,1,1,2,-1,2,2,2,4,-1,3
2103.82654768,0,4,2,4,2,2,1,1,5,3,3,0,0,2,3,2,2,3,4,4,-1,5,1,4,-1,1,-1,4,5,0,1,1,1,5,5,-1,-1,1,1,4,-1,4,-1,0,4,-1,2,1,-1,5,-1,0,3,-1,0,5,2,-1,2,5,0,0,4,-1,0,3,1,0,1,3,4,0,0,3,-1,-1,2,2,0,3,2,2,3,5,1,5,5,3,3,4
2002.73186377,0,4,5,5,-1,4,4,-1,5,-1,3,4,3,0,0,-1,1,-1,2,5,0,4,4,2,-1,3,4,-1,5,4,3,4,0,3,-1,3,2,-1,3,0,5,0,4,4,1,2,3,3,1,5,-1,-1,2,3,2,3,0,0,-1,1,5,2,1,-1,1,2,2,3,1,5,4,-1,0,5,5,2,1,0,1,1,2,-1,-1,-1,3,-1,5,0,0,2
2047.42008357,3,1,4,2,-1,4,2,3,0,-1,1,4,0,0,-1,1,3,-1,4,0,1,2,3,5,4,-1,5,2,1,-1,-1,-1,2,5,4,-1,3,3,-1,0,1,0,4,2,0,-1,2,2,-1,2,4,4,5,1,3,3,5,0,0,3,-1,0,-1,-1,2,5,4,4,3,3,3,-1,1,1,2,2,4,4,1,0,1,5,5,5,5,0,3,5,1,1
2107.40160527,5,2,1,4,3,-1,1,2,-1,-1,0,4,1,0,3,0,2,1,3,4,4,1,2,5,4,-1,-1,1,1,5,2,0,2,4,3,0,0,1,0,-1,5,-1,1,2,-1,5,2,5,2,-1,5,3,2,5,3,4,0,4,2,3,4,4,-1,4,5,5,2,3,-1,2,4,1,3,3,5,-1,-1,5,4,0,3,1,3,3,-1,0,0,0,2,-1
2084.36234528,2,4,2,3,-1,0,1,2,3,3,5,5,2,4,0,4,5,4,-1,0,2,3,0,5,3,3,4,4,4,-1,2,5,0,-1,-1,2,4,-1,4,0,1,5,-1,-1,5,3,0,5,2,-1,1,-1,-1,-1,0,2,3,-1,0,4,1,2,3,-1,2,1,1,-1,1,-1,1,0,0,1,2,5,4,3,1,5,1,4,5,0,0,3,1,-1,1,5
2187.24455798,-1,2,0,-1,4,0,3,1,3,2,-1,0,4,3,1,5,4,4,4,0,0,4,-1,1,1,0,5,0,-1,2,5,4,3,5,3,2,1,-1,3,5,-1,3,0,4,1,4,4,-1,3,0,0,-1,-1,-1,2,4,5,5,4,4,2,1,1,2,2,0,-1,3,2,1,5,-1,1,5,3,2,0,1,2,3,5,2,1,2,4,3,-1,0,1,5
2032.92123893,3,3,3,4,-1,5,2,5,3,1,2,1,0,1,2,-1,2,-1,2,-1,3,1,4,1,1,-1,2,-1,2,-1,5,1,0,0,4,5,4,1,5,0,0,1,-1,4,0,4,-1,4,2,-1,-1,1,4,5,4,-1,3,5,-1,0,-1,2,5,-1,4,0,5,0,3,4,-1,3,0,0,-1,3,2,4,3,2,-1,0,4,2,2,3,-1,4,5,-1
2168.77342713,0,-1,0,1,2,5,-1,5,2,2,5,-1,5,1,5,3,0,4,4,1,3,0,1,3,1,0,4,0,1,3,5,1,2,3,-1,2,5,4,0,4,4,5,2,2,3,-1,5,0,4,0,2,2,4,1,4,4,3,2,-1,1,2,3,5,-1,0,3,1,-1,1,5,1,0,-1,5,5,3,3,0,3,1,2,0,-1,0,-1,4,3,4,4,2
2151.29536783,1,1,3,2,5,4,2,1,4,4,0,4,3,-1,2,0,0,2,4,1,3,4,0,0,1,5,4,-1,0,4,4,0,-1,1,-1,5,1,3,5,1,0,3,2,4,1,3,4,1,3,3,4,2,2,3,0,0,-1,2,-1,2,3,5,0,3,-1,5,5,2,0,5,1,5,-1,5,2,2,5,-1,2,5,-1,5,0,4,0,5,-1,1,-1,1
2062.91199977,3,-1,5,-1,-1,0,0,2,-1,2,3,2,0,3,-1,3,2,0,5,3,5,3,0,-1,2,5,4,1,2,-1,-1,-1,2,4,-1,1,-1,3,1,2,4,3,3,0,-1,2,-1,5,5,0,4,4,-1,4,0,1,5,5,1,1,-1,4,4,0,3,-1,0,1,4,-1,1,1,4,3,2,1,1,4,2,2,0,2,1,2,0,-1,2,3,-1,3
1961.81731586,2,1,3,-1,2,2,5,0,3,1,2,-1,1,1,4,2,-1,5,4,2,2,4,2,1,5,3,4,0,-1,-1,-1,2,5,1,3,-1,3,-1,-1,4,0,-1,0,4,-1,1,5,0,1,0,0,3,0,3,-1,0,-1,4,1,-1,4,0,3,4,-1,3,2,4,5,3,-1,2,3,0,4,3,0,5,-1,-1,2,-1,0,-1,4,0,1,2,-1,4
2075.22608701,5,2,1,4,1,2,3,4,5,0,4,1,1,2,3,1,3,-1,5,3,2,0,-1,-1,3,-1,2,1,-1,4,5,4,4,3,2,-1,2,1,1,4,2,5,1,5,-1,4,2,3,0,-1,3,3,-1,4,0,1,4,-1,0,1,0,5,2,3,1,-1,4,0,-1,5,4,5,2,0,-1,5,5,3,0,5,4,-1,2,1,0,2,0,3,0,-1
2177.51245678,1,3,0,5,1,0,4,3,2,2,1,-1,0,2,3,0,2,3,2,-1,5,1,2,-1,5,2,3,-1,4,3,4,-1,0,-1,1,5,4,-1,5,4,2,3,3,1,0,0,2,3,4,0,2,5,2,3,5,4,2,0,1,4,5,0,0,2,4,-1,4,0,0,1,1,0,3,3,4,1,5,0,3,-1,-1,1,4,5,1,1,-1,1,-1,-1
2136.00206594,2,2,3,3,5,5,4,2,2,5,3,-1,-1,1,5,1,1,3,4,4,1,-1,3,0,4,5,-1,4,1,5,1,4,5,1,5,0,2,0,3,2,0,-1,0,3,0,0,2,2,3,0,4,2,-1,2,4,4,0,2,1,1,1,1,4,3,5,3,3,0,4,-1,-1,-1,1,-1,0,2,5,1,-1,2,-1,-1,-1,-1,-1,1,5,-1,0,4
2115.14756336,3,-1,0,-1,4,-1,2,2,0,0,-1,2,5,0,-1,1,1,5,5,3,0,4,0,5,4,-1,4,3,3,2,1,0,1,3,2,2,1,3,0,4,-1,4,3,4,3,1,5,4,-1,0,5,1,-1,2,4,5,3,5,5,2,-1,1,3,1,1,2,4,2,3,4,4,1,2,4,0,3,1,4,5,-1,-1,-1,5,2,1,2,5,-1,3,0
2086.34848838,3,0,5,4,2,1,4,-1,3,2,5,0,1,5,1,3,3,4,-1,2,0,0,5,4,4,0,-1,2,2,-1,-1,4,-1,3,2,3,1,0,-1,4,5,-1,5,2,3,3,-1,0,0,3,4,0,1,1,1,2,-1,-1,1,1,-1,0,4,-1,3,5,1,0,3,0,-1,2,3,0,4,2,1,-1,-1,5,5,2,2,1,2,1,4,3,1,4
2080.39005907,0,1,2,4,1,0,4,3,3,1,2,2,-1,1,4,1,-1,1,0,1,2,2,1,3,3,0,-1,3,-1,-1,0,1,-1,-1,5,5,3,5,0,0,-1,1,5,2,-1,0,3,5,-1,5,2,4,-1,2,0,0,5,3,5,0,4,0,0,4,4,4,1,0,-1,5,2,3,3,1,2,-1,-1,4,3,2,4,-1,2,5,4,5,5,4,-1,2
2130.63947956,2,5,3,1,3,4,3,1,-1,2,0,0,0,5,0,2,5,4,5,2,5,0,5,2,3,2,-1,-1,1,3,3,1,0,-1,-1,4,1,1,5,-1,5,4,0,4,-1,-1,1,1,3,-1,-1,5,4,4,0,2,1,2,0,4,3,2,4,-1,2,2,-1,4,4,-1,3,-1,2,5,1,2,5,4,0,5,-1,1,1,0,0,0,3,1,0,2
2119.51707819,-1,1,4,4,1,2,2,3,2,4,-1,-1,-1,5,1,-1,-1,0,-1,3,-1,2,2,0,1,5,1,2,1,1,2,0,0,2,1,3,5,-1,5,4,1,3,2,4,2,0,3,2,3,5,-1,-1,2,0,1,3,0,-1,0,-1,-1,1,4,4,5,3,-1,1,4,3,1,0,3,4,4,0,4,4,3,3,-1,5,2,-1,5,1,5,5,0,3
2077.0136158,3,3,2,2,5,0,-1,0,-1,4,2,2,2,0,1,1,0,3,-1,-1,5,1,1,4,5,1,2,-1,0,-1,2,2,3,-1,1,3,-1,4,-1,0,2,3,-1,3,0,3,0,5,-1,3,1,5,1,0,1,-1,5,2,4,5,2,-1,5,5,-1,2,1,4,5,4,-1,3,4,0,0,0,0,1,-1,3,1,3,5,2,0,3,1,5,4,4
2007.49860722,5,3,5,2,3,0,-1,5,4,3,1,3,0,1,3,4,2,2,2,5,-1,3,1,2,-1,0,4,2,2,1,-1,3,1,5,4,-1,4,-1,0,1,3,-1,5,0,2,1,4,0,0,-1,0,4,0,2,0,0,-1,1,-1,3,2,4,4,-1,3,5,0,2,5,0,5,-1,3,0,1,-1,2,1,4,3,2,5,5,-1,4,1,4,2,-1,3
2035.10599634,2,1,-1,4,5,0,-1,1,5,5,2,2,0,4,2,-1,4,-1,3,3,5,-1,1,0,5,2,0,0,2,5,2,-1,4,0,4,1,1,3,1,5,5,0,3,0,5,4,2,1,-1,0,-1,-1,3,0,1,4,-1,1,5,2,-1,2,5,-1,-1,1,4,5,3,4,3,-1,3,4,3,1,1,3,2,2,-1,2,3,3,-1,3,4,0,4,2
2072.44548666,4,4,0,-1,5,4,5,2,-1,0,3,0,5,2,3,-1,1,5,2,4,4,-1,-1,-1,-1,0,5,4,5,3,5,0,1,4,-1,-1,2,-1,1,0,-1,1,1,2,1,4,0,1,2,1,0,1,0,2,5,4,5,2,3,2,0,-1,4,4,1,4,2,3,4,-1,1,0,3,0,3,0,2,5,1,-1,2,3,-1,5,3,3,-1,1,3,0
2037.29075375,-1,5,3,2,4,-1,-1,0,4,-1,5,4,0,4,1,-1,3,4,1,0,0,1,5,2,-1,2,1,-1,1,-1,2,3,4,0,0,3,-1,5,2,-1,2,0,0,0,-1,2,2,4,3,5,5,5,4,5,2,-1,4,3,-1,5,-1,0,1,2,1,0,2,1,3,1,-1,1,1,3,5,5,1,0,-1,2,4,2,0,1,-1,4,3,1,-1,5
2190.42238694,4,3,1,1,4,3,-1,0,4,2,3,3,1,1,1,4,2,1,-1,4,0,0,5,2,3,5,1,3,0,-1,0,0,0,-1,-1,5,2,2,5,0,4,3,-1,2,0,0,1,-1,-1,-1,1,2,5,2,5,5,5,0,2,2,-1,4,5,3,1,4,0,1,4,0,-1,3,-1,4,4,2,0,5,1,4,3,1,3,0,1,4,-1,2,3,4
2114.75033474,4,0,0,3,3,-1,-1,-1,3,3,2,3,2,1,3,0,1,3,0,4,4,0,4,-1,4,1,0,2,5,0,4,-1,0,1,5,3,2,2,0,-1,1,3,2,3,2,4,-1,3,5,2,-1,2,1,5,2,-1,1,1,3,-1,4,0,1,-1,4,2,5,5,1,5,0,4,1,-1,4,5,0,-1,-1,5,-1,4,2,1,5,5,3,4,1,0
2064.30229994,1,4,4,-1,5,-1,5,3,4,1,5,0,1,1,1,1,1,2,2,3,1,3,-1,2,0,1,5,5,3,-1,3,2,1,-1,2,3,3,0,3,0,0,5,-1,4,-1,5,3,0,-1,1,-1,0,3,0,2,4,4,3,-1,0,-1,3,4,1,2,4,5,0,0,5,-1,0,4,2,2,4,-1,1,0,0,-1,-1,-1,3,-1,5,-1,1,-1,2
2127.4616506,4,-1,1,2,2,4,-1,3,0,2,1,-1,0,1,-1,0,3,2,3,1,0,5,2,-1,5,0,0,-1,3,1,2,5,5,-1,4,5,-1,-1,5,1,-1,1,2,-1,2,3,1,1,4,3,4,3,-1,3,0,3,1,5,-1,1,0,4,4,3,1,-1,3,0,3,4,4,2,0,4,2,0,5,4,3,5,4,1,0,5,2,4,4,2,-1,0
2128.05749353,-1,1,1,-1,5,5,0,2,3,2,4,1,4,4,3,1,-1,5,5,2,3,3,2,0,4,3,4,3,5,-1,4,2,-1,0,-1,2,1,5,0,-1,4,-1,4,0,3,0,5,0,2,-1,0,-1,3,3,-1,2,5,2,2,2,4,1,4,1,2,0,3,0,0,-1,5,0,3,4,-1,5,2,2,1,3,1,1,1,3,-1,1,4,4,-1,5
2055.56327029,4,0,2,2,4,3,5,0,1,-1,4,1,5,-1,4,4,0,5,3,5,0,1,5,1,3,3,-1,1,-1,4,3,4,4,5,2,-1,3,1,0,3,4,-1,1,-1,2,0,1,3,0,2,1,-1,5,-1,-1,-1,-1,0,5,3,5,3,4,2,4,4,1,2,3,2,5,-1,5,1,2,2,5,2,2,0,1,0,-1,0,4,0,1,2,3,0
2064.30229994,1,1,2,2,4,2,2,-1,2,3,-1,0,-1,4,1,-1,5,5,-1,-1,3,5,1,0,2,5,-1,0,3,1,1,3,2,0,5,1,3,0,4,2,2,0,-1,-1,5,0,1,1,5,4,3,0,1,5,-1,-1,2,5,1,5,3,2,4,4,4,4,-1,1,4,5,5,3,0,1,3,-1,-1,5,4,2,0,3,0,-1,4,0,-1,3,2,3
2149.11061042,1,3,0,4,2,5,1,0,2,5,5,1,0,0,2,1,4,5,3,2,0,2,5,0,1,-1,3,4,0,2,4,4,1,3,-1,1,4,1,2,-1,1,-1,2,0,3,0,-1,4,4,0,0,4,-1,3,3,5,5,-1,1,1,3,3,0,-1,-1,1,2,0,4,3,-1,-1,2,0,1,-1,-1,2,5,4,5,2,1,5,5,5,3,2,-1,4
2160.82885472,3,0,2,1,0,3,-1,5,0,1,2,4,3,4,2,5,-1,5,1,1,0,1,4,0,4,4,-1,-1,3,0,5,0,1,1,5,2,3,1,-1,4,5,-1,0,3,0,-1,2,3,-1,2,2,4,3,-1,1,3,-1,4,3,-1,0,1,-1,1,3,-1,5,5,2,5,5,2,4,-1,4,1,2,3,0,5,4,0,0,2,4,2,3,2,3,1
2197.77111642,-1,5,5,1,0,-1,1,0,-1,0,5,3,4,1,-1,3,5,0,5,3,1,2,5,0,0,4,-1,4,4,4,4,5,1,3,5,1,2,2,0,2,0,-1,3,2,5,-1,5,-1,3,0,1,4,5,2,1,3,1,1,2,4,3,3,4,2,2,5,4,-1,3,0,4,3,-1,0,5,2,-1,4,1,0,-1,1,0,4,2,1,2,-1,3,4
2060.52862805,5,3,5,4,-1,1,0,3,5,-1,2,-1,2,3,-1,4,1,2,2,4,2,4,-1,-1,4,3,0,-1,0,2,-1,0,5,3,3,5,1,2,3,2,3,5,0,0,-1,4,0,3,2,0,4,1,4,3,4,-1,5,2,1,-1,0,1,-1,1,3,4,-1,1,-1,5,1,1,0,5,0,4,0,2,5,5,3,1,4,0,5,4,1,4,2,5
2037.68798237,4,5,-1,4,5,4,3,1,5,2,0,3,1,5,5,0,4,0,0,2,1,-1,1,5,-1,1,2,0,3,4,3,-1,-1,1,-1,-1,5,1,1,0,4,-1,2,2,3,3,1,5,-1,-1,-1,2,1,3,0,3,4,3,3,-1,5,2,4,-1,4,3,3,0,-1,4,0,4,1,2,5,2,2,0,5,2,5,4,4,0,-1,1,1,0,3,0
2052.18682702,4,1,4,-1,2,0,-1,-1,3,5,1,5,3,-1,2,5,2,2,1,-1,1,0,1,4,-1,1,-1,-1,3,1,-1,4,4,5,1,3,-1,5,0,5,3,-1,1,0,0,4,0,3,4,3,0,3,0,0,4,2,5,3,3,1,3,2,5,4,2,0,5,0,2,4,-1,2,2,1,1,3,-1,2,1,3,-1,5,-1,-1,5,4,0,4,4,2
2116.53786354,0,5,-1,-1,5,0,5,0,1,4,0,1,4,2,5,1,5,4,0,3,1,0,2,5,1,5,2,3,-1,4,0,4,1,-1,0,-1,-1,3,4,1,5,1,-1,1,2,5,2,4,1,4,2,-1,0,3,-1,0,3,3,3,4,1,4,-1,1,3,3,2,0,2,3,5,0,-1,4,-1,3,2,0,3,2,1,4,2,2,-1,0,2,3,-1,5
2030.5378672,0,2,5,5,5,-1,-1,2,0,-1,-1,0,4,5,1,3,-1,4,3,4,5,2,1,1,3,1,0,2,0,2,0,3,2,5,0,3,4,1,3,2,0,-1,4,2,5,2,1,1,5,3,-1,3,4,4,1,3,5,2,4,4,-1,4,-1,3,4,3,-1,1,4,0,-1,-1,-1,1,1,2,0,1,-1,3,0,5,5,2,1,0,2,5,4,1
2098.26534699,1,3,1,0,-1,0,-1,1,2,4,0,4,1,-1,4,1,3,2,-1,3,2,0,5,3,2,-1,0,-1,0,4,1,1,-1,0,3,4,2,0,0,0,4,0,-1,5,4,3,4,-1,5,2,2,1,1,5,2,1,3,-1,2,2,-1,3,0,4,1,-1,-1,3,-1,3,-1,3,5,3,3,2,4,1,3,4,5,0,1,5,4,-1,5,5,5,2
2056.35772753,-1,4,4,1,5,1,1,2,5,0,2,2,-1,-1,4,-1,-1,5,-1,3,2,2,5,1,-1,2,5,3,-1,4,3,3,3,0,3,3,2,1,-1,2,0,0,1,-1,0,3,0,-1,0,-1,3,5,5,4,-1,1,3,0,5,5,4,4,-1,0,0,1,3,5,2,1,-1,1,3,2,2,4,2,2,-1,2,-1,0,-1,0,4,5,3,1,4,4
2079.39698752,5,4,-1,-1,-1,4,-1,4,1,4,0,5,-1,0,1,-1,3,5,-1,0,3,2,2,4,-1,5,1,2,0,3,2,0,-1,4,1,3,5,3,2,5,0,4,1,5,2,4,2,3,-1,2,-1,1,-1,1,0,5,3,1,0,1,4,5,2,-1,3,4,5,1,0,1,3,2,4,1,3,3,5,2,5,1,4,0,3,-1,5,0,3,-1,-1,-1
2163.21222644,0,3,1,2,1,1,5,5,0,0,2,5,-1,3,4,1,3,0,-1,2,4,1,0,-1,-1,5,4,4,-1,3,-1,1,0,5,4,0,3,3,4,1,0,5,2,3,4,-1,-1,2,2,3,5,0,2,5,1,-1,1,3,1,1,4,5,4,3,2,4,-1,0,0,-1,-1,5,0,4,2,2,0,-1,5,2,4,-1,5,5,3,2,4,1,-1,2
2144.54248128,2,4,-1,-1,5,5,1,-1,2,1,1,3,0,-1,1,4,5,2,3,1,5,3,4,2,-1,1,2,-1,-1,3,0,4,0,4,-1,3,3,0,5,-1,5,-1,4,1,2,2,1,5,-1,1,2,3,2,-1,4,4,2,0,0,5,3,1,3,0,-1,0,5,1,1,4,0,-1,0,2,4,-1,3,4,0,5,5,5,3,3,4,0,2,1,3,0
2171.75264178,0,1,-1,-1,0,2,4,2,2,4,2,5,3,4,-1,1,5,4,0,1,3,0,3,-1,3,2,1,1,3,-1,5,5,1,2,0,2,0,-1,-1,3,1,2,5,4,0,-1,4,3,0,1,1,-1,3,5,0,4,4,-1,4,3,1,4,5,1,5,5,3,-1,4,5,5,3,-1,-1,0,4,2,1,0,3,3,4,2,0,2,1,5,2,3,0
2098.26534699,1,3,5,5,2,1,3,-1,4,3,3,1,4,2,1,1,5,3,5,3,1,4,4,0,0,1,2,3,5,0,-1,2,5,-1,0,4,-1,-1,4,5,0,-1,4,3,1,4,0,2,2,1,-1,2,1,5,-1,2,5,0,3,2,2,3,3,5,1,0,1,4,-1,4,5,-1,2,2,5,0,4,1,4,-1,0,0,4,-1,-1,2,1,-1,0,3
2049.20761237,1,1,3,0,1,4,1,2,3,-1,3,5,5,4,1,-1,-1,2,0,-1,5,-1,5,3,-1,3,2,2,2,0,-1,4,4,2,0,3,3,4,-1,-1,3,0,0,5,5,2,4,1,1,3,0,5,3,4,2,-1,1,0,2,0,1,5,-1,-1,4,-1,1,1,2,3,-1,4,4,5,0,4,0,3,0,-1,3,2,0,2,-1,2,4,1,5,5
2107.20299096,0,-1,2,-1,-1,0,2,4,5,1,5,1,5,3,4,5,4,3,-1,0,3,2,2,3,4,1,3,0,0,0,-1,3,-1,-1,4,-1,2,5,1,2,4,0,5,-1,1,4,-1,4,2,0,3,2,4,0,1,3,2,0,4,3,5,1,2,5,3,4,1,2,4,-1,4,1,1,5,3,3,0,-1,3,0,-1,2,1,5,3,5,1,0,5,1
2100.2514901,2,5,4,-1,2,1,0,0,3,3,3,4,-1,1,2,4,5,3,4,4,2,1,1,1,-1,3,0,3,1,0,5,5,3,1,1,-1,-1,2,0,5,3,1,3,-1,2,2,-1,-1,4,-1,2,1,-1,0,4,5,5,1,2,2,-1,5,0,-1,3,2,2,2,3,4,-1,4,0,3,5,0,4,4,1,-1,0,0,5,0,5,3,4,-1,2,5
2194.59328746,3,-1,5,5,4,5,0,5,-1,2,3,1,3,1,4,1,2,0,3,2,2,4,-1,3,0,2,1,-1,5,5,0,3,4,-1,-1,3,4,1,2,2,4,0,5,5,4,-1,2,5,0,5,5,2,4,-1,1,3,1,3,0,0,1,0,5,0,3,5,4,2,4,1,2,1,1,1,2,3,3,-1,4,2,0,0,4,-1,2,-1,3,3,-1,-1
2066.08982874,-1,3,0,1,1,5,4,2,1,4,1,3,1,3,2,1,4,4,5,3,4,4,5,-1,-1,3,2,3,2,0,2,3,3,5,-1,5,-1,-1,-1,0,1,5,-1,4,3,1,2,2,3,2,2,-1,0,2,3,5,5,1,1,-1,-1,0,4,0,5,0,0,0,1,2,3,5,-1,4,4,4,-1,1,3,-1,0,2,0,-1,0,4,5,5,2,0
2123.88659301,5,0,2,3,3,2,0,5,-1,2,-1,-1,3,4,1,1,0,2,-1,1,4,2,3,1,0,-1,2,4,-1,-1,4,1,4,4,5,2,-1,-1,5,2,5,3,-1,1,3,0,0,5,5,0,-1,1,2,3,1,-1,0,0,2,1,4,-1,3,5,3,5,2,1,2,4,4,5,1,3,0,2,3,3,1,-1,1,5,-1,-1,4,4,0,-1,3,2
2062.71338546,-1,-1,0,3,-1,5,-1,-1,-1,2,4,4,2,3,5,-1,-1,0,0,3,1,1,-1,0,3,0,4,1,-1,-1,4,4,1,3,-1,-1,4,-1,5,2,5,5,2,5,2,3,0,4,4,3,0,-1,0,-1,1,2,1,0,4,0,2,-1,2,5,1,2,0,-1,1,0,3,-1,5,2,1,2,5,3,0,1,3,1,0,3,1,3,4,4,2,5
2013.65565083,4,4,-1,1,1,4,4,-1,3,-1,-1,5,3,0,3,0,1,0,4,5,4,1,2,2,3,2,2,0,0,2,5,4,3,3,0,1,2,5,5,-1,5,4,4,-1,-1,3,-1,1,3,1,-1,3,5,-1,3,3,-1,5,-1,0,1,3,-1,0,4,2,5,0,-1,1,2,1,-1,1,-1,5,0,0,5,3,-1,2,-1,4,2,1,5,4,1,5
2107.20299096,-1,1,3,0,1,5,1,0,2,-1,2,-1,-1,4,0,4,-1,1,-1,-1,4,4,4,2,5,4,-1,-1,5,1,0,1,1,4,3,5,3,-1,-1,1,5,-1,2,2,5,3,4,5,4,0,2,0,3,2,-1,4,-1,0,-1,0,4,5,-1,0,1,2,-1,-1,1,4,0,3,3,1,2,3,4,3,0,1,3,5,0,2,3,5,2,-1,0,1
2140.57019507,-1,-1,2,4,1,2,3,2,-1,3,2,1,4,0,1,-1,3,2,-1,4,1,1,1,0,1,0,4,0,5,4,3,3,0,0,4,3,0,-1,2,1,-1,0,5,-1,5,5,2,2,2,5,1,4,2,5,5,3,2,3,1,4,0,0,4,-1,1,5,3,5,1,-1,3,3,3,4,1,4,0,-1,5,4,4,0,5,-1,4,3,-1,2,-1,2
2039.67412547,0,-1,0,4,5,3,5,-1,0,-1,-1,3,5,1,-1,0,3,1,-1,3,2,1,2,4,3,5,1,-1,2,0,1,3,-1,-1,3,2,1,-1,5,-1,1,2,5,3,5,4,3,3,0,2,2,4,1,1,-1,2,-1,3,2,1,0,0,3,-1,4,5,1,-1,0,4,1,2,5,3,2,-1,2,4,-1,2,-1,0,3,0,4,-1,-1,-1,4,0
2140.9674237,1,-1,1,1,5,4,0,2,4,2,5,0,-1,4,1,3,2,1,0,1,-1,2,4,-1,-1,5,5,2,3,1,3,2,0,0,-1,-1,0,-1,2,1,-1,1,5,5,0,3,4,5,-1,-1,1,-1,3,4,3,-1,4,0,1,5,2,0,0,1,3,0,4,1,3,5,2,5,4,4,2,2,2,4,5,2,-1,5,2,4,3,4,5,0,0,-1
2123.29075008,2,0,3,-1,1,4,4,3,4,0,-1,-1,0,5,3,3,0,1,3,0,3,3,5,5,3,0,4,1,0,3,2,5,3,4,-1,5,2,1,1,1,2,-1,1,2,5,2,-1,4,2,1,2,-1,0,4,0,3,3,2,1,5,4,5,0,-1,0,2,3,0,2,0,-1,4,5,-1,1,4,4,2,1,-1,-1,3,0,0,2,5,1,4,-1,5
2128.05749353,1,-1,2,-1,2,0,5,3,3,5,4,1,0,0,4,5,4,5,5,2,2,3,-1,3,3,-1,-1,0,0,0,4,1,3,3,2,1,4,2,-1,1,0,2,1,0,3,-1,2,1,5,-1,3,1,1,-1,-1,-1,4,1,0,1,3,2,0,2,1,2,3,3,4,1,-1,4,5,2,0,0,4,-1,1,5,-1,-1,0,3,5,2,0,3,4,4
2149.50783904,2,0,2,-1,1,4,-1,1,-1,0,0,2,-1,3,3,1,2,4,1,5,0,4,5,2,3,3,4,3,-1,-1,5,2,2,4,-1,0,0,4,5,0,0,4,-1,-1,2,5,-1,2,1,5,2,-1,0,3,2,3,-1,0,-1,2,3,2,3,3,0,3,0,1,1,3,4,0,5,1,1,5,1,2,2,1,5,1,3,4,4,1,-1,-1,5,-1
2102.83347613,1,5,0,3,-1,0,3,2,2,3,4,3,0,0,1,-1,1,0,3,5,4,3,1,3,4,1,2,-1,2,1,5,3,5,-1,5,3,4,4,0,-1,1,4,0,-1,1,4,0,2,2,2,2,1,4,-1,3,-1,0,0,5,4,3,-1,5,5,4,-1,2,0,3,5,1,4,5,4,0,3,1,0,5,-1,-1,2,1,4,-1,0,2,5,1,2
2127.85887922,-1,5,0,0,4,-1,2,0,-1,4,-1,3,5,1,4,1,2,4,4,4,0,3,5,2,-1,2,0,2,4,1,3,5,2,-1,5,2,-1,-1,-1,3,1,1,1,0,3,3,2,0,-1,5,2,1,0,0,0,5,3,3,4,4,3,3,5,0,3,4,4,2,1,-1,0,3,-1,5,-1,4,5,2,3,2,-1,0,1,5,1,4,1,2,4,3
2096.08058958,2,-1,2,5,4,2,4,-1,2,3,2,-1,3,0,3,4,2,-1,4,5,5,2,3,-1,2,-1,3,-1,3,-1,3,3,2,1,0,4,0,5,0,3,4,-1,3,2,0,3,0,-1,-1,4,0,4,5,1,0,2,1,4,1,2,5,2,-1,0,-1,-1,-1,-1,0,1,-1,0,4,1,3,1,1,2,1,4,1,-1,4,1,0,4,2,1,3,-1
2067.2815146,4,-1,5,4,2,2,4,4,3,1,1,4,3,5,4,4,-1,0,-1,5,1,-1,4,3,3,-1,5,2,4,3,-1,0,-1,0,3,3,0,2,-1,1,5,0,5,0,3,2,3,3,5,2,5,-1,-1,0,0,5,1,2,0,0,0,1,2,3,-1,4,0,-1,5,5,-1,1,1,-1,3,4,2,2,2,-1,1,2,4,-1,2,1,4,1,-1,3
2052.18682702,4,5,0,1,3,2,3,-1,1,-1,3,5,4,-1,-1,0,2,-1,2,-1,2,4,1,5,2,2,0,2,-1,4,1,2,4,5,5,3,4,0,5,0,1,3,3,2,0,4,0,-1,-1,1,2,-1,5,0,4,-1,4,4,2,-1,0,1,4,-1,2,3,1,3,2,1,0,2,1,3,0,-1,-1,4,0,5,-1,3,4,3,-1,1,3,1,0,-1
2130.44086525,0,3,2,2,3,4,5,3,4,4,1,4,-1,0,0,1,3,4,4,4,0,2,5,-1,3,3,0,0,3,5,0,2,0,1,5,2,1,0,1,4,5,2,-1,5,5,5,1,5,-1,1,3,-1,2,3,4,4,-1,1,-1,2,-1,0,1,1,3,-1,-1,-1,2,1,4,4,2,-1,0,1,3,2,3,3,2,5,0,4,-1,1,3,-1,5,-1
2072.04825804,0,1,-1,-1,4,0,3,0,5,5,4,0,2,4,1,3,-1,1,1,4,0,0,1,-1,3,5,5,2,5,3,3,0,1,3,3,0,2,4,-1,-1,-1,1,2,-1,2,0,2,1,-1,1,5,5,1,-1,3,0,-1,3,4,0,4,2,1,3,-1,0,2,1,0,0,2,4,4,-1,-1,2,-1,4,5,5,5,3,4,4,-1,1,2,4,-1,-1
2107.9974482,2,2,1,0,5,3,4,2,4,1,3,4,4,1,2,3,0,3,-1,4,4,-1,-1,-1,5,4,2,3,4,4,0,0,1,2,-1,0,4,1,5,2,-1,-1,5,0,5,5,-1,3,0,1,5,5,2,3,5,0,-1,3,-1,2,5,2,-1,1,3,3,-1,-1,3,5,0,2,3,4,4,-1,2,0,1,1,2,0,4,1,1,2,-1,0,1,-1
2111.77112009,-1,2,-1,5,-1,3,-1,3,3,1,0,1,1,5,2,4,0,5,1,4,2,1,5,3,0,3,-1,4,0,3,-1,2,0,3,2,3,-1,4,3,1,5,3,4,-1,4,1,4,1,5,1,4,-1,0,0,-1,5,5,4,0,2,1,2,2,4,1,-1,0,3,4,0,-1,2,0,0,1,0,4,-1,2,0,2,-1,2,0,4,5,-1,2,5,2
2168.97204144,5,1,2,-1,2,3,0,-1,3,3,2,-1,1,5,0,5,0,2,1,4,3,1,0,3,3,0,2,4,2,0,5,4,3,2,-1,2,3,1,-1,-1,5,4,3,0,0,4,1,0,4,4,5,1,3,4,2,1,4,-1,2,0,1,2,-1,5,-1,2,1,0,5,3,4,5,1,4,1,5,0,3,-1,1,5,5,4,0,-1,-1,3,-1,-1,0
2071.2538008,-1,-1,1,1,0,1,5,2,4,0,-1,1,2,2,0,4,5,2,5,2,3,-1,4,1,3,1,3,2,3,0,5,4,3,4,-1,5,1,3,-1,4,2,0,4,3,-1,4,1,5,1,3,1,-1,4,-1,1,4,-1,0,4,5,3,-1,4,5,-1,2,-1,2,0,2,5,5,0,0,4,2,-1,0,3,3,0,0,-1,0,2,2,5,3,-1,3
1973.53556017,3,-1,4,-1,5,1,4,4,1,2,1,0,0,2,5,2,3,3,-1,1,-1,4,-1,3,1,3,4,3,1,4,2,2,4,5,-1,0,-1,0,4,5,2,2,-1,4,3,-1,-1,2,5,1,5,-1,-1,-1,-1,3,4,0,-1,1,5,-1,4,3,0,1,3,-1,4,1,-1,0,5,0,3,1,2,5,0,-1,1,4,5,2,2,2,0,1,5,-1
2105.01823354,0,2,5,1,1,-1,2,3,0,3,-1,5,4,1,3,5,-1,-1,5,3,3,-1,0,5,0,0,0,5,-1,5,4,0,0,4,5,1,5,4,2,2,4,1,-1,1,0,-1,4,4,4,2,4,0,0,2,1,2,-1,3,3,-1,3,-1,0,3,5,-1,-1,3,1,4,2,-1,2,3,1,2,-1,0,1,3,1,-1,0,1,4,1,4,5,3,-1
2125.27689319,0,3,5,3,2,3,1,3,4,2,2,2,5,4,2,-1,2,-1,3,3,1,2,-1,1,4,2,4,0,1,4,5,3,4,-1,2,0,5,4,0,0,1,4,-1,0,-1,1,-1,4,-1,2,-1,5,5,5,0,0,2,-1,0,5,3,-1,0,1,3,1,4,-1,0,4,3,-1,1,0,1,2,3,3,1,1,-1,4,4,0,-1,3,3,5,-1,2
2088.33463148,3,3,4,0,-1,3,-1,1,3,4,-1,4,3,1,3,0,0,0,1,2,-1,-1,2,2,-1,2,-1,-1,1,-1,5,0,1,4,5,4,4,-1,3,2,2,0,3,-1,5,5,2,4,0,2,4,5,3,1,3,4,0,0,0,4,-1,3,1,0,0,3,2,5,5,-1,3,2,1,2,1,-1,5,-1,0,2,2,5,4,-1,1,4,1,-1,-1,1
2122.89352146,1,2,4,5,-1,5,0,3,3,5,0,3,4,4,5,-1,2,-1,0,-1,1,4,0,5,2,1,5,1,-1,4,0,3,3,0,-1,3,3,-1,0,1,5,5,-1,0,4,2,1,3,-1,1,3,2,4,2,1,3,1,-1,5,2,-1,1,0,4,2,2,2,3,1,5,0,-1,4,0,4,2,-1,2,4,1,-1,1,5,5,3,0,-1,-1,3,5
2197.96973073,0,4,5,4,4,0,5,0,2,2,0,-1,2,5,2,3,0,1,-1,0,4,4,1,4,-1,4,-1,1,0,4,4,3,-1,5,3,1,4,3,5,5,2,5,-1,1,4,0,3,2,5,2,-1,-1,-1,0,5,3,3,3,3,2,-1,3,1,2,3,1,-1,1,1,3,1,0,0,1,-1,2,-1,-1,3,0,4,0,4,1,2,0,3,-1,2,1
2025.77112376,2,4,3,3,-1,-1,0,3,-1,-1,5,0,1,1,0,5,1,0,5,1,4,3,3,5,2,2,1,1,1,4,2,0,4,-1,5,3,1,4,2,3,-1,2,3,0,3,4,2,5,-1,-1,1,0,5,4,5,0,4,1,0,-1,-1,3,-1,5,0,1,3,1,2,2,-1,4,-1,5,-1,-1,-1,4,4,3,-1,0,4,-1,3,1,5,0,-1,0
2037.09213944,0,0,1,1,3,1,-1,2,0,2,-1,1,-1,3,5,1,5,3,4,1,5,0,-1,1,5,-1,5,3,4,-1,2,1,1,-1,3,0,5,2,1,4,-1,0,-1,4,0,2,1,0,3,5,4,0,1,-1,3,2,3,5,-1,-1,1,4,-1,4,2,4,-1,-1,3,-1,0,4,-1,0,2,2,4,-1,3,-1,0,1,5,3,4,0,2,4,3,-1
2045.03671185,2,0,3,5,5,1,0,5,0,4,1,3,1,2,-1,5,2,5,2,1,2,0,3,2,5,4,3,4,3,1,0,0,3,5,4,4,3,2,4,1,0,5,3,0,-1,0,0,4,2,1,3,5,4,-1,1,2,1,2,4,1,-1,0,-1,-1,4,-1,-1,2,5,0,1,0,-1,5,3,-1,2,2,-1,-1,-1,-1,-1,1,4,3,-1,2,3,3
2078.40391597,3,5,2,5,5,0,-1,5,5,4,1,3,4,3,-1,5,1,1,1,-1,3,3,2,0,-1,-1,3,-1,-1,0,-1,0,4,4,5,3,1,2,-1,-1,0,5,1,1,4,3,2,4,4,4,1,2,-1,0,-1,2,2,0,2,0,1,4,1,-1,1,3,3,-1,2,2,-1,-1,1,3,2,2,-1,3,4,2,3,1,4,0,4,-1,0,5,5,0
2117.33232078,1,0,1,-1,4,3,-1,2,5,4,1,5,5,1,0,-1,4,0,3,-1,1,5,2,0,-1,3,0,4,1,2,2,3,2,4,3,-1,1,2,5,0,3,-1,-1,0,2,-1,4,0,4,5,3,0,4,1,5,4,1,0,4,5,2,0,-1,2,4,5,-1,3,0,1,2,-1,0,-1,1,1,2,3,-1,2,-1,3,1,2,-1,5,-1,-1,-1,-1
2070.85657218,2,1,4,4,2,-1,2,1,5,5,0,4,1,-1,0,-1,3,-1,4,-1,4,-1,5,4,-1,2,2,4,4,-1,4,0,3,1,1,0,3,-1,2,1,2,-1,0,-1,3,0,5,-1,5,3,1,2,-1,3,-1,4,-1,2,4,0,2,1,3,3,5,-1,2,3,1,1,0,1,3,2,-1,0,-1,2,3,0,5,0,1,0,4,3,-1,3,4,-1
2035.90045358,2,-1,-1,2,5,2,4,1,-1,-1,3,0,0,0,2,1,3,0,-1,2,1,5,3,1,5,3,4,-1,4,2,1,0,1,3,4,2,5,4,3,3,-1,4,3,4,5,2,-1,-1,1,0,-1,2,2,1,4,0,-1,5,2,0,0,3,2,-1,3,2,1,-1,3,0,5,0,1,1,1,-1,-1,1,4,5,0,-1,4,2,0,3,3,-1,-1,4
2024.18220928,4,0,1,3,2,2,2,-1,4,-1,2,3,4,2,4,1,0,-1,1,3,0,-1,2,3,0,0,3,3,3,5,-1,0,4,1,-1,0,3,2,5,0,0,4,0,3,-1,4,4,4,5,-1,1,5,2,0,0,1,5,1,4,3,1,5,4,-1,-1,2,1,0,5,3,4,-1,-1,3,4,5,-1,1,2,5,5,5,-1,1,2,-1,3,4,1,2
2075.42470132,0,5,-1,1,4,3,3,4,0,5,3,-1,1,1,5,4,-1,5,4,1,0,0,2,2,4,3,-1,5,2,-1,-1,2,3,1,0,1,1,-1,-1,4,4,-1,0,0,3,4,2,2,3,2,5,2,2,1,1,0,3,-1,2,5,3,3,5,4,0,1,2,-1,1,-1,4,3,0,3,-1,-1,2,2,3,2,5,-1,5,4,5,3,0,-1,0,4
2106.40853371,4,-1,2,3,-1,-1,-1,4,1,2,1,5,4,0,2,-1,4,-1,5,0,4,5,1,-1,0,1,2,3,5,3,4,4,1,-1,3,2,1,4,-1,4,4,-1,5,4,4,2,-1,4,0,0,5,2,5,2,0,1,5,3,1,3,5,5,-1,-1,2,5,1,2,2,3,4,1,2,0,0,4,3,1,0,1,-1,1,5,3,0,3,3,1,0,0
2049.00899806,2,1,1,0,3,0,3,1,2,5,-1,1,3,0,2,3,0,3,2,4,0,-1,4,5,-1,-1,-1,5,4,-1,2,-1,-1,4,1,2,0,1,-1,5,5,1,3,-1,3,2,0,1,5,4,-1,4,3,2,5,1,5,3,3,5,2,2,4,4,0,4,-1,3,0,1,0,0,2,4,0,1,1,3,1,-1,-1,-1,4,4,-1,3,3,0,-1,2
2000.74572067,-1,0,3,0,-1,0,-1,3,4,1,5,3,5,4,2,-1,0,4,3,2,4,1,1,-1,-1,5,-1,3,0,2,-1,4,0,3,2,2,5,3,0,2,2,1,0,5,1,-1,0,2,3,5,-1,4,1,5,3,4,1,2,0,-1,-1,2,-1,5,4,3,2,0,-1,-1,-1,-1,2,-1,1,4,0,1,1,4,1,4,2,4,1,0,3,0,4,-1
2057.35079909,2,5,4,5,4,-1,1,2,3,1,-1,2,3,3,0,-1,0,4,2,-1,-1,5,3,5,5,1,3,2,4,4,-1,5,1,0,1,0,0,4,4,4,0,5,0,3,0,1,-1,3,3,-1,1,1,4,-1,-1,5,5,-1,4,5,3,4,2,0,5,-1,1,0,5,1,3,-1,2,-1,-1,2,3,2,0,4,4,1,2,-1,2,4,0,-1,3,2
1993.79421981,-1,0,1,3,-1,5,1,2,5,-1,2,5,2,-1,3,3,4,0,-1,3,1,1,4,-1,5,2,2,4,2,-1,5,0,0,-1,4,3,4,1,2,1,0,4,1,3,2,0,0,0,-1,-1,5,1,3,2,-1,5,4,2,4,5,-1,-1,5,3,3,0,1,-1,5,5,3,0,5,1,3,2,1,3,4,0,5,-1,0,-1,0,1,1,2,4,4
2059.93278512,3,5,2,-1,4,2,1,4,0,4,3,4,-1,1,5,-1,1,4,4,2,4,3,0,5,0,1,5,5,0,1,3,1,1,-1,-1,0,-1,5,5,2,3,-1,4,4,2,4,-1,-1,5,-1,5,2,3,3,-1,1,2,4,0,3,0,0,4,3,1,-1,1,0,-1,-1,-1,3,1,4,0,-1,3,1,5,3,2,2,0,-1,5,2,3,2,4,1
2076.61638718,-1,4,5,-1,5,5,4,0,4,-1,0,5,2,0,2,-1,0,2,1,1,1,3,-1,3,5,2,2,-1,3,3,1,-1,2,3,5,-1,-1,5,0,1,0,2,0,4,5,2,5,1,0,-1,3,2,5,3,3,4,2,-1,4,2,1,0,1,1,4,5,0,4,3,4,-1,-1,0,1,1,4,0,1,2,3,-1,-1,5,3,-1,5,2,5,3,0
2045.03671185,0,4,3,2,5,0,1,2,1,4,3,4,2,3,1,4,1,3,2,0,3,0,3,0,-1,0,5,4,5,1,3,1,-1,1,4,0,-1,5,4,2,-1,4,2,2,5,-1,0,5,5,-1,-1,0,1,-1,5,2,0,-1,-1,5,3,2,1,2,4,1,-1,0,-1,0,3,4,5,-1,0,3,-1,2,5,-1,1,4,-1,0,2,-1,4,2,5,-1
2063.5078427,3,0,2,3,-1,3,3,-1,5,4,0,2,5,1,1,0,2,-1,5,3,5,-1,0,4,1,0,2,3,5,1,1,1,1,2,4,0,5,4,1,0,4,2,0,3,4,5,3,5,-1,2,4,0,0,-1,-1,3,3,-1,2,2,3,2,0,-1,-1,5,1,3,-1,0,1,4,-1,0,1,5,4,-1,2,1,4,5,4,2,5,4,-1,3,-1,4
2126.07135043,4,2,5,2,1,4,0,-1,-1,4,-1,2,1,3,3,1,1,5,5,0,2,4,-1,0,3,0,4,4,0,0,0,5,1,5,-1,-1,3,-1,3,1,4,0,-1,1,4,2,5,1,5,4,4,-1,2,4,1,1,-1,-1,3,0,-1,4,3,3,1,0,3,0,1,0,2,5,3,-1,1,3,0,-1,1,5,2,2,1,4,2,4,-1,5,2,2
2061.91892822,-1,2,3,4,2,5,-1,0,4,0,4,1,-1,1,0,1,-1,4,2,2,5,2,5,3,1,-1,4,3,-1,3,-1,0,5,3,3,-1,3,0,-1,-1,0,-1,4,1,1,-1,4,0,2,0,5,-1,2,0,3,2,-1,1,-1,4,0,5,1,1,-1,2,3,0,4,3,3,2,-1,4,2,-1,2,-1,4,0,0,3,-1,4,-1,1,-1,1,1,1
2005.11523549,1,2,5,4,-1,0,-1,2,3,1,3,2,1,3,4,-1,0,-1,-1,1,4,2,4,2,4,2,1,-1,3,-1,2,4,5,0,5,-1,5,0,1,1,5,0,4,3,-1,3,0,2,-1,5,4,5,5,4,0,5,3,1,4,4,0,2,3,-1,-1,1,-1,1,2,1,5,1,3,1,-1,3,5,2,2,3,0,-1,3,0,0,5,4,4,2,2
2024.5794379,1,0,2,4,4,3,1,-1,2,0,0,5,5,-1,-1,2,1,4,5,3,0,4,2,0,3,0,-1,5,3,5,4,4,2,-1,0,3,5,-1,1,4,-1,3,-1,-1,1,4,2,4,5,2,-1,3,5,4,3,3,5,-1,0,-1,5,-1,-1,3,4,2,2,3,0,1,4,1,1,2,2,1,3,0,-1,3,2,-1,4,-1,0,5,2,1,-1,0
2056.75495615,4,1,5,0,-1,4,0,4,-1,5,0,3,1,-1,-1,0,3,-1,1,5,1,2,3,1,2,4,0,3,2,3,5,3,4,5,4,4,-1,2,4,4,4,-1,1,5,0,3,0,0,4,3,3,3,-1,1,3,0,-1,5,0,5,5,0,1,-1,-1,1,3,-1,2,-1,1,-1,2,1,2,1,4,-1,2,2,2,4,4,0,0,2,2,5,-1,2
2105.21684785,4,2,5,-1,4,4,2,1,0,3,-1,-1,3,1,5,-1,2,4,1,2,0,3,1,1,-1,2,-1,1,3,5,-1,0,0,2,3,1,4,5,2,4,4,2,3,0,4,5,1,3,-1,2,0,4,3,0,2,1,3,4,5,0,-1,5,-1,-1,5,1,0,1,3,1,4,0,1,5,2,2,-1,4,3,4,4,0,5,-1,5,3,-1,3,0,-1
2146.33001007,4,3,1,5,4,0,1,-1,1,3,0,5,5,4,2,3,-1,0,1,2,0,2,1,-1,2,0,5,1,1,-1,5,2,3,2,3,1,3,5,-1,-1,5,-1,5,2,4,4,2,-1,1,-1,0,4,-1,3,2,-1,5,2,3,4,5,2,4,-1,-1,0,2,-1,0,0,4,-1,3,5,1,3,5,2,0,5,0,1,4,0,4,4,0,3,1,3
2094.69028941,2,1,3,0,2,3,-1,0,3,-1,-1,4,-1,2,3,4,1,3,5,4,-1,2,3,3,5,0,3,4,1,2,-1,-1,-1,1,4,5,4,5,5,1,1,4,2,3,0,5,1,1,-1,-1,5,4,3,0,-1,3,1,1,0,2,3,2,0,4,2,-1,4,3,4,0,0,5,-1,2,2,3,2,-1,1,0,4,1,1,-1,0,2,5,2,0,5
2094.29306079,2,3,3,3,-1,0,5,1,-1,3,-1,5,2,1,-1,3,0,4,0,-1,5,3,2,1,3,0,-1,-1,0,2,1,4,0,4,3,3,4,-1,1,0,-1,-1,1,0,5,0,1,3,-1,2,2,4,1,2,0,0,4,-1,1,3,4,0,0,2,2,5,4,3,1,2,5,-1,-1,-1,4,1,-1,0,2,4,4,1,3,-1,2,2,5,3,5,1
2110.18220561,1,5,5,0,-1,4,4,1,5,4,2,3,5,5,3,1,5,0,2,3,3,0,3,-1,4,1,1,5,2,-1,-1,1,0,0,1,4,3,1,-1,-1,2,4,1,-1,0,-1,0,-1,-1,5,-1,2,2,2,5,2,-1,3,2,3,1,1,1,0,5,4,3,4,0,-1,0,-1,3,4,0,-1,1,3,3,4,2,0,-1,0,2,1,2,2,3,4
2062.91199977,-1,3,-1,5,-1,2,3,5,0,2,4,-1,3,-1,-1,2,2,0,5,2,-1,4,0,0,3,-1,4,1,1,1,2,-1,2,0,-1,-1,2,0,3,5,0,2,5,-1,4,0,4,4,4,5,5,2,4,-1,2,3,3,0,0,1,1,5,4,-1,1,5,3,2,-1,1,3,1,1,2,4,4,1,4,0,4,5,-1,0,1,3,4,4,1,-1,1
2119.31846388,3,2,1,1,-1,1,2,5,5,4,0,2,-1,-1,4,0,4,-1,-1,3,0,1,0,5,2,4,3,3,-1,1,3,2,1,0,-1,5,1,2,4,2,2,5,5,2,0,1,3,-1,4,0,4,4,3,1,0,1,4,5,-1,3,2,3,4,2,5,0,4,3,3,3,1,3,2,5,1,3,4,3,-1,0,5,-1,5,-1,1,5,0,-1,5,0
2031.72955307,2,3,0,-1,0,3,-1,-1,4,-1,-1,1,2,1,0,2,0,3,0,2,5,5,0,-1,3,3,2,5,3,1,2,4,-1,2,0,0,0,1,4,4,-1,3,-1,1,1,2,4,3,2,-1,0,2,-1,-1,-1,0,1,-1,5,1,3,4,3,-1,5,3,2,-1,-1,4,4,5,1,1,-1,4,2,5,4,-1,5,5,5,1,0,3,-1,1,1,3
2099.25841855,-1,4,-1,5,0,1,-1,1,4,5,5,-1,-1,-1,5,5,-1,1,4,2,3,0,4,0,4,3,-1,3,0,1,1,-1,2,1,2,5,0,3,2,5,3,4,1,4,2,0,2,1,2,5,0,5,0,5,0,-1,4,2,-1,4,4,3,-1,3,1,1,2,3,2,2,0,1,3,0,3,4,4,0,0,5,2,2,2,3,5,0,1,-1,3,3
2094.69028941,1,-1,2,0,2,4,4,3,2,0,-1,3,5,2,1,0,1,4,1,1,0,5,-1,1,0,1,-1,-1,3,-1,2,2,2,3,0,-1,3,4,4,0,0,1,-1,4,3,1,4,1,1,4,5,0,1,-1,-1,3,5,2,-1,2,2,0,0,-1,-1,3,0,5,4,5,3,5,-1,3,2,1,5,4,3,0,3,2,0,3,4,4,-1,2,-1,1
2085.35541683,-1,2,3,2,-1,5,5,0,2,4,-1,1,2,-1,0,1,4,-1,3,4,1,3,0,1,0,-1,1,4,2,0,0,5,0,2,5,2,1,-1,-1,4,1,4,3,2,-1,5,3,-1,0,5,4,0,3,-1,3,0,4,4,3,5,-1,5,1,2,1,1,0,-1,5,3,-1,0,3,4,4,4,3,4,1,2,-1,2,3,-1,-1,3,0,-1,5,-1
2117.92816371,-1,-1,0,2,5,0,0,2,-1,3,1,2,1,5,5,0,-1,5,-1,2,4,3,1,0,3,5,3,5,1,3,1,2,-1,-1,4,4,2,4,1,2,4,4,3,0,0,0,5,5,4,1,-1,3,3,2,5,4,-1,-1,0,4,5,0,3,2,3,-1,4,3,4,2,5,1,2,3,5,1,2,4,3,1,0,2,3,-1,4,-1,0,1,1,0
2087.14294562,3,-1,-1,5,3,0,-1,5,5,4,1,0,4,-1,4,1,4,-1,-1,1,2,0,2,4,3,5,1,1,4,2,4,5,1,0,2,4,-1,3,-1,2,2,-1,1,0,0,3,1,3,2,5,4,1,1,0,3,0,0,-1,3,-1,0,4,2,2,3,1,2,4,0,2,-1,5,-1,3,5,4,-1,1,-1,5,-1,3,3,4,4,3,2,2,0,1
1975.52170327,0,2,0,2,-1,0,4,4,5,5,1,2,3,2,5,0,-1,4,5,3,4,5,4,3,0,1,-1,5,5,-1,-1,3,2,-1,3,3,4,-1,3,0,2,0,-1,4,5,1,4,5,-1,4,3,-1,1,0,1,3,1,2,4,-1,3,3,-1,1,1,-1,5,2,1,0,-1,1,-1,5,0,1,5,5,2,1,0,2,4,3,-1,1,-1,2,-1,3
2080.39005907,1,3,4,0,2,5,5,2,5,2,5,1,1,-1,4,0,2,5,2,1,0,3,-1,4,5,3,-1,0,-1,2,-1,1,-1,3,2,5,4,2,0,0,1,3,0,5,0,-1,0,0,3,4,3,-1,1,4,4,2,1,4,-1,4,4,3,5,-1,0,5,4,3,0,1,3,0,4,3,2,1,3,1,0,3,1,1,2,4,-1,2,-1,2,5,1
2072.64410097,1,4,2,-1,5,4,3,4,4,4,1,3,3,-1,2,1,0,0,2,0,5,0,1,1,3,2,0,3,5,1,4,-1,-1,-1,2,2,1,0,2,0,5,-1,3,4,0,5,3,-1,2,1,5,-1,3,3,0,0,-1,3,4,-1,2,1,4,-1,3,5,1,3,4,4,4,3,2,3,5,5,1,2,5,-1,0,0,-1,0,5,-1,5,4,2,0
2015.44317963,1,1,5,1,-1,-1,4,-1,1,1,0,0,-1,1,3,-1,0,2,4,3,-1,1,2,0,4,1,3,3,2,0,-1,-1,-1,3,4,2,2,2,5,5,-1,-1,3,4,3,3,3,0,2,0,-1,-1,2,1,5,0,0,4,-1,5,0,4,4,-1,-1,3,0,1,-1,4,1,-1,5,3,2,1,0,5,3,1,0,-1,2,3,5,2,4,4,2,-1
2097.86811837,3,5,1,-1,0,-1,2,1,1,1,0,5,-1,5,-1,2,4,-1,4,1,2,-1,5,0,1,-1,4,1,-1,4,-1,2,4,0,3,2,-1,4,3,3,3,-1,1,0,1,5,0,2,4,-1,-1,4,3,2,2,5,1,2,3,-1,2,4,0,5,-1,0,-1,0,3,-1,0,1,2,2,-1,5,-1,3,2,3,3,3,1,5,-1,1,5,3,0,0
2200.15448815,4,1,3,0,2,3,5,2,3,2,-1,0,-1,5,4,1,1,4,2,2,2,1,0,-1,3,-1,2,0,5,2,3,4,0,1,1,4,-1,0,1,-1,5,4,-1,-1,3,5,4,-1,0,5,0,0,-1,2,1,2,3,1,4,3,4,2,3,2,1,1,4,0,4,3,5,-1,0,1,4,2,3,3,5,0,5,0,-1,4,-1,5,5,1,-1,-1
2084.36234528,-1,5,-1,2,-1,0,0,4,2,5,5,2,4,3,2,3,2,2,3,-1,0,-1,3,4,1,4,5,4,5,1,5,3,2,5,-1,1,-1,-1,-1,-1,3,1,-1,3,5,4,4,4,4,-1,3,-1,3,-1,1,0,1,-1,5,2,-1,4,0,1,1,2,4,1,2,3,5,1,3,4,-1,5,0,4,2,1,0,0,1,0,2,0,3,1,4,3
2021.00438031,1,-1,2,3,5,2,-1,-1,3,0,4,1,-1,-1,5,-1,4,4,-1,1,-1,3,5,0,2,0,4,1,0,1,2,0,-1,1,-1,5,0,4,1,4,4,1,0,4,2,3,-1,3,2,2,0,4,3,4,-1,3,-1,3,4,0,-1,5,0,5,4,1,2,2,3,-1,-1,2,1,3,2,3,2,3,1,2,0,-1,2,-1,3,5,0,0,1,-1
2169.96511299,3,-1,1,0,2,4,4,2,4,3,1,2,3,1,2,0,1,-1,0,-1,-1,5,-1,2,5,-1,-1,2,1,0,-1,5,3,0,4,5,5,4,4,5,1,-1,-1,0,2,0,1,2,1,2,5,0,0,4,1,2,2,1,0,2,1,4,3,3,5,-1,2,5,3,0,3,3,4,4,0,0,-1,-1,1,5,1,1,5,3,3,2,3,4,4,3
2070.85657218,4,1,0,3,2,5,4,4,2,2,5,2,1,4,3,4,-1,4,3,-1,1,5,5,1,0,5,5,5,-1,1,1,1,2,-1,2,4,-1,-1,5,2,4,0,2,2,-1,5,-1,1,2,-1,3,0,1,-1,1,2,4,5,3,4,1,0,0,4,-1,0,0,1,0,0,0,-1,4,5,2,-1,3,1,5,5,5,3,-1,2,3,1,3,0,3,3
2122.09906422,0,2,-1,3,5,0,1,1,4,0,2,3,3,-1,4,3,4,-1,2,1,1,1,2,4,3,1,3,1,3,4,1,0,1,3,3,1,-1,-1,0,2,4,5,2,2,-1,5,4,5,5,-1,3,0,2,-1,1,0,5,2,1,-1,0,0,4,5,4,3,0,3,4,2,-1,2,4,0,1,5,-1,4,2,0,3,-1,0,1,2,-1,-1,-1,0,4
2073.43855821,0,4,1,2,5,2,-1,-1,4,2,2,-1,2,5,2,1,4,5,2,-1,1,0,4,3,1,0,3,4,4,-1,-1,0,0,5,-1,5,-1,4,3,2,5,2,1,0,0,3,-1,5,1,-1,2,1,5,-1,-1,4,-1,3,3,1,2,3,3,0,1,5,1,1,4,-1,5,3,2,4,1,3,2,-1,5,3,0,5,3,0,0,0,4,5,4,0
2115.94202061,-1,1,3,3,3,0,-1,-1,1,1,2,1,0,3,1,1,4,1,5,3,-1,3,4,-1,2,2,0,2,5,4,0,2,3,-1,1,3,4,1,-1,0,3,4,0,5,5,3,4,-1,5,4,3,-1,0,5,0,2,4,4,2,2,4,0,3,-1,0,1,5,2,-1,2,1,2,2,3,0,4,-1,4,0,-1,5,2,0,4,0,2,5,5,1,-1
2006.50553567,1,5,2,1,5,5,5,-1,1,4,5,2,0,3,2,-1,0,-1,3,1,4,-1,0,-1,4,5,0,1,4,2,1,-1,5,-1,-1,4,1,-1,-1,-1,-1,-1,2,-1,2,4,5,2,3,1,4,2,3,5,1,3,-1,4,1,2,3,1,-1,5,0,0,4,1,3,4,0,0,5,-1,-1,4,2,3,1,5,0,4,3,3,-1,0,0,5,2,3
2085.75264545,4,-1,2,1,4,3,-1,3,5,1,-1,2,3,5,0,0,5,2,-1,-1,0,3,-1,4,-1,5,5,3,0,-1,3,4,0,4,2,4,5,-1,1,-1,1,4,2,0,1,1,3,3,1,3,0,1,-1,2,3,3,5,0,0,3,1,4,2,2,0,-1,-1,0,4,4,5,3,2,-1,5,5,1,-1,5,1,-1,0,-1,5,4,0,0,-1,-1,-1
2121.90044991,5,-1,2,0,3,0,1,2,5,2,3,0,-1,-1,0,2,0,1,-1,5,1,3,1,5,4,3,4,-1,1,-1,-1,2,4,0,5,4,4,2,3,-1,0,-1,1,2,2,1,-1,2,-1,-1,1,4,4,0,1,2,0,0,5,3,0,5,2,4,1,2,3,3,5,4,5,0,0,-1,4,5,3,-1,5,5,3,1,1,3,1,3,3,5,4,5
2019.01823721,5,1,-1,4,0,0,-1,-1,1,4,5,0,3,5,3,2,0,0,0,3,4,0,-1,1,2,3,2,4,5,2,2,-1,4,4,3,-1,5,3,3,2,-1,0,2,-1,-1,2,5,-1,4,1,1,5,-1,5,-1,5,1,4,-1,0,-1,3,2,4,3,3,3,2,4,3,1,2,2,0,4,3,0,5,4,-1,0,1,4,3,-1,5,2,1,-1,1
2183.86811471,0,4,2,4,1,1,4,2,5,2,-1,3,-1,5,-1,0,1,3,5,2,-1,-1,1,1,2,-1,2,-1,-1,4,2,4,-1,2,2,0,5,4,5,-1,1,5,4,4,3,3,1,-1,5,4,0,0,0,3,5,2,-1,0,0,3,3,-1,1,2,2,3,1,5,1,-1,0,0,1,-1,0,1,1,0,2,5,4,4,0,0,3,5,1,3,4,3
2078.00668735,-1,5,4,3,2,2,5,4,5,2,-1,-1,3,5,1,1,-1,-1,0,1,1,0,4,0,4,1,1,0,-1,-1,1,4,3,2,4,3,1,-1,-1,1,-1,-1,3,4,1,4,4,4,2,-1,5,3,2,2,1,1,0,3,5,2,0,3,3,-1,-1,5,3,1,0,2,2,5,2,4,3,4,3,3,0,0,4,-1,5,3,5,5,2,-1,0,4
2134.21453715,0,2,1,4,4,3,1,2,-1,4,5,5,-1,0,4,0,-1,-1,3,5,0,3,2,-1,4,4,1,2,0,4,1,-1,4,-1,5,3,5,3,4,5,3,5,-1,1,0,4,2,1,4,3,5,0,1,4,2,0,-1,3,0,-1,0,3,1,1,5,2,5,3,0,3,0,2,-1,5,2,1,1,-1,0,1,5,-1,2,5,-1,0,1,2,3,3
2096.08058958,5,3,4,0,4,3,5,4,4,3,1,0,1,4,-1,5,2,-1,4,0,1,2,0,2,0,1,-1,3,1,-1,3,5,3,3,0,4,1,2,4,3,5,1,2,5,5,-1,0,0,5,-1,-1,2,4,1,1,3,5,-1,1,3,1,1,5,5,2,2,2,5,4,3,-1,0,-1,2,0,1,0,0,1,4,2,5,4,3,-1,0,2,2,0,-1
2103.42931906,3,2,2,0,4,1,0,1,4,4,5,1,2,0,2,-1,1,5,0,5,1,-1,0,5,1,5,3,4,4,3,-1,2,4,3,2,-1,-1,4,4,-1,1,3,-1,1,2,5,1,-1,-1,0,5,5,-1,4,1,3,5,2,2,5,4,-1,2,-1,0,3,0,2,3,3,1,-1,2,0,3,5,1,3,1,5,3,0,0,3,1,2,-1,5,0,4
2103.62793337,1,0,-1,4,5,1,3,3,5,0,-1,5,1,1,3,-1,0,-1,1,1,0,5,0,5,2,5,3,1,3,3,0,3,4,3,0,-1,2,3,5,2,-1,4,4,1,-1,4,2,5,4,3,4,3,0,2,0,2,5,-1,5,1,3,1,1,2,-1,-1,4,4,5,0,0,4,2,-1,0,-1,2,4,-1,-1,2,2,1,1,5,5,4,0,4,1
1986.04826171,5,-1,0,3,5,-1,3,3,2,0,-1,1,2,1,-1,3,-1,1,3,3,0,-1,1,4,5,0,0,1,3,1,4,-1,0,5,0,2,-1,4,0,3,5,-1,2,-1,-1,5,2,2,0,-1,-1,5,5,1,4,4,0,3,4,2,1,1,-1,4,4,3,-1,2,2,3,0,1,5,1,4,5,1,0,-1,3,2,4,5,3,-1,4,4,0,-1,-1
2077.80807304,2,4,2,4,-1,3,5,0,0,3,3,2,0,1,2,-1,-1,4,0,4,-1,-1,4,1,1,1,4,-1,-1,-1,3,5,4,3,3,3,0,4,0,4,1,-1,2,4,-1,-1,1,3,5,0,3,0,-1,0,-1,1,2,1,0,4,-1,4,3,5,3,1,1,-1,2,1,2,-1,5,-1,4,2,-1,-1,1,0,2,2,2,3,-1,0,4,5,1,3
2100.84733303,5,4,0,-1,-1,3,3,-1,1,-1,5,0,4,1,2,4,-1,1,2,1,4,0,5,0,5,-1,2,0,2,1,2,4,0,5,3,4,1,-1,2,4,2,4,5,1,5,5,4,1,0,3,2,2,3,-1,3,3,0,-1,4,4,5,3,2,5,5,-1,3,4,3,2,-1,0,-1,0,0,0,1,1,5,1,2,0,3,1,-1,3,5,4,-1,3
2026.16835238,5,4,-1,-1,1,5,1,1,5,2,0,-1,-1,2,3,-1,0,1,3,5,4,0,3,-1,4,3,5,5,1,-1,3,4,-1,4,0,2,1,-1,-1,3,-1,4,4,1,-1,1,-1,3,2,0,-1,-1,0,1,5,5,-1,-1,1,4,5,2,2,-1,1,3,2,4,0,0,0,-1,4,0,0,-1,2,4,0,0,5,1,3,5,1,3,4,-1,5,5
2148.11753886,-1,-1,0,3,-1,1,2,1,3,1,3,5,5,0,2,-1,3,4,2,3,5,-1,0,3,1,0,1,5,3,3,4,2,4,5,-1,5,3,4,-1,1,3,0,0,2,1,5,0,2,4,5,0,3,0,1,0,4,2,4,5,3,-1,2,-1,2,5,3,4,5,5,-1,4,2,0,5,4,4,1,1,0,-1,1,0,2,1,-1,2,-1,2,4,1
2010.27920756,2,5,-1,1,1,4,5,3,0,3,-1,3,-1,0,4,-1,1,-1,1,-1,3,4,-1,-1,1,3,-1,0,3,-1,4,2,-1,1,4,0,2,1,2,2,4,0,4,2,-1,1,-1,1,0,5,5,2,4,-1,5,5,3,5,3,-1,5,5,0,-1,4,2,1,3,1,1,4,5,0,4,0,3,0,4,0,0,2,2,1,5,2,-1,-1,2,-1,5
2078.60253028,1,2,4,-1,4,0,5,1,4,0,5,1,-1,1,-1,3,0,4,-1,5,1,3,1,3,-1,3,-1,0,4,5,3,-1,2,0,5,3,2,3,-1,-1,3,0,-1,1,5,3,-1,5,5,1,5,5,-1,0,2,0,4,2,2,4,3,4,3,2,1,4,-1,2,1,2,5,3,2,4,2,4,-1,-1,3,5,1,2,4,0,-1,-1,4,2,1,1
2064.69952856,3,-1,1,4,-1,1,2,4,-1,-1,1,0,4,5,4,3,5,0,0,1,1,2,3,3,0,3,4,0,4,3,-1,2,3,2,5,-1,3,2,0,-1,1,1,4,1,1,-1,2,1,1,3,5,-1,2,0,4,2,5,4,4,4,5,5,-1,0,0,-1,1,3,0,2,2,-1,2,3,-1,4,4,0,-1,2,0,4,-1,0,3,5,5,5,-1,1
2137.1937518,4,1,-1,-1,-1,0,1,0,5,3,3,0,-1,0,5,2,-1,-1,1,0,0,4,0,2,1,5,2,2,4,5,1,1,3,3,-1,-1,4,2,5,-1,2,1,1,3,5,0,0,4,4,1,2,-1,-1,3,3,5,2,4,2,4,5,3,1,5,-1,3,4,0,3,-1,-1,-1,4,-1,4,0,5,1,1,2,2,0,2,0,5,1,3,0,3,-1
2053.7757415,-1,-1,0,1,4,2,5,3,3,2,1,-1,2,4,5,3,4,4,0,5,4,0,-1,3,-1,4,1,1,3,5,4,-1,4,0,4,2,4,1,-1,1,3,0,3,-1,2,3,-1,3,3,1,3,2,-1,0,5,4,-1,0,1,3,2,-1,4,1,5,1,-1,5,2,5,5,0,-1,0,-1,2,3,2,4,-1,0,2,1,2,2,1,-1,0,0,5
1999.75264912,5,-1,3,0,2,0,2,1,0,1,0,1,1,-1,3,2,-1,-1,4,2,-1,4,-1,5,3,3,0,2,-1,5,0,4,4,2,-1,-1,1,4,3,0,2,-1,2,-1,5,3,2,1,4,4,0,3,1,0,1,4,4,2,-1,-1,-1,0,3,2,4,5,0,-1,-1,3,5,3,1,-1,3,-1,3,-1,2,5,2,0,5,4,5,5,-1,1,0,-1
1947.51708552,4,4,5,2,-1,3,5,-1,1,3,2,1,-1,5,5,2,4,4,1,-1,-1,3,4,5,-1,2,1,-1,5,0,2,3,4,-1,-1,0,1,0,2,2,1,1,2,5,0,0,4,2,-1,5,5,5,4,0,-1,-1,3,1,-1,4,3,1,3,-1,0,3,4,4,1,0,2,4,-1,5,3,3,2,0,0,4,0,-1,5,0,0,-1,2,2,-1,1
2166.78728403,4,-1,3,2,2,2,-1,2,4,2,1,5,1,0,4,0,3,3,4,-1,3,-1,5,0,4,0,3,-1,0,4,1,3,0,3,2,1,5,5,1,5,4,1,3,4,0,0,3,5,-1,2,2,5,1,0,-1,2,3,4,-1,4,5,2,1,4,0,5,4,1,0,-1,2,4,0,3,5,1,4,1,3,5,3,2,1,1,-1,3,5,0,1,2
2069.86350063,3,2,4,-1,1,4,-1,-1,1,3,0,3,3,5,2,-1,4,0,0,2,5,0,-1,-1,4,3,-1,5,3,3,2,5,4,5,4,2,-1,3,1,4,5,-1,3,4,4,1,0,0,3,0,3,1,-1,1,-1,-1,0,4,4,0,3,1,2,-1,5,1,5,2,1,2,0,4,2,5,0,5,-1,-1,0,0,3,1,2,-1,-1,5,2,4,-1,-1
2108.79190544,5,-1,4,4,4,3,-1,0,-1,5,0,0,2,1,3,1,3,1,3,-1,1,2,-1,2,5,1,2,1,-1,3,5,0,3,0,0,2,4,1,4,4,-1,3,5,1,1,2,3,-1,-1,-1,-1,-1,4,-1,1,-1,0,3,0,2,1,4,1,2,3,-1,0,4,3,2,0,2,2,4,4,0,3,0,4,2,5,5,1,5,0,4,2,5,-1,5
2122.89352146,0,-1,5,2,5,-1,-1,-1,1,2,2,4,0,-1,-1,4,4,4,3,1,0,2,1,0,4,-1,1,-1,0,3,5,-1,5,5,3,2,-1,-1,4,0,5,3,-1,5,3,-1,4,4,2,2,5,3,1,0,1,-1,4,3,1,1,3,0,3,4,4,5,-1,0,1,0,1,0,2,4,2,0,0,2,4,3,4,2,1,-1,-1,0,5,1,2,5
2075.82192994,4,-1,4,3,4,3,4,1,-1,2,5,0,0,5,4,5,-1,4,1,2,0,2,-1,2,1,2,4,1,3,-1,-1,0,1,0,-1,2,4,2,3,0,-1,5,5,0,0,2,1,3,2,4,3,3,1,1,4,5,1,5,0,2,5,1,1,3,1,-1,0,0,-1,4,3,-1,0,3,3,-1,5,2,1,4,1,-1,2,-1,5,1,5,3,5,-1
2156.26072558,0,4,1,2,2,5,4,5,-1,3,4,1,-1,0,0,1,2,0,5,2,-1,1,-1,5,4,1,5,5,3,3,2,2,4,2,1,2,0,-1,-1,5,5,3,4,1,5,3,5,3,1,2,0,1,3,0,-1,2,-1,-1,1,1,-1,1,1,4,2,2,2,0,-1,0,4,-1,4,4,0,4,3,0,3,5,-1,3,0,4,3,-1,3,1,0,-1
1977.90507499,1,3,5,1,5,0,4,3,2,3,4,3,2,0,1,4,-1,2,-1,4,5,4,0,-1,2,-1,1,2,1,2,2,0,1,-1,5,0,0,-1,5,5,1,0,2,3,-1,0,1,2,-1,-1,5,4,3,4,-1,-1,1,2,-1,4,-1,4,5,-1,4,4,4,5,3,1,5,0,0,-1,3,-1,1,5,-1,-1,0,1,2,1,1,5,3,5,5,-1
2102.03901889,5,1,1,3,3,0,0,4,1,2,-1,0,3,4,4,2,-1,0,0,-1,4,4,4,5,0,0,1,3,3,0,3,2,1,5,-1,5,-1,-1,0,-1,-1,2,3,5,3,0,1,3,1,-1,4,-1,5,5,5,4,0,-1,2,5,2,3,-1,1,-1,2,-1,5,5,0,2,-1,2,2,5,0,1,2,1,1,2,2,4,-1,3,4,4,3,-1,1
1944.53787087,4,3,4,2,-1,2,-1,4,-1,1,5,3,3,0,2,0,0,-1,-1,4,3,-1,2,2,-1,-1,2,-1,4,4,2,1,1,5,-1,-1,5,1,1,3,0,-1,4,5,3,0,-1,0,-1,3,-1,2,1,1,4,2,5,5,2,5,5,-1,0,1,3,2,2,5,3,4,-1,4,-1,1,3,0,3,0,1,4,-1,3,3,-1,0,5,1,0,-1,2
2092.70414631,1,0,3,3,0,2,5,0,2,1,-1,5,3,1,0,0,2,4,-1,-1,-1,5,3,5,0,2,3,3,2,3,2,1,-1,4,0,1,-1,-1,0,4,-1,2,3,3,5,2,3,-1,1,1,2,5,2,5,5,3,4,0,-1,4,4,-1,4,0,-1,-1,-1,1,1,5,4,5,-1,5,0,2,1,0,5,4,4,4,3,4,2,1,0,4,2,1
2175.32769937,4,1,3,3,-1,1,0,-1,0,4,3,-1,5,2,4,1,2,-1,0,1,3,2,0,0,5,0,4,-1,-1,1,4,2,5,5,-1,5,2,5,4,2,5,4,-1,2,0,3,5,-1,5,4,3,-1,4,5,1,0,4,5,5,1,3,2,2,3,2,3,3,1,0,1,3,-1,0,2,3,2,1,1,2,1,4,2,3,2,-1,-1,0,1,1,4
2086.34848838,2,0,5,1,1,1,0,3,2,4,0,1,5,-1,5,5,3,5,0,5,4,-1,-1,-1,2,1,4,3,3,-1,-1,1,2,2,3,1,3,2,5,3,0,-1,0,1,2,4,2,4,1,0,1,1,5,0,1,2,2,2,3,0,0,4,4,4,-1,2,3,3,-1,3,0,-1,-1,4,4,-1,0,1,2,4,4,5,5,5,3,5,-1,-1,-1,-1
2041.66026858,5,0,0,1,1,2,4,2,-1,2,4,5,4,-1,1,2,3,-1,3,3,1,5,1,-1,0,-1,4,4,5,0,-1,-1,4,3,0,3,1,2,-1,3,1,0,3,5,0,0,1,5,-1,1,4,3,5,2,2,5,1,-1,1,-1,-1,5,1,2,3,0,0,-1,-1,4,0,3,2,0,3,3,2,3,3,-1,-1,-1,5,2,1,0,-1,2,-1,4
2156.06211127,1,4,3,4,5,4,2,5,0,1,0,1,-1,3,3,0,2,5,5,1,4,2,-1,1,1,5,3,4,2,5,-1,2,1,2,0,-1,0,2,-1,0,2,-1,5,4,1,2,3,-1,3,1,0,-1,5,3,3,5,5,5,3,2,4,0,1,4,2,0,0,3,-1,4,2,3,2,-1,0,3,1,4,0,3,1,5,-1,4,5,0,-1,4,1,-1
2108.39467682,1,3,-1,4,5,0,-1,4,5,4,1,0,0,5,2,3,1,1,5,4,3,5,3,-1,4,5,0,3,-1,-1,2,4,1,2,-1,2,0,-1,1,4,1,1,-1,1,2,1,-1,1,5,3,0,3,4,5,-1,0,3,5,0,3,4,3,2,-1,-1,4,5,0,2,0,0,2,1,-1,0,-1,2,1,3,2,4,4,2,5,3,3,1,2,5,2
2174.93047075,4,5,5,-1,0,2,5,3,3,1,0,4,3,-1,5,2,4,5,0,2,1,2,3,3,2,0,0,3,0,1,4,3,2,3,3,0,0,-1,4,2,4,3,1,5,2,-1,2,1,0,4,1,-1,3,2,5,5,4,5,2,-1,1,0,0,5,1,-1,3,0,5,1,-1,1,1,2,4,0,-1,0,-1,-1,2,1,4,4,4,2,-1,4,2,5
2143.94663835,1,1,3,5,1,2,5,2,2,-1,2,-1,0,4,-1,1,2,5,3,4,3,4,4,-1,1,2,2,5,-1,2,0,5,3,-1,-1,4,2,5,1,3,4,-1,-1,0,0,-1,4,-1,0,5,1,-1,3,3,0,-1,4,-1,5,0,0,3,2,-1,4,3,1,1,-1,5,4,1,2,4,2,0,3,1,3,0,-1,0,2,1,0,-1,3,3,0,4
2086.34848838,4,-1,0,5,3,0,0,-1,4,2,4,2,5,1,0,-1,3,4,1,4,2,5,1,-1,2,1,3,-1,1,-1,3,4,0,3,-1,0,2,3,2,0,3,-1,1,1,-1,1,5,0,2,4,5,2,1,0,2,2,-1,2,4,5,5,-1,-1,0,1,4,2,5,5,-1,-1,1,1,3,-1,3,-1,-1,1,1,4,0,0,3,4,4,5,3,3,-1
2070.85657218,3,0,-1,4,-1,3,0,4,0,3,3,5,4,5,2,4,4,1,1,4,4,-1,-1,1,4,0,-1,0,3,4,3,3,2,2,3,2,-1,0,-1,0,0,0,-1,-1,1,-1,1,1,1,1,0,2,5,-1,1,2,-1,-1,1,0,2,4,2,-1,-1,-1,0,4,3,2,2,1,4,-1,2,-1,5,4,2,3,1,5,-1,4,1,3,2,-1,3,5
2063.90507132,5,0,3,-1,2,-1,3,-1,5,1,1,5,0,4,1,4,1,4,2,3,-1,3,0,5,-1,0,5,4,0,4,4,4,4,3,1,4,3,0,5,-1,0,1,2,-1,0,0,2,2,-1,-1,3,-1,2,0,-1,1,2,3,2,1,4,1,0,5,5,2,1,1,5,-1,1,1,-1,3,2,5,4,4,-1,3,0,3,5,2,2,0,-1,0,2,1
2113.55864888,3,-1,1,-1,1,0,4,4,4,2,0,1,3,1,2,2,1,4,3,0,0,1,3,2,0,2,-1,5,5,3,-1,2,3,0,1,-1,-1,-1,-1,3,3,5,-1,3,3,3,0,5,-1,0,4,2,3,0,3,1,4,0,5,1,5,5,-1,2,1,-1,3,2,4,-1,-1,1,0,0,0,1,-1,4,3,4,1,2,5,-1,4,2,5,5,2,4
2020.40853738,2,2,1,3,-1,2,1,1,-1,-1,3,1,4,3,0,0,5,-1,4,-1,0,-1,1,3,-1,3,3,0,5,0,3,5,2,1,4,0,4,5,1,2,4,0,-1,3,5,-1,1,2,5,3,-1,4,1,0,-1,2,-1,3,2,4,5,1,4,-1,4,3,2,-1,2,4,4,0,2,-1,0,3,1,0,0,2,1,-1,4,4,1,-1,0,2,-1,2
2007.89583584,5,4,3,4,2,2,-1,3,-1,1,2,4,4,2,0,-1,4,-1,2,2,1,4,0,1,5,3,-1,2,2,5,2,3,-1,-1,0,1,-1,0,0,3,4,3,3,2,1,5,-1,4,0,0,-1,-1,3,1,0,3,4,0,-1,1,1,5,4,-1,3,-1,4,1,1,5,3,5,4,3,2,5,0,0,-1,-1,5,5,-1,2,2,-1,0,1,4,1
2037.29075375,2,3,-1,0,4,0,1,-1,4,2,3,1,4,-1,1,-1,2,3,2,-1,2,-1,0,1,4,1,2,0,2,0,-1,5,2,3,0,-1,5,0,-1,4,5,4,2,3,5,0,-1,3,5,5,5,3,2,1,3,4,4,0,4,4,-1,2,5,5,1,0,2,1,-1,4,-1,-1,1,4,1,2,5,1,5,3,2,0,4,1,3,3,2,5,1,0
2027.16142393,4,1,0,5,5,0,1,3,1,4,3,-1,4,-1,-1,1,0,4,5,-1,4,3,1,1,-1,5,1,3,4,0,1,3,5,0,2,-1,3,4,-1,1,2,-1,3,4,-1,1,-1,4,1,-1,2,4,4,2,5,2,3,-1,0,4,0,2,2,-1,5,4,1,2,2,5,2,0,5,0,3,-1,-1,0,5,0,-1,2,2,0,3,0,-1,0,5,-1
2070.85657218,-1,-1,4,3,2,1,-1,0,0,0,2,-1,5,1,2,0,-1,4,3,2,5,4,5,-1,-1,-1,3,-1,-1,-1,-1,-1,5,-1,3,2,3,3,3,1,3,1,4,2,0,5,2,4,4,1,2,2,1,4,4,2,0,-1,-1,0,5,-1,0,-1,3,0,0,3,1,2,2,5,-1,4,5,4,1,3,2,1,2,1,1,5,0,0,3,1,4,5
2155.46626834,5,3,5,2,3,2,3,1,-1,-1,2,5,5,4,4,4,0,3,0,2,-1,1,2,0,2,0,1,2,3,4,1,2,0,-1,3,1,1,4,0,1,0,5,0,2,-1,-1,4,-1,3,1,3,5,4,5,-1,2,-1,4,4,0,-1,5,-1,0,5,4,0,1,4,2,2,2,1,-1,-1,0,0,4,2,3,5,1,4,1,5,-1,3,3,5,3
2048.61176944,2,-1,3,1,0,4,4,-1,1,1,5,-1,2,0,5,3,2,4,3,-1,0,2,4,-1,1,-1,1,-1,-1,1,3,0,1,5,-1,3,4,-1,-1,2,1,3,0,3,-1,-1,5,4,-1,3,3,4,4,0,1,-1,-1,0,3,2,4,0,5,2,5,5,4,0,0,0,2,-1,5,2,4,5,0,1,-1,4,2,1,5,0,3,2,-1,2,-1,2
2074.43162977,5,5,2,3,5,2,4,0,1,1,4,-1,0,2,5,-1,-1,2,0,-1,4,2,2,5,3,5,5,1,4,0,1,3,3,3,-1,5,4,2,5,3,3,0,1,-1,2,2,0,1,0,0,-1,1,1,4,-1,0,1,-1,4,-1,3,0,1,-1,3,0,0,1,4,5,2,2,4,4,2,5,3,-1,1,0,5,4,3,5,4,2,3,3,1,-1
2010.67643618,-1,3,3,1,-1,-1,-1,1,5,-1,4,5,4,-1,0,3,0,4,-1,3,-1,4,5,-1,3,4,2,5,2,0,2,-1,1,4,3,3,4,3,2,0,4,2,5,2,0,0,5,3,2,-1,2,3,1,1,0,-1,1,4,4,3,-1,0,5,1,0,5,5,2,-1,-1,-1,4,0,1,2,2,-1,2,5,5,-1,1,5,1,4,5,0,4,0,-1
2121.50322129,3,0,-1,2,4,2,5,1,-1,2,-1,2,-1,4,2,0,1,0,5,2,-1,5,4,2,0,4,4,1,3,3,0,0,3,-1,5,5,0,-1,-1,4,4,1,3,-1,5,5,1,-1,4,-1,-1,5,1,1,3,3,0,3,5,0,4,4,1,0,3,-1,1,5,4,-1,1,2,1,4,3,5,0,0,4,2,5,3,2,-1,1,2,1,3,-1,3
1909.97898089,4,3,-1,-1,-1,2,3,4,-1,1,1,5,2,-1,1,5,0,0,3,4,0,-1,-1,2,4,0,2,0,-1,1,5,0,1,3,2,-1,3,4,4,4,3,2,5,-1,2,3,2,4,2,0,4,-1,5,-1,-1,5,-1,5,0,-1,3,0,-1,5,0,-1,3,4,-1,5,1,4,3,1,3,2,3,-1,-1,2,-1,0,-1,4,2,-1,5,4,5,-1
2084.36234528,4,5,-1,-1,0,-1,3,-1,2,0,3,1,1,4,-1,4,5,4,-1,5,-1,2,-1,3,3,4,3,-1,-1,3,3,2,-1,5,4,2,3,2,0,5,2,2,4,1,-1,5,3,2,0,3,4,0,4,-1,0,-1,3,2,1,1,1,1,5,4,-1,4,0,0,2,4,-1,-1,1,2,0,0,0,2,0,4,0,3,2,1,1,2,5,1,5,-1
1955.66027224,1,4,1,3,0,0,4,3,5,-1,5,-1,0,4,1,2,5,5,0,1,0,5,2,-1,5,-1,0,0,-1,3,5,1,-1,-1,3,-1,3,1,2,0,4,2,0,4,1,2,5,2,-1,4,-1,0,-1,-1,4,2,-1,-1,3,2,4,1,-1,0,-1,5,3,4,1,3,1,5,2,1,2,4,5,-1,-1,3,2,4,2,-1,0,-1,1,4,1,3
2087.93740286,2,0,-1,1,0,2,2,4,0,3,2,3,5,3,5,1,2,-1,4,5,0,0,-1,4,1,-1,2,4,-1,0,5,2,2,3,-1,-1,4,4,5,0,0,5,1,3,4,3,2,5,4,-1,1,-1,3,1,3,4,-1,1,-1,3,1,5,3,-1,2,1,4,5,-1,2,4,0,-1,3,1,1,2,0,2,2,5,2,5,1,1,5,4,0,0,3
2089.12908872,-1,5,0,2,1,0,5,3,4,-1,4,1,1,0,4,2,3,0,-1,5,0,4,-1,2,3,2,-1,-1,0,1,1,3,3,4,4,1,1,-1,0,3,5,-1,0,4,2,2,1,4,5,5,4,-1,4,5,1,2,0,-1,2,3,4,3,4,1,-1,-1,3,-1,5,3,-1,2,2,0,1,5,1,0,2,3,3,0,4,4,-1,3,3,3,0,2
2080.985902,-1,4,5,0,-1,3,3,2,3,1,5,0,0,4,-1,0,1,-1,3,2,-1,5,1,5,4,3,0,5,-1,3,0,3,1,5,1,3,4,-1,4,4,2,2,0,4,5,-1,3,1,2,1,-1,3,3,0,4,-1,1,-1,-1,5,5,2,2,3,4,5,-1,0,5,1,2,2,2,1,0,2,2,2,2,1,4,4,0,-1,1,4,5,1,4,-1
2106.60714802,-1,-1,2,1,4,3,5,1,-1,1,0,4,1,0,1,1,5,0,0,3,5,3,-1,2,5,-1,4,-1,0,2,1,4,3,5,4,4,4,4,1,2,5,-1,4,3,-1,2,2,5,0,3,1,-1,1,5,2,0,0,2,-1,5,1,1,4,3,2,2,1,0,-1,3,-1,4,3,0,4,5,2,1,2,0,5,3,3,-1,3,4,0,3,2,-1
2007.89583584,0,1,2,0,-1,0,4,3,3,0,1,2,3,3,-1,4,5,5,1,1,4,-1,4,-1,5,1,5,2,-1,0,4,5,3,2,2,1,3,3,-1,5,-1,1,-1,1,4,-1,5,2,3,-1,0,0,2,0,0,4,5,5,1,4,1,4,2,-1,5,5,0,4,-1,2,4,1,-1,2,4,4,0,2,-1,-1,-1,3,1,4,-1,5,2,1,3,-1
2163.21222644,-1,-1,3,2,4,3,5,3,4,3,1,-1,5,0,-1,2,5,5,5,2,2,4,2,3,2,4,-1,4,2,4,4,0,3,0,5,1,0,1,-1,3,1,2,4,0,3,-1,1,5,-1,-1,3,1,5,4,0,3,0,3,2,1,4,2,1,0,5,1,1,-1,1,-1,1,3,4,5,1,2,3,0,0,5,0,-1,2,0,2,-1,5,2,3,4
2156.6579542,4,3,4,2,4,0,-1,5,5,5,-1,1,0,0,3,1,1,4,3,4,3,0,4,4,0,3,5,-1,2,5,5,1,3,0,-1,1,4,2,0,0,1,2,5,3,2,-1,4,2,2,1,5,-1,5,1,-1,-1,3,-1,2,3,1,4,2,4,0,3,1,5,3,5,1,4,2,0,5,2,-1,5,-1,0,3,3,2,0,4,3,1,1,2,0
2004.91662118,0,-1,1,1,-1,5,2,4,2,4,1,-1,0,0,1,0,3,5,-1,0,5,2,5,4,3,5,3,0,3,-1,-1,-1,3,1,-1,4,-1,5,3,3,5,4,0,-1,-1,5,-1,3,3,2,2,2,5,4,1,5,2,2,0,5,0,2,-1,-1,4,4,1,5,-1,3,3,3,5,1,3,1,4,0,2,1,1,-1,1,2,2,3,0,-1,1,-1
2065.69260012,4,0,-1,3,0,0,2,3,2,3,4,4,3,1,1,2,3,5,5,0,1,0,5,3,5,4,3,2,5,4,5,3,5,1,-1,3,4,3,0,0,2,4,1,4,1,-1,4,1,1,-1,3,0,-1,5,5,1,0,3,-1,0,3,3,5,-1,5,0,5,5,-1,4,-1,2,-1,2,0,4,2,1,-1,-1,5,2,2,1,-1,2,1,2,-1,4
2027.55865255,1,4,4,-1,2,1,-1,3,4,-1,2,2,1,5,0,3,0,3,-1,4,-1,3,5,1,5,4,0,0,2,5,-1,3,3,-1,1,3,-1,1,3,0,-1,4,2,5,0,0,-1,-1,1,-1,-1,4,5,0,2,2,4,0,2,4,5,2,3,2,-1,5,0,3,5,1,-1,1,5,4,3,5,5,3,0,4,3,0,4,2,0,2,2,5,0,1
2052.18682702,-1,4,2,3,2,2,3,1,-1,4,1,0,4,2,2,0,1,4,1,-1,3,4,1,5,3,-1,3,-1,4,1,1,4,0,-1,-1,-1,-1,5,1,4,-1,-1,4,4,-1,5,0,3,1,3,0,5,-1,5,1,4,-1,0,2,2,-1,1,3,2,4,5,3,2,2,0,3,5,1,5,0,4,3,0,5,2,3,-1,-1,5,2,1,-1,-1,5,0
2095.48474665,3,2,3,1,3,4,5,1,2,2,-1,1,3,0,2,-1,4,3,3,2,3,4,2,3,0,0,1,4,4,1,4,0,-1,5,0,0,4,-1,4,5,2,-1,0,4,5,4,2,5,2,5,1,1,1,-1,3,1,1,-1,1,4,0,1,2,2,5,-1,-1,0,3,2,5,4,5,1,3,0,-1,0,5,-1,-1,-1,0,4,3,-1,3,5,5,-1
2008.09445015,2,5,4,-1,3,0,-1,5,3,1,-1,5,-1,-1,1,2,3,3,-1,-1,5,1,-1,2,1,2,1,2,2,-1,1,3,4,1,3,-1,0,0,-1,4,2,3,4,0,-1,0,0,0,1,3,5,5,0,5,-1,3,4,2,5,4,4,-1,4,1,-1,3,2,1,0,0,1,-1,2,4,5,0,-1,2,1,3,-1,4,4,-1,5,2,0,5,2,-1
2038.87966823,4,-1,-1,-1,4,4,2,-1,5,3,-1,1,3,3,4,3,1,5,4,3,-1,3,2,-1,-1,2,5,1,2,1,4,1,-1,1,2,1,5,2,5,0,2,2,1,1,4,2,0,2,-1,0,3,0,0,-1,0,3,-1,5,3,3,-1,1,4,4,1,5,3,-1,0,1,4,2,0,2,0,2,-1,5,1,5,4,3,1,0,4,5,0,4,-1,5
2062.11754253,0,-1,5,0,0,2,-1,2,4,2,1,0,-1,4,3,1,2,5,1,2,3,-1,-1,5,0,3,1,1,2,-1,-1,5,1,0,2,5,4,2,0,1,4,3,-1,4,1,-1,-1,3,0,1,0,-1,2,4,4,-1,5,3,4,4,1,4,3,-1,3,2,3,-1,0,3,2,3,3,4,4,5,5,2,0,4,2,5,5,3,0,0,-1,1,-1,-1
2151.69259645,-1,0,4,3,3,1,0,5,5,2,0,0,2,0,5,1,3,5,3,4,3,5,-1,-1,4,1,4,3,2,5,-1,2,2,-1,2,-1,-1,3,-1,-1,2,5,4,1,1,4,3,2,1,5,1,3,4,1,5,-1,-1,5,4,0,1,1,2,0,0,3,-1,4,2,2,4,0,2,5,4,1,2,1,1,0,4,-1,1,5,2,-1,-1,1,3,3
2055.36465598,3,5,4,3,0,-1,2,5,5,3,1,0,0,1,3,4,4,2,1,0,2,-1,-1,1,-1,0,1,-1,5,1,0,1,3,0,3,0,2,4,2,1,-1,-1,-1,4,4,0,-1,3,3,3,4,2,2,2,1,4,0,1,5,2,5,3,4,2,4,-1,0,0,4,0,4,5,-1,2,5,4,3,5,5,4,-1,-1,5,2,5,-1,1,3,-1,-1
2079.39698752,4,5,-1,5,4,1,-1,1,4,0,3,4,4,5,3,-1,2,4,3,-1,1,0,3,-1,1,5,1,-1,4,3,-1,0,0,2,2,1,2,5,2,3,4,5,0,5,0,4,4,4,-1,-1,3,-1,0,1,-1,0,0,1,1,2,0,0,2,-1,4,4,2,0,2,1,1,2,-1,-1,3,2,2,5,2,-1,4,1,3,0,3,3,-1,5,3,0
2115.14756336,0,5,3,1,2,-1,5,5,2,4,4,4,1,4,4,5,1,0,0,0,2,0,1,4,2,0,3,5,0,0,-1,0,-1,-1,2,-1,2,1,0,-1,-1,-1,3,-1,2,1,4,3,3,3,5,0,3,5,2,-1,5,2,0,2,1,1,4,5,1,4,4,1,3,5,1,3,-1,0,2,1,3,1,0,3,5,4,1,5,-1,1,4,-1,2,3
2113.55864888,2,-1,1,0,4,0,0,1,4,-1,5,1,5,1,2,-1,4,4,2,-1,3,0,0,2,2,1,3,0,0,3,5,-1,0,2,5,5,-1,1,3,4,4,0,4,1,2,-1,-1,2,2,-1,3,1,2,4,3,1,0,4,5,4,4,3,5,3,2,5,2,4,0,-1,5,-1,1,3,5,4,5,1,3,1,3,4,0,2,-1,3,5,2,1,3
2025.57250945,0,4,4,-1,1,-1,3,3,0,4,0,5,4,-1,4,0,3,2,5,1,1,-1,4,-1,4,3,3,1,-1,-1,0,3,4,2,0,2,0,1,3,4,-1,-1,2,3,-1,5,1,2,0,1,-1,5,1,2,-1,4,-1,4,5,1,2,5,5,-1,3,-1,2,1,0,0,5,4,5,5,5,1,-1,1,-1,0,4,3,-1,1,-1,3,2,5,2,3
2120.70876405,0,3,1,-1,-1,2,4,0,0,1,-1,0,0,3,5,-1,3,3,1,3,0,5,-1,1,2,3,4,0,4,1,2,2,0,5,-1,0,4,4,-1,0,5,0,5,4,4,1,1,1,-1,3,2,4,0,4,3,-1,-1,2,0,5,5,3,1,4,1,3,5,-1,2,5,-1,5,2,1,3,2,5,0,2,3,2,4,2,-1,2,1,-1,4,3,1
2141.56326663,1,1,0,-1,0,-1,3,0,0,0,5,-1,1,5,2,-1,4,0,1,3,1,4,3,1,4,-1,0,4,-1,-1,2,5,0,1,2,4,-1,3,0,2,-1,2,-1,4,2,2,-1,-1,5,5,3,-1,1,4,1,-1,2,4,0,2,3,4,2,5,1,3,4,1,5,0,3,5,5,4,5,1,3,3,-1,1,-1,3,5,2,3,2,0,5,-1,4
2040.86581134,2,1,5,3,-1,0,5,4,0,-1,-1,-1,2,-1,4,3,1,5,2,1,1,2,2,0,4,-1,3,5,4,0,1,1,0,2,0,2,3,-1,1,3,4,4,3,5,4,4,1,1,-1,2,-1,5,-1,3,5,-1,0,4,-1,-1,0,2,-1,0,1,5,1,0,-1,4,2,3,2,0,-1,2,3,1,5,5,4,3,4,2,1,4,4,0,5,3
2033.31846755,3,-1,3,-1,2,5,4,4,5,-1,5,0,5,4,-1,0,5,-1,2,1,-1,5,3,0,1,-1,-1,-1,1,-1,2,4,5,-1,4,5,1,4,0,2,0,5,5,2,5,5,-1,0,-1,2,4,0,0,-1,2,1,4,1,1,2,0,1,1,3,2,4,1,1,4,0,0,3,-1,1,3,2,2,2,5,1,1,3,-1,1,4,3,0,-1,3,3
2128.05749353,4,0,3,2,1,3,4,-1,2,5,0,-1,1,1,3,1,3,1,2,0,3,-1,4,0,4,3,2,5,3,-1,-1,-1,0,-1,4,-1,-1,5,-1,0,0,0,5,0,2,0,-1,2,-1,-1,5,3,0,2,3,3,4,1,0,1,4,2,3,1,0,4,2,5,4,2,2,3,-1,4,-1,4,3,2,2,4,1,1,3,0,1,1,-1,1,5,5
2075.82192994,0,-1,1,1,3,-1,0,1,5,-1,2,4,2,5,1,2,3,5,2,4,4,4,-1,5,-1,2,4,1,1,-1,4,2,2,5,3,1,0,5,-1,-1,-1,3,0,1,3,5,3,4,0,0,5,2,1,5,-1,-1,-1,-1,-1,3,4,-1,2,1,1,4,1,5,4,-1,0,3,2,4,0,0,5,4,3,1,0,5,3,3,0,4,2,4,0,2
2027.16142393,0,1,-1,0,4,2,5,1,-1,-1,4,1,1,2,5,-1,3,1,3,5,2,0,1,3,-1,4,0,3,5,-1,-1,0,0,5,4,4,1,-1,-1,1,2,4,0,3,5,2,0,0,5,1,5,4,1,3,4,-1,4,1,2,3,-1,2,3,-1,-1,2,3,5,2,3,2,3,2,1,0,4,5,1,3,1,0,5,4,3,0,2,4,-1,2,-1
2111.17527716,3,1,3,4,-1,3,0,0,3,3,-1,-1,1,-1,1,3,5,1,2,1,-1,3,5,4,0,-1,2,2,1,2,1,2,4,-1,0,2,1,2,-1,4,-1,-1,0,3,0,4,-1,0,4,4,0,1,1,1,5,2,3,4,0,-1,3,2,3,2,5,0,-1,3,5,-1,0,3,-1,1,4,2,2,1,4,-1,-1,0,2,5,5,0,5,4,4,5
2062.51477115,4,4,-1,-1,2,3,0,4,4,-1,0,5,0,5,3,-1,5,5,0,4,0,-1,3,-1,2,1,1,-1,-1,1,1,3,-1,2,-1,5,5,4,5,1,3,5,5,-1,1,2,1,3,-1,2,5,1,3,5,3,-1,3,3,4,-1,2,3,0,1,1,0,3,5,2,-1,2,0,0,1,-1,1,1,0,3,-1,3,0,2,4,0,3,-1,-1,2,0
2056.55634184,-1,2,0,2,0,5,0,2,0,1,2,4,5,3,-1,4,5,2,3,4,2,4,1,-1,2,4,4,-1,-1,2,2,1,3,5,0,-1,5,0,3,-1,1,3,5,2,-1,-1,4,1,-1,2,5,5,4,4,5,3,5,1,5,-1,1,3,1,4,-1,3,1,-1,0,0,1,-1,2,3,4,1,3,-1,4,2,4,1,1,0,3,-1,1,-1,4,3
2040.46858272,0,4,-1,5,1,1,-1,4,0,5,4,0,-1,1,3,1,-1,2,-1,0,5,2,0,5,5,5,-1,-1,5,1,5,-1,3,1,0,3,2,1,2,4,1,3,-1,2,5,2,4,3,3,-1,3,4,2,2,3,0,-1,0,0,2,2,0,1,5,3,1,4,2,4,4,4,0,-1,3,-1,4,2,5,5,1,5,-1,4,3,3,2,4,1,-1,0
2056.15911322,3,5,4,-1,-1,0,-1,2,3,4,1,1,0,0,3,3,0,4,0,1,5,1,0,3,5,4,3,0,3,1,1,2,5,1,1,-1,3,5,-1,3,2,5,0,1,-1,2,2,0,0,3,1,5,-1,5,-1,4,4,2,4,1,4,0,5,-1,5,2,2,-1,4,4,2,1,-1,-1,3,3,0,-1,2,-1,1,3,4,2,0,4,2,4,-1,5
2031.72955307,3,0,-1,4,2,3,2,0,-1,-1,3,1,4,2,1,1,-1,2,3,0,-1,4,2,4,-1,5,5,2,4,1,-1,-1,3,-1,1,5,5,2,5,-1,2,-1,4,0,3,0,4,2,5,1,0,-1,2,1,3,0,4,0,0,4,4,0,-1,0,0,-1,1,3,1,5,0,-1,-1,3,5,2,-1,-1,1,4,-1,1,5,3,4,3,2,3,5,-1
2138.98128059,0,-1,1,3,4,5,5,5,-1,5,-1,0,4,0,3,5,1,-1,3,1,0,0,3,0,3,5,0,2,2,2,2,3,-1,2,-1,1,-1,3,-1,2,4,-1,4,1,0,4,-1,4,-1,-1,4,4,4,3,2,4,-1,4,1,1,1,1,3,0,4,3,4,1,4,0,3,1,3,0,-1,1,-1,2,-1,0,1,0,1,2,1,-1,2,-1,5,2
2165.19836954,3,1,-1,4,2,1,0,1,4,0,2,2,1,5,-1,0,2,-1,3,4,3,2,0,2,-1,0,-1,1,-1,2,-1,5,5,4,0,0,5,-1,2,1,5,3,-1,4,-1,3,1,-1,4,4,0,4,5,3,3,-1,3,0,1,3,2,1,2,3,2,1,0,2,4,5,1,5,3,4,1,4,0,0,0,3,5,2,5,0,-1,5,4,-1,1,5
2124.08520733,1,5,5,2,4,1,0,0,3,5,4,4,0,4,1,4,3,5,0,2,-1,5,2,3,5,5,3,2,0,-1,1,-1,1,-1,1,3,1,3,1,2,1,4,-1,4,0,3,0,-1,4,-1,0,0,2,5,5,3,4,1,-1,1,0,2,4,5,5,3,5,3,-1,0,1,0,4,1,1,-1,0,-1,3,5,2,3,4,2,3,2,2,2,-1,2
2151.89121076,0,3,3,-1,-1,0,3,0,1,-1,2,-1,2,5,-1,0,4,-1,5,1,3,3,0,4,2,4,4,5,1,0,4,0,0,5,-1,1,-1,2,2,5,1,0,4,0,5,5,5,5,0,4,1,0,3,2,-1,5,1,1,3,3,4,3,2,2,0,4,3,5,3,-1,2,4,4,4,3,1,2,-1,-1,2,1,3,1,5,-1,5,2,3,1,1
2110.18220561,0,0,3,-1,4,-1,-1,-1,5,0,0,-1,2,4,5,5,0,3,1,2,1,0,0,3,0,0,1,-1,1,-1,3,-1,4,2,1,4,-1,3,0,4,5,5,5,5,3,2,2,5,1,5,2,2,1,4,-1,4,1,5,2,3,0,-1,4,-1,0,3,4,2,2,5,1,3,3,0,2,3,3,2,1,3,-1,-1,1,4,2,4,-1,0,5,4
2033.31846755,1,-1,0,0,4,2,2,-1,2,-1,3,2,5,-1,-1,4,3,4,-1,1,5,-1,4,1,5,4,3,1,3,4,1,1,4,5,0,0,5,4,3,-1,0,0,1,-1,3,0,2,3,-1,3,-1,2,-1,5,4,2,-1,-1,-1,2,2,3,2,5,-1,1,4,5,-1,3,1,4,1,3,3,2,1,0,1,4,3,2,0,3,2,0,0,0,0,4
2161.82192627,1,-1,4,2,0,3,2,1,5,1,3,1,-1,0,-1,2,1,4,5,0,4,1,4,1,3,1,4,1,-1,-1,4,5,4,2,5,2,3,-1,-1,2,-1,-1,2,2,4,5,3,-1,3,1,5,4,3,-1,4,0,2,3,2,2,0,-1,0,-1,3,3,2,-1,-1,5,0,3,5,4,-1,0,-1,5,4,0,5,0,0,1,1,0,5,1,0,4
2067.2815146,0,3,4,2,-1,3,4,-1,2,4,-1,1,2,4,5,5,3,2,5,4,3,3,5,0,3,-1,5,1,5,1,0,4,5,-1,1,-1,-1,-1,5,1,1,2,5,2,4,-1,-1,3,0,1,4,0,2,0,2,3,-1,2,4,2,1,0,0,3,-1,0,3,-1,3,5,0,4,1,1,2,4,4,1,1,1,5,-1,-1,3,-1,2,0,0,3,2
2118.32539233,3,-1,-1,1,4,0,3,-1,4,2,1,5,-1,0,0,2,4,5,5,-1,4,2,2,3,-1,3,-1,-1,2,5,5,4,1,4,-1,1,3,1,1,2,2,5,2,5,4,3,1,4,0,4,0,-1,1,0,1,2,4,3,0,-1,3,1,3,2,1,5,3,3,5,0,0,3,2,0,4,-1,-1,5,3,0,0,2,1,2,-1,3,0,-1,5,4
2105.21684785,-1,-1,4,0,0,3,2,5,1,1,-1,0,2,2,1,5,5,2,3,0,5,5,3,4,3,3,4,2,5,-1,0,5,1,1,3,-1,-1,3,4,-1,4,-1,2,2,3,2,5,2,1,-1,2,5,5,3,0,4,0,4,5,-1,1,5,0,1,4,0,0,-1,4,0,3,1,-1,4,2,5,3,2,5,3,-1,4,4,0,3,4,4,1,5,0
2145.73416714,-1,2,3,-1,-1,2,0,1,0,0,2,-1,1,3,5,5,1,2,0,1,1,5,-1,5,2,5,3,3,4,4,2,1,1,4,0,1,-1,-1,3,5,2,-1,5,5,4,4,1,0,4,0,4,4,2,3,-1,5,4,-1,4,-1,-1,1,1,1,3,2,3,0,5,4,3,3,2,0,5,0,2,1,2,-1,5,4,1,0,3,0,-1,3,0,5
2046.0297834,2,1,3,3,3,1,0,3,0,0,5,1,5,4,4,5,5,-1,0,-1,4,4,0,1,4,1,-1,3,4,3,0,3,1,4,2,-1,5,1,0,3,3,5,0,2,2,1,1,0,2,-1,5,4,2,-1,5,0,-1,4,3,5,1,2,-1,2,2,5,4,2,5,1,2,1,2,4,1,4,-1,4,2,5,5,-1,-1,4,3,0,3,3,2,-1
2095.08751803,-1,-1,5,3,2,4,5,0,0,-1,2,1,3,2,2,5,0,3,3,5,-1,4,2,-1,2,0,1,4,2,0,0,5,3,-1,0,3,-1,1,4,5,5,5,5,0,4,-1,3,1,4,2,2,1,0,3,-1,-1,4,3,3,5,1,1,4,-1,0,0,0,-1,-1,1,3,0,-1,3,4,2,2,1,4,5,3,2,1,3,1,4,1,5,2,1
2107.20299096,0,4,1,-1,4,5,5,1,2,1,3,-1,5,3,2,4,1,4,-1,1,4,5,3,2,3,-1,1,-1,0,0,1,5,-1,4,1,2,-1,3,2,-1,0,-1,2,4,0,2,1,3,0,1,1,-1,4,4,0,3,-1,5,-1,4,5,2,4,-1,-1,1,-1,2,2,-1,-1,-1,0,3,2,0,-1,0,2,2,0,0,0,5,0,4,-1,4,1,3
1976.91200344,0,4,-1,3,3,-1,5,5,-1,1,-1,0,2,0,0,-1,-1,-1,4,2,5,5,2,4,4,4,2,5,1,0,3,5,-1,1,1,3,2,5,5,4,0,4,1,1,4,1,1,5,5,-1,4,0,2,1,3,-1,0,-1,-1,3,2,5,5,2,4,0,3,0,1,-1,1,2,-1,4,-1,2,-1,3,-1,0,1,5,3,-1,2,1,-1,-1,2,-1
2075.82192994,3,0,-1,0,2,4,2,2,-1,-1,3,-1,0,1,4,1,1,0,2,0,0,3,4,5,1,5,-1,-1,1,4,1,0,1,5,2,3,4,1,1,0,3,4,5,0,3,-1,5,2,3,3,3,3,3,-1,0,4,2,2,3,5,5,-1,-1,-1,-1,4,0,2,4,-1,-1,2,3,5,1,4,5,1,0,4,2,2,5,0,4,-1,2,1,5,1
2150.6995249,5,-1,2,0,2,4,-1,1,5,3,1,5,5,1,1,3,-1,2,-1,2,4,1,0,-1,4,1,4,-1,-1,4,1,-1,2,5,-1,0,2,-1,0,2,2,3,-1,-1,4,4,0,0,3,5,5,0,5,-1,2,1,4,3,4,0,1,0,3,2,5,3,2,3,0,1,3,1,5,3,1,-1,4,1,0,1,0,4,3,2,2,4,5,4,0,3
2087.14294562,0,2,-1,0,4,-1,0,2,3,4,-1,-1,5,2,1,-1,3,1,0,4,5,5,2,-1,1,4,5,0,1,2,-1,5,1,5,5,0,4,1,4,1,0,2,5,5,-1,3,-1,5,0,3,4,2,4,4,4,3,0,4,0,4,-1,5,3,0,5,5,0,3,1,-1,3,3,1,1,-1,4,1,-1,3,1,3,2,-1,3,-1,2,-1,2,1,-1
2088.13601717,-1,4,2,1,3,4,4,4,-1,0,4,-1,-1,-1,4,5,4,-1,0,2,2,-1,1,1,3,3,1,2,5,-1,1,1,3,4,1,2,-1,0,-1,5,0,0,3,3,3,5,-1,3,5,0,3,3,-1,-1,5,4,2,2,-1,4,2,2,1,0,5,5,5,0,4,3,0,2,1,0,1,1,-1,4,2,-1,3,3,0,1,1,5,0,-1,2,5
1992.40391964,1,0,1,0,-1,3,1,-1,2,5,-1,-1,2,-1,4,4,0,1,3,2,5,5,-1,-1,0,2,0,4,3,3,3,5,4,2,0,-1,0,-1,1,4,4,-1,-1,-1,3,1,0,0,-1,2,5,3,2,1,0,4,2,4,1,-1,5,-1,4,5,0,0,3,5,2,-1,5,1,1,3,0,5,5,1,-1,3,4,3,2,4,5,3,4,5,4,3
1927.85426881,-1,3,0,4,-1,5,1,4,4,5,5,1,3,4,1,-1,-1,-1,1,2,-1,5,4,2,3,1,1,4,-1,4,5,2,3,2,3,2,2,3,0,-1,5,0,1,3,0,2,-1,3,5,5,2,5,3,-1,-1,-1,3,1,1,-1,3,-1,4,-1,1,5,3,1,-1,2,2,3,-1,-1,0,5,2,1,0,4,-1,-1,2,0,0,4,0,-1,0,0
2001.14294929,3,-1,-1,5,-1,5,2,0,2,3,0,5,0,0,4,-1,1,-1,5,1,-1,4,5,1,4,3,-1,1,4,4,2,-1,2,2,5,4,4,0,3,2,-1,-1,5,0,1,1,4,2,3,0,2,5,5,-1,3,4,-1,0,0,1,-1,-1,3,1,3,4,3,3,4,1,3,5,-1,-1,3,3,1,2,2,4,2,3,5,-1,2,5,2,5,4,-1
2113.55864888,3,0,5,3,5,1,-1,1,-1,0,0,5,2,3,3,4,-1,0,1,4,3,5,2,-1,5,5,4,5,2,-1,0,5,2,5,2,1,1,5,0,2,1,5,1,-1,-1,2,4,4,4,1,2,2,3,4,4,-1,3,5,-1,0,4,1,5,3,-1,1,3,1,1,4,4,-1,0,0,3,3,-1,3,1,2,-1,0,0,3,2,4,2,3,-1,4
2105.21684785,2,5,-1,2,-1,3,2,1,4,2,1,4,2,4,4,1,5,4,2,0,5,0,-1,3,0,0,4,4,2,5,4,3,5,0,3,-1,1,-1,5,3,-1,-1,5,1,4,4,-1,4,2,1,2,1,1,1,3,0,-1,0,-1,5,5,0,1,3,3,5,1,3,3,5,0,4,-1,4,2,0,2,3,1,0,0,0,0,5,-1,3,-1,0,-1,3
2106.40853371,-1,3,3,4,0,5,3,2,3,-1,4,5,-1,4,1,1,4,1,-1,5,0,1,1,-1,0,2,4,-1,0,0,4,4,1,1,3,4,5,-1,-1,5,-1,4,0,0,0,3,5,2,2,-1,4,5,2,-1,0,5,1,1,2,2,3,5,1,2,1,3,4,4,1,4,3,2,-1,2,-1,2,2,5,-1,2,5,3,5,0,1,5,-1,5,-1,2
2059.73417081,1,5,2,1,4,2,1,3,4,4,-1,1,0,3,1,0,3,4,2,2,0,-1,0,4,2,3,-1,-1,1,2,4,2,5,5,3,3,3,-1,4,2,-1,2,0,3,1,0,5,0,3,-1,5,0,2,5,1,0,3,2,0,3,2,1,5,-1,5,1,1,3,1,-1,4,-1,4,4,-1,5,5,5,0,4,2,1,0,-1,0,3,-1,4,-1,-1
2116.53786354,1,1,2,4,-1,-1,1,-1,3,1,4,0,4,3,5,3,5,0,2,4,1,0,2,-1,5,-1,3,3,2,3,2,-1,2,0,-1,1,4,1,5,5,0,5,3,4,4,1,-1,2,4,-1,2,2,3,5,5,0,-1,1,5,5,-1,1,2,0,0,3,1,0,3,0,1,4,2,5,-1,0,0,5,0,1,0,4,4,-1,3,3,2,2,-1,-1
2125.4755075,0,2,5,0,3,4,1,0,3,0,2,3,2,-1,2,4,3,2,1,-1,3,-1,4,2,3,-1,4,5,-1,3,2,-1,4,1,5,2,0,4,-1,2,0,2,0,4,5,2,4,3,1,1,3,4,1,-1,-1,-1,5,0,-1,3,4,4,1,1,1,-1,-1,2,5,1,0,1,2,-1,4,0,-1,0,0,3,4,4,0,5,3,1,-1,3,5,-1
2045.63255478,4,3,2,0,3,1,-1,1,2,0,4,1,3,-1,5,-1,2,2,2,2,-1,4,-1,1,5,-1,-1,-1,5,5,3,1,-1,3,3,-1,2,4,0,-1,0,0,-1,-1,4,-1,2,3,-1,-1,-1,-1,1,4,3,4,4,1,2,4,5,0,1,5,1,0,3,3,0,4,1,2,0,-1,1,3,1,0,2,3,0,1,5,3,4,0,-1,1,0,5
1947.51708552,1,5,2,2,3,0,4,1,1,-1,0,3,0,4,4,-1,-1,1,4,3,1,-1,4,1,5,0,5,3,2,1,-1,-1,2,1,3,-1,0,3,3,-1,-1,-1,0,-1,5,5,-1,5,-1,3,5,3,3,2,5,5,0,0,4,0,2,-1,2,-1,0,4,0,5,2,5,2,-1,1,4,2,-1,2,2,-1,4,4,3,1,3,5,1,0,4,-1,2
2139.97435214,0,4,5,-1,3,-1,3,1,2,5,0,4,2,0,3,4,2,5,0,1,1,0,-1,3,1,-1,-1,2,-1,1,2,4,1,-1,-1,-1,2,3,2,4,2,5,3,0,3,-1,5,1,0,1,3,5,3,2,4,4,0,-1,1,2,5,1,5,4,-1,1,3,-1,1,0,5,-1,0,5,2,-1,0,2,0,4,-1,4,4,5,4,0,4,-1,3,1
2057.35079909,4,0,2,4,1,3,-1,5,0,2,0,4,2,3,0,4,-1,5,3,1,3,4,2,1,0,2,3,-1,2,-1,4,-1,-1,1,-1,4,-1,1,3,0,-1,-1,5,-1,3,1,5,-1,2,1,-1,4,0,1,1,4,2,-1,3,5,3,0,2,-1,3,2,0,5,2,0,4,5,4,2,-1,0,0,2,3,-1,1,5,0,5,4,0,1,-1,5,3
2147.12446731,2,4,1,1,0,1,2,0,0,1,3,4,-1,0,2,1,4,2,0,0,2,4,1,-1,1,-1,3,3,5,3,2,3,0,-1,1,5,2,-1,4,1,5,3,5,5,5,5,4,5,0,3,-1,2,4,-1,-1,1,-1,2,5,2,2,3,5,3,5,-1,0,3,4,5,4,5,0,0,2,-1,4,1,3,0,4,-1,1,3,4,5,0,3,1,2
2032.72262462,1,-1,3,-1,5,0,0,1,0,2,2,4,0,5,3,4,5,-1,1,0,1,4,-1,2,4,-1,0,2,-1,-1,5,1,1,-1,2,4,4,4,1,2,1,2,4,-1,3,2,5,4,5,-1,4,5,2,1,0,0,-1,3,4,1,3,5,4,3,3,5,3,0,5,-1,3,1,3,0,3,3,5,4,2,4,3,2,-1,3,1,2,2,5,-1,1
2114.55172043,2,5,2,2,4,5,1,2,5,3,2,-1,-1,4,3,3,1,1,-1,2,5,2,3,4,3,3,0,1,2,4,0,0,-1,-1,5,-1,0,-1,4,-1,0,0,-1,1,0,0,4,2,-1,-1,3,3,5,3,5,4,1,0,2,2,-1,-1,-1,1,3,1,1,1,-1,2,0,-1,5,0,4,0,1,2,2,2,4,4,3,5,5,3,1,3,-1,5
2121.10599267,-1,0,-1,4,0,2,5,5,3,3,4,-1,3,4,1,2,1,0,-1,5,2,4,-1,4,2,4,4,2,0,2,2,5,3,-1,0,3,3,-1,-1,1,4,3,5,2,0,2,1,4,1,2,0,5,5,0,4,3,4,5,5,1,3,-1,1,3,3,2,5,1,1,4,-1,5,4,5,-1,1,1,5,2,1,0,-1,5,1,1,0,-1,3,-1,-1
2143.54940973,5,1,1,3,2,1,3,3,-1,0,0,0,1,5,-1,4,5,2,3,2,2,0,3,4,2,-1,-1,1,1,-1,1,4,4,-1,0,-1,2,-1,5,2,-1,4,3,2,5,2,5,5,4,-1,0,0,3,5,3,4,2,4,4,-1,-1,3,1,5,4,4,0,4,1,2,0,1,3,-1,2,0,3,3,4,2,4,0,0,5,5,2,1,3,0,1
2111.17527716,4,5,3,0,0,4,4,2,-1,3,4,2,-1,2,4,0,3,4,2,-1,2,-1,4,-1,3,3,-1,0,5,0,1,1,2,-1,-1,0,5,0,4,5,2,5,-1,3,1,3,1,3,4,2,3,2,5,1,3,-1,5,0,3,3,4,5,1,2,-1,-1,-1,3,5,0,-1,0,5,1,1,0,1,3,3,1,2,1,0,-1,5,4,5,2,4,-1
2098.06673268,0,0,0,4,1,2,3,1,1,3,5,2,1,1,3,5,3,-1,1,1,-1,4,3,-1,4,3,1,2,5,0,4,-1,5,-1,5,0,-1,4,4,2,2,3,-1,3,2,-1,2,4,3,4,-1,0,0,5,3,2,-1,0,3,4,4,-1,4,0,2,2,4,1,3,-1,5,-1,1,0,5,1,4,0,2,2,3,-1,5,1,0,5,-1,0,-1,1
2122.09906422,2,3,3,4,4,5,3,4,5,2,3,-1,0,5,2,4,2,-1,1,-1,0,1,-1,-1,-1,2,5,4,-1,4,4,0,2,-1,0,1,2,3,-1,5,4,-1,4,0,3,5,4,5,2,0,0,0,-1,4,3,1,1,2,5,5,1,5,3,2,0,4,1,3,2,5,0,-1,3,1,5,5,3,2,2,3,0,3,1,1,1,0,2,0,1,5
2007.49860722,2,5,3,2,3,0,-1,1,-1,5,-1,3,4,4,-1,1,-1,1,2,5,3,2,-1,-1,4,0,4,1,3,5,1,5,5,0,2,4,1,4,1,1,5,0,2,-1,4,2,2,0,1,3,2,-1,4,5,4,5,0,3,4,0,4,3,1,3,0,1,4,5,-1,3,-1,2,-1,1,3,0,5,4,-1,-1,0,0,5,2,0,2,-1,3,-1,0
2106.01130509,1,3,1,-1,2,3,-1,3,4,4,1,4,0,3,1,2,0,2,-1,3,2,5,2,-1,-1,0,3,-1,3,5,1,0,3,2,3,-1,0,-1,3,5,5,2,4,0,-1,1,0,4,1,4,2,1,3,-1,4,5,5,1,-1,4,4,3,0,0,-1,-1,1,0,2,5,0,1,0,2,-1,4,1,3,1,2,4,4,5,2,-1,-1,5,5,3,0
2083.17065942,4,4,0,2,4,5,2,2,5,2,3,1,5,1,4,2,4,4,5,0,4,5,3,-1,0,5,2,0,1,5,3,-1,-1,3,3,2,3,3,-1,1,2,1,-1,0,1,3,-1,1,0,4,4,-1,5,-1,-1,-1,5,-1,2,2,3,3,2,2,2,0,2,1,-1,1,-1,0,5,-1,5,5,1,-1,0,4,1,5,4,-1,4,1,0,3,3,0
2081.58174493,4,2,2,4,3,3,4,3,-1,4,4,2,-1,2,5,0,-1,4,1,5,1,3,-1,-1,0,-1,2,3,1,1,1,3,1,5,2,-1,5,0,-1,0,-1,1,4,-1,3,2,4,0,3,5,5,2,0,5,5,0,4,1,0,1,0,2,0,-1,5,0,4,0,0,4,3,2,-1,1,4,2,-1,3,4,3,1,1,1,0,3,1,3,-1,2,-1
2110.77804854,4,3,3,0,5,2,-1,2,3,0,1,1,0,4,5,-1,4,-1,0,4,2,0,-1,-1,1,0,3,-1,4,0,3,-1,1,0,3,4,2,3,4,5,4,1,2,4,0,5,2,4,-1,5,1,-1,0,-1,2,1,3,1,3,1,1,5,0,5,0,2,-1,3,-1,1,5,1,1,4,4,3,2,5,-1,2,4,1,5,5,2,0,4,5,5,2
2129.05056508,0,1,2,-1,4,0,3,0,5,2,-1,0,2,-1,0,4,5,2,0,-1,-1,0,4,3,2,5,3,4,4,2,1,1,1,-1,5,-1,-1,4,1,-1,3,1,5,2,3,2,4,0,5,5,0,0,2,1,0,-1,-1,-1,-1,2,1,4,3,1,0,5,3,-1,1,4,3,2,1,5,4,1,2,4,4,4,-1,2,0,2,-1,3,-1,5,-1,3
2017.42932273,0,-1,2,1,-1,-1,0,1,5,5,1,0,1,4,3,5,1,4,-1,4,2,4,4,-1,4,5,3,2,2,4,0,5,-1,-1,1,0,3,1,5,-1,0,4,1,2,1,3,5,3,5,5,1,-1,4,2,-1,3,0,3,4,-1,-1,-1,4,2,4,3,1,4,4,0,3,3,-1,2,0,3,2,1,1,2,0,2,-1,-1,3,-1,3,0,0,1
2105.61407647,4,-1,4,0,5,0,-1,4,0,-1,-1,1,-1,2,3,-1,-1,0,1,5,1,1,2,1,5,4,2,4,-1,1,-1,4,3,3,5,0,3,0,2,2,2,-1,5,3,4,3,0,5,4,0,3,4,0,2,1,-1,-1,4,3,0,3,3,0,5,2,1,0,5,-1,4,1,5,2,2,4,1,0,4,2,0,3,5,1,-1,3,3,-1,-1,2,1
2124.48243595,1,0,1,-1,-1,4,1,2,-1,1,5,3,5,4,4,2,3,0,2,3,4,4,-1,1,0,0,1,4,-1,2,-1,-1,2,3,4,5,0,-1,4,-1,2,5,3,2,1,0,2,2,-1,2,3,-1,1,5,0,1,-1,4,3,3,0,0,1,5,1,3,3,2,2,5,-1,3,5,3,1,0,-1,0,1,0,4,5,0,3,4,5,0,4,2,4
2137.59098042,-1,2,4,4,5,0,2,1,5,1,4,5,3,0,1,0,-1,3,1,2,1,0,3,2,5,2,0,-1,-1,4,1,5,3,2,4,4,1,5,5,3,3,3,3,3,0,0,3,3,2,-1,1,-1,4,4,0,2,4,3,4,4,0,5,5,1,5,2,0,0,-1,-1,-1,2,-1,4,0,5,1,0,-1,2,0,3,1,2,1,1,5,3,5,-1
2082.37620218,-1,3,-1,3,5,2,0,1,1,2,3,-1,5,4,4,2,0,1,0,0,3,4,2,4,0,5,4,1,3,-1,2,3,3,-1,4,-1,2,4,2,0,3,-1,-1,5,3,3,5,-1,3,0,5,0,1,1,-1,4,5,1,4,1,5,5,5,-1,3,5,1,0,-1,2,1,-1,4,4,4,-1,2,2,1,2,0,2,0,4,5,-1,0,3,1,-1
2005.11523549,2,2,-1,0,3,3,4,1,3,-1,-1,-1,5,1,5,2,5,4,4,5,5,3,5,3,2,-1,-1,5,1,4,5,0,-1,5,-1,2,2,3,0,5,1,3,0,3,0,2,0,-1,2,1,3,-1,-1,4,-1,-1,-1,1,3,1,2,5,5,1,-1,2,1,4,1,2,-1,1,4,1,2,5,0,3,0,-1,5,0,1,3,4,-1,4,4,4,3
2030.93509582,2,0,0,3,0,4,1,2,-1,5,-1,2,3,-1,5,-1,0,3,-1,4,0,-1,1,-1,0,0,1,0,1,3,-1,5,3,4,4,2,0,4,5,3,1,4,2,1,4,0,4,3,-1,2,-1,0,1,-1,4,3,1,3,-1,4,1,3,2,5,2,2,3,5,0,3,5,5,2,2,1,2,-1,3,4,4,1,-1,1,2,4,0,3,-1,1,-1
2041.85888289,-1,5,3,2,-1,4,-1,-1,-1,0,5,3,-1,0,5,-1,0,2,0,4,4,1,0,4,2,2,-1,-1,4,-1,3,3,1,4,1,4,0,1,4,2,2,4,-1,2,1,3,4,2,3,0,3,5,1,-1,2,-1,0,3,5,3,0,-1,0,-1,2,-1,-1,-1,1,1,2,3,-1,5,1,3,1,1,5,0,3,4,3,1,-1,5,2,-1,0,-1
2107.00437664,0,2,2,1,3,5,3,-1,3,4,1,4,3,4,0,3,-1,5,0,5,-1,-1,3,5,0,5,1,2,5,1,3,2,-1,2,1,4,-1,2,-1,-1,2,5,0,0,-1,1,4,4,5,4,4,4,0,-1,-1,3,0,5,0,2,4,-1,2,0,3,-1,3,1,-1,4,3,5,2,1,2,1,1,0,0,3,-1,3,0,5,4,1,2,-1,0,1
2122.29767853,5,1,3,3,0,3,0,2,2,0,4,5,3,2,1,2,-1,0,3,5,3,4,-1,-1,0,4,3,1,-1,-1,4,5,0,0,3,1,1,-1,3,2,-1,-1,2,1,0,0,5,5,5,1,5,-1,0,5,2,2,4,1,1,3,0,-1,2,4,4,-1,-1,4,-1,4,3,5,4,2,0,4,0,1,1,1,3,-1,2,-1,-1,1,1,4,5,4
2093.89583217,2,4,1,3,5,3,-1,1,-1,2,4,-1,1,3,4,4,3,4,-1,4,0,1,5,1,2,1,2,-1,1,5,-1,0,3,1,0,2,0,4,3,5,0,0,2,0,3,1,5,4,3,2,5,0,2,1,4,5,-1,2,4,-1,5,1,1,-1,0,5,4,4,2,-1,1,0,3,4,2,3,3,-1,1,5,5,0,3,4,-1,0,0,2,3,2
2050.20068392,4,5,0,-1,-1,0,1,-1,4,1,3,2,-1,-1,2,5,1,4,3,4,5,4,5,-1,3,0,2,-1,1,0,-1,0,4,0,4,2,-1,4,2,-1,2,1,5,4,2,0,5,0,3,3,-1,-1,0,0,-1,1,5,2,5,3,3,4,1,1,1,5,4,4,5,4,3,3,4,2,2,2,-1,3,2,3,-1,1,0,1,0,1,1,5,0,-1
2052.78266995,5,0,2,4,1,3,5,2,-1,3,-1,0,4,-1,4,3,0,3,1,2,4,4,2,4,4,1,4,4,-1,0,1,0,-1,0,3,2,0,-1,5,-1,5,1,2,3,3,-1,1,-1,2,1,0,-1,3,0,1,3,5,1,5,-1,5,1,5,5,-1,-1,1,4,2,3,-1,5,-1,-1,5,3,2,0,4,2,1,4,5,4,3,3,1,2,0,0
2129.4477937,3,2,1,0,-1,1,3,2,2,2,-1,3,4,2,5,0,4,3,1,2,-1,4,0,1,3,3,3,0,1,5,-1,-1,2,4,0,5,0,-1,-1,2,4,5,-1,0,-1,5,5,-1,-1,4,1,5,3,1,1,0,1,-1,0,3,-1,2,2,-1,0,5,3,4,2,3,4,3,4,-1,4,0,2,0,3,2,0,1,4,0,5,2,4,1,5,4
2073.04132959,-1,0,-1,4,5,3,3,0,1,5,5,-1,0,-1,0,-1,5,2,-1,4,3,2,0,1,4,-1,0,2,4,3,2,5,2,-1,1,4,2,3,1,0,1,2,3,5,4,0,5,1,-1,5,-1,3,0,4,2,2,3,3,1,0,4,4,4,5,0,1,-1,1,-1,2,3,0,4,4,2,5,0,0,-1,3,1,2,-1,1,1,3,4,3,4,5
2154.87042541,5,5,-1,4,1,5,2,3,3,4,0,3,-1,4,1,2,1,0,1,1,0,2,2,5,3,0,-1,3,1,5,-1,3,3,2,4,-1,5,5,1,4,0,2,-1,0,0,-1,3,4,2,4,3,5,2,5,-1,0,-1,0,1,4,3,1,4,3,4,-1,1,4,-1,1,2,4,2,3,0,1,5,3,0,3,-1,1,2,-1,-1,0,0,4,0,-1
2096.67643251,2,3,3,2,5,3,2,5,3,4,0,2,2,-1,0,3,2,3,3,0,-1,2,3,3,2,0,4,3,2,-1,4,2,-1,5,4,2,1,-1,0,5,1,0,1,3,-1,-1,5,5,1,4,5,-1,1,-1,0,4,-1,-1,1,4,1,5,2,5,5,1,-1,3,2,0,0,-1,1,3,-1,4,2,0,5,4,4,1,4,4,5,4,5,0,-1,1
2164.99975523,0,4,-1,3,1,2,4,2,5,5,5,3,0,-1,2,0,-1,0,-1,3,3,5,-1,4,1,0,5,-1,3,5,3,3,3,1,1,0,1,2,2,0,1,3,3,1,0,3,1,0,4,-1,5,2,-1,-1,1,4,4,2,3,0,1,1,4,4,0,5,5,0,3,4,4,5,0,2,4,1,-1,5,5,2,5,2,4,2,-1,0,1,0,2,-1
2140.17296645,4,3,-1,1,-1,5,-1,5,2,4,0,5,5,2,1,4,4,2,3,0,-1,1,-1,5,5,-1,1,5,0,4,0,4,3,1,0,1,0,-1,0,4,3,2,2,0,-1,4,-1,4,3,5,3,2,3,2,-1,1,3,1,0,1,5,2,4,3,-1,2,5,0,1,-1,2,4,4,1,1,2,3,5,1,1,3,0,-1,3,-1,2,-1,5,0,4
2074.23301546,2,2,2,2,-1,4,2,-1,-1,0,1,4,1,3,4,5,4,5,5,0,0,4,4,3,0,2,1,4,3,4,5,-1,1,5,0,1,2,-1,1,0,-1,5,1,0,4,4,0,1,4,0,5,-1,-1,2,0,-1,1,0,-1,1,-1,4,3,-1,2,2,5,1,3,3,-1,3,0,3,5,4,-1,3,2,3,2,-1,5,3,5,5,1,4,1,0
2053.17989857,-1,-1,-1,4,5,3,-1,4,1,4,-1,-1,-1,4,5,-1,1,3,5,-1,-1,0,0,2,-1,2,4,2,4,4,2,0,0,3,4,0,5,1,0,5,-1,4,3,5,5,5,0,2,1,-1,2,0,4,1,4,2,-1,1,5,3,5,2,0,3,3,-1,2,0,3,2,1,-1,2,0,0,0,4,2,-1,4,0,1,1,-1,3,2,3,3,2,3
1997.96512032,2,1,0,1,2,3,0,5,3,1,5,2,-1,0,2,-1,1,0,5,-1,1,-1,-1,5,5,0,0,5,2,5,-1,2,2,4,5,-1,1,3,-1,4,5,4,3,2,5,3,4,3,0,4,3,-1,0,-1,5,1,4,4,4,2,-1,1,-1,5,0,3,3,4,-1,4,1,1,2,-1,4,3,3,1,2,-1,0,-1,4,0,1,-1,2,2,0,3
2053.37851288,5,3,3,4,5,2,1,0,2,-1,2,3,4,3,3,2,-1,1,3,-1,3,-1,1,-1,5,1,0,1,5,-1,-1,-1,1,2,0,-1,4,1,5,1,0,0,0,2,2,5,-1,0,-1,-1,3,2,5,4,3,-1,-1,4,0,1,-1,0,-1,1,4,4,5,1,2,-1,0,2,0,3,-1,0,4,-1,1,3,4,3,4,3,4,1,5,1,2,4
2091.51246045,-1,0,0,1,-1,3,3,2,3,2,-1,-1,1,5,5,1,4,5,2,5,3,2,2,0,3,0,4,4,4,5,3,0,5,2,-1,-1,4,3,0,4,1,5,3,0,5,-1,5,1,4,0,4,3,4,1,4,-1,-1,-1,5,5,-1,5,1,2,1,1,2,3,1,0,5,2,4,1,0,2,1,4,2,0,0,-1,2,0,1,1,3,4,-1,2
2048.61176944,4,3,1,4,4,1,5,4,0,5,0,-1,0,1,1,1,5,4,0,1,4,5,3,-1,4,-1,-1,-1,-1,0,2,2,3,1,5,0,-1,5,3,1,5,3,3,4,4,4,5,2,-1,-1,-1,0,2,1,1,2,5,1,2,-1,2,4,0,0,4,3,2,0,-1,3,5,2,3,3,1,0,4,1,0,5,2,-1,-1,2,-1,0,-1,-1,3,5
2136.00206594,3,4,4,0,5,2,4,4,-1,4,2,4,2,4,-1,2,1,0,4,2,1,5,-1,-1,3,0,3,0,-1,3,5,1,3,0,2,1,-1,1,3,-1,0,5,2,2,-1,2,1,2,3,2,0,-1,3,1,0,3,-1,-1,4,1,0,4,0,1,4,5,2,5,5,0,0,5,0,-1,4,1,1,2,3,5,1,3,5,1,-1,3,3,4,5,5
2106.80576233,-1,3,2,0,5,2,2,1,0,5,2,3,3,-1,0,1,2,2,3,0,0,4,0,3,4,1,4,0,5,5,-1,3,3,5,3,-1,0,-1,1,2,3,3,1,4,4,2,3,2,1,0,5,5,-1,1,4,2,4,-1,3,0,2,1,4,4,1,4,2,5,1,1,5,5,-1,2,3,-1,4,5,0,5,-1,4,1,1,-1,0,4,-1,5,-1
2139.77573783,3,3,2,1,-1,1,-1,4,5,5,0,3,-1,3,3,-1,1,0,0,0,2,-1,1,4,0,4,5,2,0,3,1,-1,2,-1,-1,-1,1,3,-1,1,2,1,0,3,3,4,0,2,-1,-1,-1,5,2,3,0,-1,5,4,5,1,0,1,3,4,5,2,5,2,0,2,2,3,0,5,1,3,5,5,1,1,4,4,2,4,-1,0,1,0,4,5
2068.47320046,4,2,1,2,0,2,-1,0,2,-1,5,-1,-1,1,3,5,4,4,4,0,3,0,3,4,4,3,1,-1,0,0,5,0,3,-1,3,5,3,5,4,-1,-1,1,2,4,2,1,4,2,4,0,1,1,-1,0,-1,5,2,2,-1,0,3,3,3,5,5,5,0,2,5,0,1,-1,1,3,0,1,-1,3,2,3,4,-1,4,-1,-1,2,2,1,3,4
1972.54248861,3,-1,3,-1,-1,4,1,3,2,1,1,-1,1,5,5,0,5,3,-1,-1,0,1,-1,4,3,0,-1,-1,5,5,0,5,0,2,4,-1,3,4,2,1,0,3,0,4,2,5,5,3,3,2,2,5,4,4,2,-1,0,5,-1,-1,4,3,5,2,4,1,5,4,3,1,-1,3,4,4,0,-1,-1,5,2,4,4,0,1,-1,0,-1,2,3,0,5
2160.23301179,-1,-1,2,5,1,1,-1,0,3,4,2,0,4,5,0,5,0,0,5,4,1,-1,-1,3,2,0,0,2,1,1,5,2,2,3,3,4,3,-1,2,5,3,3,5,4,1,4,-1,0,-1,5,3,1,4,0,1,5,-1,1,5,2,2,0,2,4,-1,3,2,3,1,1,5,0,2,-1,-1,1,4,4,3,0,4,0,0,4,-1,4,2,-1,4,3
2109.78497699,2,1,0,3,4,1,4,3,-1,3,5,3,5,0,1,3,4,0,1,2,4,2,5,3,3,-1,3,4,0,5,0,0,4,-1,-1,4,2,2,1,1,0,5,4,-1,2,2,0,2,-1,5,3,5,0,-1,0,-1,2,4,2,2,1,5,3,3,-1,-1,0,0,0,4,1,2,3,1,2,-1,-1,-1,-1,2,3,0,-1,-1,4,-1,1,1,4,5
2139.77573783,5,3,2,3,5,5,4,3,2,1,2,0,-1,-1,3,0,0,4,1,3,4,0,0,3,5,-1,4,3,1,-1,5,-1,4,2,4,0,2,5,4,1,1,1,3,0,1,-1,2,5,4,5,-1,3,2,-1,-1,5,0,5,5,2,0,5,1,5,-1,3,1,-1,1,-1,2,3,4,2,2,0,4,2,1,-1,0,0,1,4,0,4,3,4,-1,1
2138.58405197,-1,4,2,5,5,2,3,1,0,4,0,3,-1,4,1,0,5,1,-1,-1,2,3,2,0,0,1,5,2,-1,3,3,-1,3,5,-1,0,1,3,5,-1,3,4,5,2,0,1,-1,5,4,2,1,-1,3,4,2,-1,5,-1,5,1,1,-1,3,-1,0,0,1,1,-1,4,3,0,-1,4,4,4,1,-1,1,2,2,3,2,2,5,0,1,5,0,2
2134.21453715,2,3,2,0,2,2,4,0,5,3,2,1,-1,5,-1,-1,5,4,-1,2,1,4,-1,0,-1,3,0,-1,-1,3,0,3,-1,-1,1,0,2,3,-1,1,3,-1,4,4,0,1,0,4,-1,2,4,1,4,0,4,3,-1,4,3,1,5,2,1,4,4,5,2,5,1,1,3,5,1,4,2,1,-1,3,0,2,5,1,0,5,0,1,-1,3,0,5
2096.67643251,5,2,-1,3,3,0,4,-1,3,1,-1,2,-1,4,-1,0,3,0,1,2,0,3,5,1,1,4,1,-1,4,3,1,1,1,-1,0,2,2,4,3,1,4,5,2,2,4,5,-1,5,2,-1,-1,0,5,2,4,5,5,0,0,1,5,0,2,3,0,4,4,0,2,0,1,-1,-1,1,1,-1,3,1,5,5,-1,-1,3,-1,5,2,4,3,4,0
2051.7895984,-1,2,-1,5,0,3,2,0,-1,-1,0,3,5,3,5,-1,5,3,5,0,5,2,3,1,2,0,-1,0,4,0,1,1,5,3,4,2,3,1,2,0,5,2,3,4,4,2,2,2,-1,0,0,5,-1,0,5,1,1,5,4,4,-1,5,4,2,0,4,5,5,-1,1,3,3,4,2,1,-1,1,4,-1,4,3,4,3,1,4,5,0,-1,4,-1
2145.93278145,1,1,1,0,2,4,-1,4,5,3,5,4,5,5,5,-1,3,0,1,0,2,4,3,4,1,5,3,1,2,3,3,3,2,2,5,-1,3,-1,4,-1,2,5,-1,3,-1,0,1,2,1,2,0,-1,-1,4,0,4,5,0,-1,-1,0,4,1,2,5,5,2,2,-1,1,1,4,3,3,5,0,3,4,0,4,0,1,2,0,4,-1,2,0,0,3
2074.23301546,1,2,2,5,-1,0,-1,5,0,2,0,3,-1,2,1,1,2,3,5,4,0,5,5,5,-1,2,-1,-1,0,-1,4,-1,3,4,-1,-1,0,0,5,4,4,0,4,-1,3,0,4,4,2,4,1,3,4,-1,1,1,4,2,1,5,0,2,3,4,1,5,-1,2,3,2,5,1,1,5,5,2,1,0,2,3,0,3,5,3,3,-1,3,2,-1,1
2100.84733303,4,-1,5,1,3,2,2,1,4,0,2,1,2,-1,5,1,2,-1,-1,3,0,4,5,3,1,3,0,0,5,1,5,3,5,0,3,2,0,-1,-1,-1,1,1,3,1,2,2,0,4,4,4,0,-1,-1,-1,0,0,1,5,-1,5,1,2,3,4,2,4,3,0,3,3,4,2,3,-1,2,-1,5,1,2,-1,0,2,1,4,5,-1,3,4,-1,0
2068.47320046,5,0,0,0,5,-1,5,1,0,3,5,1,2,0,5,1,2,2,0,1,0,1,4,5,3,0,2,4,5,4,-1,3,-1,3,-1,-1,5,1,-1,2,2,1,2,1,4,0,4,4,4,3,-1,-1,0,3,3,3,0,4,4,-1,2,3,-1,3,1,3,5,1,2,2,5,2,1,-1,5,2,1,4,4,2,3,5,2,4,4,-1,5,0,4,-1
2125.87273612,2,4,1,-1,4,1,2,1,1,4,2,0,5,5,1,5,4,5,2,0,3,1,2,4,0,4,-1,0,4,-1,0,1,3,3,0,1,5,4,1,0,3,1,1,5,5,0,4,4,-1,0,3,5,4,-1,0,1,3,2,3,1,3,3,5,-1,-1,2,5,0,2,-1,2,3,2,3,-1,0,2,5,-1,3,4,4,3,3,-1,0,5,-1,-1,2
2075.42470132,4,-1,4,4,3,2,5,3,2,0,2,4,-1,5,4,2,3,1,-1,4,1,1,-1,-1,1,-1,-1,5,4,-1,2,5,2,2,0,3,1,0,5,1,3,0,3,5,3,-1,0,0,-1,-1,2,-1,0,4,2,0,0,3,2,5,4,0,2,5,3,4,1,1,3,2,4,5,1,1,3,0,3,0,2,1,4,-1,0,-1,1,-1,3,3,-1,4
2091.71107476,4,1,1,3,4,-1,3,4,4,-1,0,-1,1,5,-1,1,3,2,0,3,4,1,-1,0,-1,5,0,3,0,1,2,2,3,4,-1,3,5,5,0,5,5,2,1,0,5,3,2,2,5,1,3,2,4,-1,-1,2,3,2,3,-1,1,5,1,4,1,0,5,5,0,-1,-1,-1,1,0,3,-1,0,4,4,0,0,1,4,3,4,5,5,2,2,-1
2095.28613234,2,5,2,2,-1,0,-1,-1,-1,-1,0,0,0,4,2,2,2,5,4,0,0,1,2,-1,-1,3,3,3,-1,-1,2,-1,3,1,1,0,5,3,4,5,4,5,-1,1,3,1,2,1,5,3,5,5,2,4,4,3,0,0,0,5,4,4,3,-1,0,2,1,1,0,-1,3,2,1,3,3,1,0,3,3,1,-1,-1,1,4,4,5,2,4,1,0
2181.8819716,1,-1,-1,2,2,1,2,3,1,0,0,-1,-1,1,0,3,2,0,0,-1,4,1,-1,3,5,0,4,2,2,3,5,3,3,2,5,3,3,-1,1,2,3,-1,4,5,0,4,4,5,4,2,5,1,-1,-1,1,3,4,2,1,0,5,0,3,4,0,5,0,-1,5,5,4,3,4,-1,2,-1,1,3,3,0,1,-1,0,4,2,2,1,5,0,4
2175.32769937,1,-1,5,5,1,2,0,4,3,5,0,3,-1,5,0,2,2,0,4,3,3,3,2,3,4,-1,5,-1,1,0,1,0,-1,-1,3,3,1,5,1,4,1,4,2,0,2,2,4,0,-1,-1,5,2,1,5,2,1,5,4,4,3,-1,4,3,0,-1,2,0,0,1,3,3,0,4,3,4,4,2,-1,5,0,1,1,2,5,2,0,-1,3,1,5
2122.29767853,4,-1,5,2,-1,2,0,3,5,4,2,3,1,-1,5,0,4,4,1,0,2,-1,0,1,-1,1,-1,1,-1,3,4,3,0,-1,3,3,5,-1,0,2,2,1,5,2,3,-1,4,3,-1,0,5,0,-1,4,2,4,3,2,-1,1,4,5,3,0,2,5,0,1,2,5,0,4,2,1,4,4,3,4,5,1,1,1,2,1,2,1,5,3,3,-1
2081.78035924,1,5,1,5,3,4,0,3,4,0,2,-1,2,5,2,0,3,4,-1,-1,3,5,-1,0,2,3,1,2,1,3,4,4,4,5,3,4,3,1,5,1,1,1,2,2,-1,2,3,0,-1,3,-1,-1,-1,5,5,5,5,0,2,0,-1,2,0,4,-1,4,1,2,1,1,5,0,2,3,-1,4,0,0,2,4,0,0,2,0,-1,-1,3,1,3,-1
2133.81730853,0,2,5,4,4,2,-1,0,3,4,5,1,4,2,1,4,2,2,0,3,-1,2,2,0,1,1,-1,5,3,-1,3,1,-1,3,4,1,5,-1,2,5,0,-1,-1,1,-1,0,0,0,4,1,2,1,-1,1,5,4,3,3,2,0,5,3,5,-1,4,1,5,5,-1,0,-1,1,4,0,3,4,3,3,1,4,5,3,-1,0,2,2,5,3,0,5
2125.4755075,-1,-1,2,-1,5,0,5,2,1,2,4,5,5,1,3,2,5,4,0,5,4,0,1,2,2,3,1,4,-1,1,-1,1,-1,5,4,3,4,-1,2,4,3,3,2,2,3,-1,-1,4,4,5,0,-1,3,4,2,-1,-1,-1,5,3,1,2,4,0,0,3,1,1,-1,3,1,0,3,0,-1,2,1,0,1,2,3,3,2,0,0,3,0,1,-1,4
2086.14987407,3,2,-1,0,4,-1,1,3,3,4,-1,0,2,5,0,2,3,5,-1,1,2,1,4,-1,4,0,-1,-1,1,5,-1,4,-1,4,3,3,4,5,-1,3,1,5,0,5,4,0,1,1,-1,5,-1,1,3,4,2,1,3,1,1,0,1,4,2,5,3,2,-1,4,0,2,-1,0,2,4,-1,2,1,5,4,0,0,2,3,5,0,5,1,2,0,5
2094.4916751,1,5,5,0,1,3,-1,4,0,-1,-1,4,2,2,5,3,2,0,3,3,1,0,4,2,-1,0,0,1,1,1,4,-1,2,2,0,2,5,-1,2,3,4,3,0,0,4,-1,1,4,-1,-1,4,-1,0,-1,4,0,3,3,0,3,0,0,3,5,2,5,1,1,1,4,4,5,2,1,1,5,4,5,3,1,4,-1,-1,1,3,2,3,2,2,5
2090.32077458,4,4,-1,0,1,-1,5,1,5,-1,5,3,2,0,1,-1,1,0,4,0,3,5,4,4,-1,0,0,1,3,5,3,2,3,2,2,2,0,2,1,4,-1,0,2,2,4,1,2,2,1,0,5,-1,3,1,5,-1,0,4,3,3,0,4,3,3,3,4,2,5,0,4,5,1,-1,4,3,-1,3,3,5,2,2,1,5,-1,4,4,5,3,-1,-1
2088.13601717,3,3,-1,0,0,0,2,1,3,5,2,4,0,1,-1,3,2,0,4,-1,2,0,-1,3,-1,0,5,5,1,5,4,0,-1,5,1,0,3,4,1,-1,4,2,2,-1,2,-1,5,5,1,-1,-1,-1,2,0,1,1,1,4,2,1,1,2,3,4,3,-1,-1,-1,2,3,1,3,0,2,0,4,4,4,4,5,4,3,2,3,-1,4,-1,5,4,3
1910.77343813,5,5,2,4,-1,0,-1,-1,5,3,0,-1,1,2,3,3,1,-1,1,-1,0,-1,4,5,-1,1,2,2,2,4,-1,4,2,2,1,0,3,-1,1,2,5,3,4,-1,-1,4,5,-1,3,5,4,1,0,-1,3,2,-1,-1,-1,1,4,0,2,1,3,4,-1,4,3,1,0,0,3,2,1,5,4,0,3,4,1,-1,-1,3,1,3,4,-1,-1,2
2138.58405197,4,-1,1,5,0,1,4,3,0,3,3,0,-1,1,2,2,3,5,2,4,0,2,4,0,3,-1,4,1,5,-1,0,3,3,-1,3,5,-1,-1,-1,1,0,0,4,1,0,-1,1,2,4,5,4,-1,1,-1,4,4,5,2,2,4,-1,1,0,1,5,-1,1,-1,1,4,-1,1,3,2,2,3,2,1,4,2,2,2,-1,-1,3,3,5,0,3,0
2131.4339368,0,1,4,2,5,2,3,1,1,2,1,0,-1,4,-1,-1,0,3,3,3,0,0,-1,2,2,5,0,0,5,1,2,4,5,-1,5,5,-1,5,-1,2,-1,2,3,3,0,5,1,3,4,-1,5,-1,2,4,3,1,-1,4,3,1,4,1,4,3,1,1,3,2,1,0,3,0,5,-1,4,-1,2,5,5,4,0,5,0,0,2,-1,2,4,0,1
2022.59329479,2,2,4,5,5,3,3,4,0,5,2,-1,1,3,5,2,4,5,-1,4,3,3,5,2,4,3,4,-1,-1,0,-1,-1,5,-1,-1,1,1,2,2,3,5,1,1,5,4,0,3,3,3,0,2,-1,2,-1,-1,4,1,3,4,0,0,3,2,-1,4,0,4,1,1,2,0,3,-1,2,4,1,1,0,1,-1,0,1,4,1,0,-1,4,2,-1,0
2057.15218478,4,2,0,1,5,-1,5,1,4,2,3,-1,1,1,5,-1,3,3,4,1,-1,4,5,1,2,4,2,1,0,3,4,-1,4,2,-1,3,2,1,4,1,0,0,-1,3,4,0,-1,-1,0,2,1,3,2,0,-1,4,5,-1,5,3,5,0,-1,5,3,3,-1,-1,2,-1,-1,5,3,0,0,4,3,3,-1,1,1,0,2,-1,2,2,-1,0,0,4
2060.13139943,-1,3,-1,1,-1,2,1,3,5,3,-1,3,1,5,2,1,1,4,4,4,-1,5,5,5,-1,-1,4,0,1,4,2,-1,4,5,2,0,2,0,2,5,0,0,4,2,3,1,3,1,1,-1,3,3,1,2,3,-1,-1,5,1,-1,4,4,5,0,3,4,0,2,5,-1,0,5,0,0,-1,4,-1,4,3,3,3,1,2,2,0,4,4,2,1,-1
2106.60714802,-1,-1,5,3,-1,3,-1,4,-1,0,-1,3,1,3,0,4,1,4,2,1,3,2,2,1,4,1,4,-1,4,-1,0,-1,0,4,2,1,5,2,0,3,5,1,2,3,5,0,0,5,3,2,5,1,0,2,1,0,0,-1,5,0,3,1,4,2,3,5,3,4,-1,5,4,0,3,1,0,4,3,2,-1,3,-1,1,5,2,-1,4,5,2,-1,1
2057.5494134,5,2,5,3,2,3,3,0,-1,1,0,1,3,-1,2,2,-1,-1,1,-1,0,1,0,0,4,3,5,5,3,-1,4,3,3,1,4,1,3,5,-1,1,0,-1,4,1,4,5,0,3,2,2,1,4,2,-1,1,4,3,4,4,5,-1,1,5,-1,4,2,3,3,5,5,-1,5,0,1,0,-1,2,2,2,4,-1,-1,4,4,2,4,-1,0,0,3
2111.57250578,2,4,3,5,-1,0,1,-1,1,2,0,4,2,2,3,3,3,0,2,3,2,-1,5,0,1,-1,5,5,-1,3,1,0,3,5,0,0,0,-1,4,1,3,4,-1,4,4,-1,2,5,0,3,-1,-1,3,2,1,4,-1,3,1,4,2,0,0,-1,5,3,3,2,5,4,0,-1,0,4,1,3,1,-1,2,-1,2,-1,1,4,4,4,5,5,5,2
2130.44086525,4,2,1,-1,4,4,0,5,3,5,1,-1,4,1,-1,5,1,3,2,0,3,-1,2,1,2,2,1,2,0,-1,0,0,5,-1,4,-1,0,4,5,5,0,0,-1,2,2,0,-1,2,4,3,4,5,1,4,4,3,1,4,5,1,4,4,3,-1,3,0,1,1,2,5,5,3,5,5,1,-1,3,2,3,0,2,5,3,2,1,1,3,2,0,3
2171.55402747,0,5,0,4,1,3,3,4,-1,2,4,2,5,1,-1,3,0,1,3,0,1,2,2,0,1,2,4,2,-1,5,0,0,2,4,5,5,5,4,-1,-1,2,-1,5,4,2,-1,1,1,3,0,2,1,2,3,4,1,3,1,4,-1,4,3,1,5,1,0,3,0,0,4,-1,4,-1,-1,0,2,3,2,5,4,-1,2,5,3,5,3,1,2,-1,3
1958.04364397,5,3,5,5,-1,2,-1,-1,3,4,-1,0,4,1,4,4,2,1,-1,1,-1,1,0,-1,5,1,3,-1,4,3,3,4,-1,5,0,5,2,-1,1,0,4,1,5,-1,4,0,-1,0,2,0,-1,4,-1,3,0,5,5,2,-1,3,3,-1,2,-1,0,4,2,2,-1,1,3,3,5,5,2,0,0,1,0,5,2,2,4,0,3,1,-1,5,2,1
2111.9697344,-1,1,2,0,1,4,1,0,2,-1,2,4,4,0,-1,-1,2,1,1,4,-1,5,2,2,0,-1,3,2,1,2,0,5,0,4,3,4,-1,5,0,5,5,0,5,4,1,4,3,-1,-1,5,3,5,2,3,2,1,5,2,-1,3,4,-1,1,-1,-1,-1,1,4,0,2,3,3,2,0,1,1,4,4,1,5,1,3,0,0,3,4,5,4,3,3
2057.35079909,3,2,2,4,2,3,-1,3,3,-1,0,3,-1,4,0,2,4,1,5,0,2,4,-1,0,-1,5,0,5,0,-1,4,3,-1,-1,-1,0,2,4,1,1,1,4,-1,2,3,5,1,3,3,2,4,-1,1,0,1,2,3,-1,2,5,-1,2,5,-1,1,4,1,1,1,0,2,-1,-1,3,2,0,3,1,5,4,4,-1,5,4,1,5,0,3,-1,1
2036.69491082,5,3,1,2,3,2,-1,4,0,5,1,1,1,1,0,3,1,3,-1,2,-1,0,-1,1,-1,4,4,-1,4,2,2,3,4,0,1,4,4,1,-1,0,1,1,5,5,3,4,4,-1,0,2,5,5,-1,0,3,3,3,3,5,-1,4,-1,3,-1,2,2,-1,0,2,5,0,-1,-1,5,4,2,5,-1,1,0,4,3,5,4,2,1,2,3,-1,4
2037.48936806,4,5,-1,3,4,2,4,1,-1,4,4,0,3,2,5,0,4,5,1,-1,4,3,3,0,4,5,0,0,2,3,2,4,0,3,2,-1,2,-1,-1,5,4,1,2,-1,4,5,2,-1,1,2,-1,-1,3,0,-1,1,3,1,0,1,5,5,4,0,1,0,2,2,2,1,4,-1,-1,0,-1,-1,3,2,-1,3,3,-1,4,-1,3,3,5,1,1,0
2130.04363663,1,3,1,2,0,5,5,1,-1,4,5,0,0,0,2,-1,1,-1,4,5,3,3,3,1,-1,2,0,0,1,4,4,-1,-1,0,0,3,3,0,-1,-1,3,2,2,0,-1,-1,0,4,3,-1,-1,3,2,5,4,-1,3,3,1,5,1,1,4,3,2,2,1,2,1,5,4,2,1,4,1,0,-1,4,1,2,4,2,5,0,2,4,-1,1,4,5
2039.27689685,1,4,4,-1,3,3,0,4,-1,2,3,4,2,5,5,5,-1,1,-1,4,5,0,-1,0,-1,3,5,2,0,5,2,-1,0,0,4,-1,1,3,1,-1,4,2,0,1,3,-1,-1,2,3,3,1,2,2,3,4,0,2,1,3,5,-1,4,4,2,4,-1,2,3,5,4,-1,4,1,0,1,0,-1,3,5,1,-1,0,-1,3,1,5,2,4,1,5
2073.63717253,4,-1,3,0,-1,3,-1,0,-1,-1,0,-1,4,0,-1,1,4,0,2,1,-1,2,1,-1,5,1,1,2,4,1,5,4,-1,4,3,2,5,0,3,0,3,-1,3,3,0,0,3,4,4,2,0,2,2,5,3,0,-1,-1,1,5,-1,4,3,1,2,2,1,4,5,2,5,-1,5,-1,4,0,5,-1,2,1,1,1,0,4,5,2,3,3,1,5
2152.685668,-1,0,3,-1,1,3,2,3,2,5,1,1,1,-1,4,1,0,5,3,2,2,3,2,-1,-1,-1,1,5,2,-1,0,2,1,0,5,0,0,5,-1,2,0,0,4,3,4,0,5,5,-1,5,1,0,3,1,4,2,5,1,4,2,2,1,3,4,5,1,1,5,1,2,3,4,4,-1,5,3,4,4,-1,2,3,0,5,-1,4,2,-1,4,-1,3
2103.23070475,3,0,0,0,5,4,2,3,-1,0,4,0,3,5,1,1,2,3,0,1,3,1,-1,-1,-1,4,1,0,2,3,2,5,0,2,1,2,4,0,5,5,5,4,5,5,1,-1,-1,1,5,4,-1,-1,-1,5,1,1,1,0,-1,2,2,1,-1,-1,1,3,-1,4,2,2,3,4,0,1,-1,3,2,3,4,5,0,5,0,3,4,4,2,2,4,3
2101.04594734,-1,4,3,1,2,1,3,-1,5,0,0,2,4,-1,0,4,3,-1,4,2,2,1,3,5,1,3,0,5,-1,4,2,-1,2,1,3,4,2,0,5,2,3,5,1,2,1,-1,4,3,1,1,5,4,2,-1,1,2,-1,0,-1,2,0,5,0,4,0,1,0,4,4,-1,2,-1,3,3,0,3,3,5,1,-1,-1,2,5,4,3,-1,5,0,5,5
2131.63255111,1,1,-1,-1,4,3,-1,4,0,-1,3,4,-1,0,3,4,4,1,3,0,0,1,-1,1,2,5,-1,3,5,2,-1,3,4,5,4,0,1,2,1,2,4,5,0,2,0,0,3,4,2,4,5,-1,3,-1,0,3,3,5,0,1,-1,2,2,3,5,1,-1,4,0,-1,1,-1,2,4,2,3,3,4,4,2,-1,2,5,4,1,0,-1,1,-1,0
2137.1937518,1,2,1,5,5,-1,2,0,5,5,-1,3,5,3,0,-1,0,4,0,1,-1,4,5,5,3,3,2,3,-1,3,1,0,0,3,-1,3,2,-1,4,2,2,5,-1,0,1,0,2,-1,-1,2,0,4,4,0,3,2,-1,1,4,0,4,-1,1,5,4,1,3,3,5,1,2,0,4,1,0,2,4,4,-1,4,3,1,-1,-1,0,4,2,1,1,-1
2106.2099194,1,2,3,0,5,0,-1,5,-1,4,-1,4,3,4,1,5,2,2,2,5,0,4,5,2,1,0,4,1,0,1,5,3,0,-1,5,2,1,4,2,4,4,-1,4,1,-1,4,1,3,-1,3,2,5,0,3,0,3,2,2,5,-1,2,0,2,1,3,4,0,3,1,3,0,2,3,4,1,1,-1,-1,0,5,0,-1,0,1,3,4,5,3,0,-1
2095.08751803,3,5,1,5,5,1,2,1,-1,4,5,0,0,-1,4,4,5,1,3,4,-1,2,4,3,2,4,2,-1,5,-1,1,5,3,4,2,-1,0,-1,3,0,2,4,1,2,0,1,5,4,1,3,2,3,5,3,4,3,3,1,-1,2,0,0,-1,0,3,2,1,4,-1,0,0,2,4,-1,0,0,5,1,2,0,-1,1,1,-1,2,5,-1,-1,-1,5
2118.52400664,0,1,1,5,5,1,4,0,3,-1,-1,-1,1,4,0,4,4,1,5,2,1,-1,0,4,0,5,4,-1,1,3,1,5,2,-1,3,4,-1,3,3,3,0,-1,5,0,4,0,2,-1,3,5,2,2,-1,2,0,4,-1,4,2,3,2,3,5,0,0,1,2,-1,3,4,-1,1,-1,5,2,3,-1,2,2,4,2,1,3,5,2,3,-1,0,1,0
2086.94433131,3,-1,1,2,1,0,-1,-1,-1,2,1,-1,5,4,2,0,1,5,5,0,5,2,3,1,4,1,3,0,1,-1,1,5,3,0,4,1,5,3,3,2,4,0,2,1,4,0,-1,-1,2,5,5,0,-1,3,3,4,4,0,4,4,4,2,1,2,3,3,3,4,3,2,-1,4,-1,4,2,1,1,2,-1,1,-1,-1,4,-1,2,3,-1,-1,5,0
2047.61869788,2,2,0,1,1,5,-1,4,1,-1,2,5,2,-1,4,0,2,4,3,4,-1,3,5,1,4,2,1,1,4,-1,-1,2,-1,0,-1,4,3,0,5,-1,3,5,1,2,4,2,1,2,-1,3,4,0,4,3,1,5,0,1,3,0,3,1,5,3,-1,1,-1,-1,4,2,0,4,-1,0,-1,2,5,-1,4,5,2,3,1,-1,3,-1,2,0,4,3
2126.26996474,2,-1,-1,5,-1,1,2,3,-1,3,5,-1,3,3,1,0,1,2,2,0,1,4,5,0,3,1,2,4,4,3,-1,4,4,0,5,3,5,2,-1,1,1,0,4,0,2,2,0,3,3,-1,-1,5,3,4,4,1,0,4,3,0,2,4,-1,0,0,-1,1,1,2,5,1,5,1,0,-1,1,5,4,4,5,2,4,2,-1,5,-1,4,1,1,3
2106.80576233,5,3,-1,4,2,0,1,4,4,3,2,3,2,2,4,2,0,1,5,5,-1,-1,2,3,1,-1,0,5,0,2,2,1,5,0,3,-1,3,3,5,4,1,0,5,2,2,1,0,5,-1,1,4,1,5,5,-1,0,1,2,1,-1,5,0,0,2,4,5,1,2,4,3,3,4,1,-1,-1,5,-1,-1,3,-1,-1,4,4,3,-1,-1,4,0,0,0
2128.25610784,2,5,5,1,0,0,2,1,1,3,4,3,-1,5,4,2,0,3,5,5,2,-1,2,0,0,3,2,1,2,5,4,5,5,2,0,2,-1,3,4,-1,0,3,0,0,-1,5,4,3,5,-1,4,4,-1,1,4,4,-1,4,1,-1,1,1,5,-1,0,-1,5,0,3,3,3,4,0,1,2,3,5,-1,3,3,1,1,3,-1,1,0,4,2,1,2
2111.77112009,3,1,-1,3,0,0,-1,4,2,4,4,-1,-1,-1,3,0,3,5,-1,2,2,3,2,0,5,1,2,1,0,5,3,2,1,4,-1,5,3,0,0,5,0,5,1,2,5,2,1,4,4,1,4,5,3,0,2,-1,-1,0,-1,3,1,3,3,3,5,-1,0,4,1,4,2,3,-1,-1,5,4,0,1,2,1,2,4,3,1,1,2,5,5,4,0
2126.66719336,4,0,3,4,-1,5,4,3,-1,1,4,0,0,3,3,0,0,4,5,0,4,5,-1,0,2,1,2,4,-1,4,-1,5,2,3,0,3,5,-1,-1,0,0,1,-1,5,0,-1,2,1,3,-1,5,5,-1,2,0,2,2,1,3,4,3,1,3,5,2,0,4,3,1,1,4,4,1,5,-1,2,2,-1,4,-1,5,2,5,5,3,1,1,3,2,2
2144.34386697,4,3,2,-1,5,5,-1,1,4,4,-1,0,-1,-1,1,0,-1,3,2,0,1,2,4,-1,2,-1,0,5,1,0,5,2,2,4,3,3,1,1,-1,0,1,2,0,0,2,4,2,3,-1,3,0,0,3,5,2,-1,1,-1,1,2,5,5,1,0,5,1,5,1,4,-1,1,3,2,4,4,0,3,1,-1,5,3,3,-1,-1,2,3,-1,4,3,0
2110.57943423,-1,2,4,2,0,1,-1,-1,3,0,3,5,1,5,-1,3,2,1,2,2,0,1,0,5,1,2,0,-1,4,1,4,-1,1,-1,4,-1,2,3,4,-1,1,4,0,1,4,-1,2,5,3,2,3,-1,5,5,4,1,5,-1,0,3,-1,4,1,0,5,0,2,-1,4,0,5,1,3,4,3,2,3,0,2,2,-1,3,4,-1,5,1,0,4,-1,1
2103.42931906,2,1,4,-1,5,2,-1,2,1,-1,1,4,3,5,2,3,0,0,4,2,0,3,0,4,0,2,1,-1,-1,2,1,3,3,4,2,1,-1,5,-1,-1,0,-1,3,4,0,4,2,3,4,0,1,2,3,5,1,-1,4,1,5,-1,-1,3,5,3,4,0,4,3,-1,1,5,-1,2,0,1,5,-1,4,4,0,1,-1,0,1,3,2,3,3,5,-1
2105.81269078,3,-1,4,0,3,-1,5,3,-1,5,-1,-1,0,5,1,1,3,-1,1,1,1,1,4,0,3,1,4,2,2,2,2,4,2,3,-1,2,0,5,4,4,3,-1,1,2,1,0,4,3,-1,-1,5,2,1,5,0,-1,3,0,4,1,-1,0,5,2,4,-1,3,3,3,3,5,1,-1,-1,0,2,4,-1,4,0,0,1,0,1,5,4,0,0,2,3
2097.86811837,1,-1,4,4,5,1,2,2,5,5,0,3,3,0,-1,1,3,4,3,1,1,-1,4,5,4,0,2,2,0,2,-1,5,0,5,4,3,-1,1,3,0,0,1,-1,1,3,0,5,0,0,-1,2,4,5,-1,5,0,-1,0,1,5,0,2,1,2,4,5,4,3,5,2,4,4,3,0,-1,1,2,-1,2,-1,1,3,3,3,1,3,1,2,4,3
2066.68567167,5,5,-1,1,-1,-1,0,0,5,5,0,5,5,3,2,-1,1,3,5,3,5,-1,-1,1,-1,4,-1,0,5,0,2,0,5,3,-1,0,4,4,-1,3,0,0,-1,2,1,5,4,-1,1,-1,-1,1,1,2,3,4,0,1,4,1,-1,2,-1,2,4,2,5,3,-1,3,3,2,4,1,4,-1,3,2,1,4,5,1,3,4,0,-1,0,2,3,1
2191.4154585,-1,0,-1,1,3,0,3,2,2,0,2,0,-1,-1,2,0,3,2,4,4,4,5,5,4,4,-1,5,-1,4,5,3,3,-1,3,1,3,3,1,1,4,3,5,5,1,0,0,1,4,1,2,-1,-1,0,2,4,2,0,2,0,1,1,2,1,2,-1,1,2,-1,4,-1,4,4,4,1,-1,5,0,4,0,3,-1,1,3,0,2,3,5,0,5,5
2196.77804487,1,3,3,5,0,3,1,2,0,-1,4,2,0,3,2,5,2,-1,5,0,0,0,-1,3,-1,5,0,4,5,-1,1,3,0,5,3,2,-1,-1,-1,4,5,-1,4,2,2,-1,0,0,-1,2,1,1,1,-1,0,2,4,1,2,2,3,5,3,4,4,1,3,3,1,1,1,5,4,3,2,0,1,0,4,1,2,5,2,3,4,0,-1,5,4,4
2134.21453715,2,2,1,0,-1,3,3,1,0,0,5,3,-1,0,4,2,2,1,-1,4,-1,1,4,-1,-1,3,4,5,4,0,-1,2,3,1,5,4,2,5,3,3,1,2,-1,3,4,1,4,2,0,5,1,-1,1,-1,3,1,0,5,3,1,4,4,5,2,3,-1,0,0,4,-1,5,0,4,3,2,2,0,1,4,2,5,3,2,0,5,1,3,1,5,4
2088.7318601,2,-1,1,-1,4,1,1,1,5,1,0,-1,-1,5,5,4,5,4,2,5,1,1,0,-1,0,4,5,0,0,5,3,4,3,5,-1,3,-1,-1,0,2,1,1,5,2,-1,2,3,-1,2,1,2,-1,-1,0,5,2,4,3,3,2,2,-1,0,3,-1,3,1,5,0,2,0,4,0,4,2,-1,1,-1,-1,-1,5,5,1,4,3,4,3,2,0,4
2073.43855821,5,-1,5,1,4,5,-1,1,0,5,5,-1,3,3,3,0,0,-1,5,4,4,2,2,0,4,-1,3,4,1,4,2,2,5,1,-1,0,-1,2,3,0,-1,2,0,5,0,3,2,5,-1,4,1,0,-1,3,3,5,1,4,1,-1,3,1,4,-1,0,2,4,1,-1,1,-1,3,2,1,4,5,3,1,4,-1,1,5,2,4,2,5,0,2,0,1
2089.52631734,1,-1,1,-1,4,4,-1,-1,3,3,3,2,5,1,4,-1,5,1,0,4,4,3,4,5,-1,3,1,-1,1,4,2,4,2,-1,2,0,2,4,5,2,5,2,5,3,2,-1,5,4,0,-1,1,1,0,3,4,1,5,0,0,4,3,2,1,-1,2,0,0,5,3,3,0,3,3,4,-1,2,2,1,1,4,-1,0,-1,-1,-1,0,5,1,0,-1
2112.16834871,-1,3,0,5,2,2,-1,1,4,3,2,4,0,4,-1,-1,0,1,1,2,1,-1,3,-1,4,1,2,5,4,0,2,1,3,5,2,2,4,0,-1,1,2,-1,5,2,4,0,0,3,3,5,0,5,1,5,0,0,-1,-1,3,4,3,5,4,-1,1,-1,3,3,3,4,1,5,4,4,2,0,3,0,0,2,0,2,5,1,1,1,4,2,3,5
2146.13139576,0,3,5,2,5,4,-1,1,2,4,1,5,3,5,-1,1,0,-1,2,3,0,5,3,2,1,0,4,1,-1,4,4,1,-1,4,-1,1,-1,-1,0,5,2,4,1,-1,1,5,4,5,-1,3,4,2,0,2,-1,3,-1,5,2,0,0,-1,0,1,3,2,0,4,2,-1,3,3,0,4,2,3,0,1,1,3,1,5,0,3,4,0,3,1,2,5
2004.91662118,1,0,4,-1,2,3,-1,4,4,3,2,-1,1,5,-1,3,2,4,1,-1,4,1,-1,-1,0,1,2,-1,4,5,-1,0,5,3,-1,2,5,-1,0,2,3,5,1,4,4,1,3,1,-1,0,2,1,1,4,-1,3,1,3,0,0,3,4,4,3,5,0,0,2,5,2,4,5,3,0,4,-1,3,-1,-1,5,0,2,2,-1,2,-1,1,-1,1,2
2055.36465598,4,0,5,4,2,2,0,-1,5,1,-1,4,1,2,-1,1,1,1,5,4,2,0,3,1,0,3,2,3,4,0,2,1,-1,0,0,-1,-1,4,5,-1,5,1,4,1,-1,3,3,2,-1,4,3,1,5,-1,5,1,-1,-1,3,3,-1,3,2,2,4,2,0,2,3,5,4,-1,0,4,0,4,3,0,-1,5,2,4,1,5,1,-1,3,0,2,5
2130.04363663,1,0,4,3,5,5,-1,4,1,3,0,5,4,0,2,2,0,4,5,2,2,4,2,1,5,5,4,-1,2,3,-1,1,5,-1,-1,2,1,-1,0,4,2,3,4,3,1,1,1,2,0,-1,-1,3,0,3,0,4,-1,1,1,-1,2,2,4,5,5,4,3,4,0,5,4,2,1,2,1,3,0,2,5,5,5,0,3,0,5,3,3,3,-1,-1
2068.67181477,4,-1,3,5,-1,0,-1,5,4,-1,1,-1,3,-1,5,4,5,0,-1,2,0,-1,3,3,-1,-1,1,1,2,4,3,0,-1,2,4,4,5,2,2,4,5,1,0,4,2,1,3,3,0,2,3,3,3,3,3,4,1,4,2,2,-1,2,1,5,2,1,5,0,4,0,1,0,-1,0,5,2,1,2,3,1,-1,4,0,-1,5,2,5,0,0,4
2143.54940973,3,4,4,3,2,1,0,-1,2,0,5,1,5,3,0,1,0,4,2,2,1,0,2,0,2,5,4,5,2,3,-1,1,3,1,4,5,-1,1,-1,4,2,-1,1,5,0,4,0,2,3,5,-1,0,0,5,-1,-1,3,3,-1,-1,2,-1,3,1,0,1,4,1,1,4,2,2,-1,0,4,3,5,2,3,3,-1,3,3,4,-1,1,-1,4,4,0
2107.00437664,0,0,3,-1,1,-1,1,4,5,3,0,2,2,1,-1,-1,3,2,0,0,2,2,-1,0,2,3,-1,3,4,0,3,1,4,1,3,1,5,5,5,0,3,2,1,2,2,4,4,0,4,5,0,-1,4,-1,4,5,1,0,2,3,-1,2,5,-1,4,3,4,2,-1,2,4,0,-1,0,1,5,1,5,3,1,3,5,3,0,2,4,-1,3,5,4
2065.69260012,5,-1,2,0,1,4,3,3,5,4,0,-1,2,5,-1,5,3,1,2,5,4,-1,3,5,-1,4,3,2,0,0,1,4,3,-1,4,2,5,3,3,4,-1,5,1,-1,2,4,1,3,-1,0,0,5,5,0,3,2,2,4,-1,5,1,2,3,2,-1,3,2,3,0,0,1,-1,1,-1,1,4,1,4,5,-1,5,2,0,1,1,1,4,-1,2,4
2076.81500149,3,-1,4,1,1,5,5,2,0,3,5,1,3,-1,0,-1,1,3,1,-1,5,2,3,2,3,0,4,-1,0,3,2,2,3,2,2,3,4,4,3,-1,5,1,0,5,5,4,2,-1,-1,0,4,5,1,-1,-1,2,0,3,3,4,0,1,0,-1,4,-1,4,3,1,4,1,1,0,3,1,2,-1,5,1,4,4,2,5,5,2,4,5,-1,0,2
2147.72031024,3,3,5,4,-1,4,-1,5,4,4,1,4,3,-1,-1,0,4,0,-1,4,4,5,1,-1,1,1,5,4,-1,-1,-1,2,1,1,-1,2,3,0,1,-1,-1,5,-1,0,2,2,3,2,1,3,0,1,5,5,4,5,2,0,0,0,0,4,-1,0,3,0,3,-1,-1,2,3,-1,0,3,4,4,3,5,2,3,2,1,2,2,5,1,4,1,0,3
2047.22146926,3,3,0,3,3,3,-1,0,2,3,5,1,1,-1,4,5,4,0,3,5,1,1,1,4,1,0,1,5,1,1,2,-1,3,0,2,-1,1,-1,-1,2,2,4,2,5,4,5,2,5,0,-1,4,5,5,3,4,5,0,5,4,4,2,3,-1,4,2,0,-1,2,0,-1,4,2,-1,1,-1,5,4,2,2,5,4,1,2,0,-1,1,0,-1,5,-1
2115.7434063,2,4,5,1,3,5,-1,0,-1,0,2,1,0,-1,-1,1,5,4,1,2,4,0,2,5,5,1,-1,-1,0,-1,-1,2,2,3,5,2,5,-1,4,3,1,-1,3,2,4,-1,1,1,0,1,1,-1,3,-1,0,2,3,1,2,4,-1,-1,1,4,5,4,0,-1,0,0,1,3,5,5,3,2,3,4,2,0,-1,4,0,1,3,4,2,0,4,2
2139.57712352,-1,3,4,0,2,0,4,3,4,0,3,2,-1,4,1,-1,2,-1,1,1,0,4,3,1,4,1,2,5,-1,2,5,5,1,5,0,-1,5,4,-1,-1,5,3,-1,4,1,0,0,2,-1,1,5,3,-1,1,-1,-1,5,3,3,1,4,4,0,0,2,-1,4,2,1,4,5,-1,3,-1,1,2,0,4,3,3,5,1,1,-1,0,2,0,3,2,2
2008.69029308,1,-1,4,2,2,3,2,2,-1,3,0,4,1,2,-1,5,1,-1,3,1,2,1,5,5,3,3,-1,3,5,0,4,3,3,-1,-1,-1,0,2,3,1,2,4,3,0,4,0,-1,-1,0,2,3,4,3,1,1,4,4,-1,4,1,4,2,5,5,0,-1,3,2,5,2,1,0,4,4,-1,2,-1,0,5,5,-1,5,3,-1,0,-1,5,5,0,1
2053.97435581,4,-1,2,2,-1,0,3,4,3,-1,5,3,1,5,1,0,0,5,4,0,1,-1,2,5,-1,-1,1,-1,2,5,-1,0,1,2,4,0,3,5,5,3,5,2,-1,2,3,-1,-1,4,3,-1,1,4,2,0,0,0,1,2,1,5,0,4,-1,4,0,0,2,2,3,2,4,-1,-1,-1,3,2,-1,3,0,3,3,0,-1,1,-1,2,4,-1,4,-1
2025.37389514,0,-1,2,3,1,0,-1,-1,1,3,2,1,0,3,5,3,1,0,4,0,0,-1,4,-1,-1,1,3,3,4,-1,0,5,5,-1,4,0,1,0,-1,1,3,4,3,4,1,3,-1,2,2,5,-1,1,3,3,2,3,-1,1,5,0,-1,0,4,-1,4,5,1,4,2,2,2,2,5,0,1,5,2,1,0,-1,5,3,4,4,4,-1,5,1,5,0
2142.9535668,-1,1,5,-1,5,3,0,4,-1,3,4,-1,5,2,0,2,3,5,0,2,1,3,1,1,3,5,1,4,4,2,5,3,3,2,1,4,4,2,4,5,-1,-1,2,2,3,0,-1,1,2,4,3,-1,3,-1,5,1,1,0,4,0,5,0,1,2,0,0,1,-1,5,4,-1,5,5,5,0,3,0,-1,0,1,3,4,-1,2,3,0,0,1,3,4
2070.26072925,-1,3,3,2,1,3,1,3,4,2,3,5,4,-1,0,-1,0,-1,1,4,4,3,2,4,1,4,4,2,3,5,2,5,-1,-1,-1,-1,2,-1,5,5,3,3,0,1,1,2,5,0,-1,0,-1,1,2,0,5,4,-1,3,-1,2,0,0,1,0,3,-1,4,4,4,0,2,-1,1,2,2,4,1,5,1,1,5,3,5,4,-1,2,1,-1,5,-1
2076.61638718,1,-1,3,3,-1,0,-1,3,2,4,2,-1,4,3,0,0,1,4,5,2,4,5,5,-1,-1,2,2,2,2,0,-1,0,5,4,3,4,3,-1,2,-1,1,3,4,0,-1,5,0,0,2,2,3,-1,0,3,1,1,4,1,2,2,1,1,2,-1,4,4,3,5,1,0,1,5,-1,4,0,0,5,-1,1,-1,4,1,0,3,1,-1,0,-1,-1,1
2119.11984957,5,0,4,-1,-1,3,-1,3,2,-1,5,4,2,5,0,2,3,1,5,1,2,5,4,4,2,2,-1,0,2,-1,5,4,1,5,2,1,4,0,0,4,0,3,2,4,3,-1,4,1,-1,1,0,1,0,0,5,0,2,5,4,3,4,3,5,3,2,-1,3,-1,-1,-1,1,4,0,-1,1,5,5,1,3,0,4,1,0,1,3,3,1,3,3,2
2083.36927373,2,-1,0,0,1,0,3,2,-1,1,2,0,5,-1,5,-1,3,5,1,2,4,-1,4,1,1,-1,3,0,3,2,5,4,1,4,0,5,-1,4,2,0,-1,2,4,4,-1,3,3,3,4,1,-1,5,3,0,5,0,1,4,0,-1,2,4,4,1,2,4,3,0,5,1,-1,5,2,1,2,3,4,5,5,0,1,3,0,2,5,2,3,3,-1,3
2068.07597184,3,4,3,0,3,1,-1,4,3,-1,5,3,1,-1,4,-1,1,0,4,3,4,4,2,0,0,-1,3,1,2,1,5,1,3,2,0,-1,4,3,0,-1,4,-1,1,0,5,3,0,3,2,-1,0,5,-1,0,1,2,4,4,5,5,0,4,-1,3,5,2,1,1,2,4,2,0,2,1,5,1,0,5,2,4,5,5,-1,-1,2,4,5,2,1,-1
2061.91892822,1,1,-1,1,5,-1,4,1,1,0,2,4,0,3,3,2,-1,2,4,2,3,3,5,0,4,5,3,-1,3,1,1,5,3,1,0,2,3,3,4,3,5,5,0,1,4,0,4,2,2,0,4,4,5,-1,0,5,2,1,2,3,5,0,-1,5,-1,4,0,2,4,5,5,-1,1,-1,-1,-1,4,0,-1,-1,3,0,-1,2,-1,-1,0,2,2,-1
2068.07597184,1,0,0,3,2,1,-1,1,-1,-1,0,0,1,3,2,1,4,0,4,4,4,-1,4,3,4,1,-1,2,-1,5,2,4,2,5,3,0,2,5,5,4,-1,0,5,1,2,5,-1,0,3,2,4,1,2,-1,5,-1,-1,5,3,1,-1,1,3,4,1,3,2,0,0,2,5,-1,-1,1,4,0,2,5,1,-1,0,5,4,2,3,3,0,5,3,-1
2111.77112009,1,5,0,1,2,2,2,-1,3,4,1,4,4,5,-1,-1,3,1,3,4,3,3,4,0,1,2,-1,-1,5,2,0,0,2,0,1,4,2,1,3,3,5,4,5,2,3,2,2,4,4,-1,3,3,0,1,4,3,4,-1,0,3,5,1,1,-1,3,5,-1,5,-1,5,1,1,2,-1,2,0,-1,5,-1,4,5,0,-1,4,0,0,1,-1,0,2
2070.26072925,1,3,5,0,4,5,2,0,5,-1,-1,1,0,0,5,0,3,-1,3,3,4,3,1,4,3,2,5,0,3,5,3,-1,-1,1,1,5,4,2,4,-1,-1,2,1,3,0,1,1,4,0,-1,2,5,1,5,2,3,-1,3,0,0,4,0,0,-1,4,2,5,4,4,2,5,-1,-1,-1,1,1,3,0,-1,2,2,0,2,2,3,-1,-1,1,4,-1
2117.92816371,3,3,-1,3,4,4,3,0,-1,2,-1,1,-1,5,-1,1,1,-1,1,2,0,5,2,1,-1,-1,1,4,0,5,4,4,2,0,-1,-1,4,1,-1,2,1,1,1,5,3,1,-1,2,5,5,2,2,2,3,0,0,2,0,4,0,5,2,4,-1,0,0,4,5,4,4,3,2,0,1,3,0,3,2,4,4,3,1,3,4,2,3,-1,5,0,5
2136.59790887,4,5,2,-1,3,-1,0,-1,4,1,2,2,5,5,2,3,0,3,2,3,0,4,2,0,1,1,5,3,5,4,1,4,5,2,2,0,1,4,-1,1,4,-1,0,-1,0,-1,5,3,4,4,2,0,3,5,-1,1,4,0,4,1,1,5,-1,3,-1,-1,-1,5,3,1,-1,1,4,-1,5,0,2,2,3,2,-1,5,-1,3,0,3,0,5,0,2
2104.2237763,1,0,5,0,3,5,0,5,2,0,4,1,5,-1,3,-1,-1,5,1,5,2,4,0,3,3,4,1,0,3,-1,-1,2,2,-1,2,-1,-1,2,-1,0,4,1,-1,2,1,3,2,5,0,1,3,4,2,0,4,3,4,2,3,3,5,-1,1,4,-1,5,1,4,1,0,0,4,1,1,3,-1,2,4,3,3,1,5,0,-1,5,2,4,4,3,2
2144.34386697,2,1,2,4,0,2,-1,2,3,0,1,3,-1,5,4,3,-1,2,5,5,4,2,1,-1,5,5,0,-1,1,-1,-1,1,3,5,5,0,-1,1,2,2,-1,3,4,4,2,4,-1,0,2,4,0,-1,0,5,5,1,3,3,0,1,0,4,5,0,1,-1,1,-1,-1,1,2,3,0,2,-1,4,4,0,1,1,3,2,5,5,0,4,3,3,4,4
2169.36927006,2,2,4,-1,-1,-1,-1,0,-1,-1,0,3,4,-1,3,1,3,3,1,5,5,5,2,2,1,-1,0,2,2,0,0,5,3,3,5,3,5,4,5,1,0,5,1,3,1,-1,1,3,4,4,5,1,5,-1,2,3,1,-1,0,0,2,3,5,0,1,0,0,2,4,2,-1,-1,3,1,4,1,0,1,4,4,2,2,1,3,4,4,2,-1,-1,5
2122.69490715,3,0,2,2,1,5,5,2,4,0,4,4,4,3,3,1,3,0,3,4,-1,1,2,-1,1,4,4,1,-1,-1,2,5,0,0,2,1,1,3,0,2,4,0,5,-1,5,5,-1,1,-1,-1,4,3,1,-1,-1,-1,1,2,3,0,1,5,-1,-1,2,1,2,-1,4,2,4,5,3,5,0,5,4,3,2,3,0,3,1,2,4,5,5,0,2,0
2085.55403114,2,4,-1,4,3,-1,-1,2,2,0,1,-1,3,1,2,0,4,-1,-1,4,5,4,4,-1,2,1,1,0,3,0,4,3,-1,5,-1,1,2,0,2,5,-1,5,-1,1,5,5,4,-1,0,2,2,1,4,4,-1,-1,1,5,-1,3,4,0,3,2,-1,-1,-1,5,1,1,3,5,5,0,0,1,0,4,3,3,-1,3,0,1,4,2,-1,2,0,5
2147.12446731,5,-1,0,5,3,0,1,2,1,1,0,4,5,3,1,5,1,2,2,0,4,3,0,2,-1,2,5,0,2,0,2,4,2,-1,4,1,4,2,3,4,0,2,-1,1,3,0,-1,-1,1,5,1,3,3,3,-1,5,4,5,-1,5,4,3,5,-1,-1,3,2,2,4,1,1,-1,3,1,0,2,4,3,2,0,-1,0,1,4,0,-1,4,-1,-1,5
2094.88890372,3,-1,1,-1,2,-1,5,4,2,-1,2,0,1,1,4,1,3,4,4,5,3,1,3,5,5,5,3,0,2,3,4,4,1,3,2,4,2,3,5,3,0,2,2,2,2,-1,0,-1,1,0,3,-1,0,-1,0,5,3,5,2,-1,4,4,3,0,3,5,0,4,-1,0,-1,4,-1,4,0,1,1,2,5,-1,5,1,1,0,4,2,-1,5,5,0
2027.55865255,3,1,2,5,3,2,-1,-1,3,-1,5,2,0,2,4,2,-1,1,1,5,5,2,-1,1,-1,3,4,1,1,3,2,4,0,4,5,1,5,3,-1,4,5,-1,5,-1,4,-1,-1,-1,4,0,5,2,4,-1,0,-1,0,5,1,-1,2,0,3,2,-1,2,1,3,3,1,0,-1,5,4,0,5,-1,-1,4,2,5,1,0,-1,0,0,4,0,3,1
1972.74110292,3,5,-1,1,5,-1,5,-1,-1,0,0,5,2,0,3,4,2,2,5,2,5,4,-1,4,0,5,4,-1,2,3,4,5,3,1,5,-1,3,2,2,1,4,0,3,5,-1,2,3,0,-1,-1,-1,4,0,3,3,1,-1,0,1,2,-1,2,-1,1,0,0,1,-1,2,0,2,-1,5,3,1,4,-1,3,3,-1,5,0,2,4,3,3,4,5,4,2
2083.36927373,4,0,1,1,4,0,2,0,1,4,0,-1,2,-1,2,5,2,4,0,1,4,0,4,3,1,4,5,3,2,1,-1,4,5,5,2,5,3,3,5,-1,0,3,-1,2,3,2,-1,2,5,-1,0,-1,1,5,-1,0,1,3,3,5,1,1,1,2,0,1,4,2,5,2,-1,-1,3,0,0,4,4,0,-1,0,2,3,-1,5,4,5,4,-1,3,-1
2126.26996474,-1,4,-1,5,0,0,-1,1,5,1,2,0,2,4,3,4,4,0,-1,5,-1,0,2,4,1,1,0,2,0,0,0,1,1,3,1,4,0,3,-1,-1,-1,2,3,2,-1,-1,1,0,1,-1,5,-1,3,3,2,3,4,-1,2,2,3,4,0,0,3,-1,5,2,-1,4,-1,5,5,3,-1,3,4,2,5,4,4,5,2,1,1,5,1,5,2,1
2127.85887922,-1,-1,2,5,-1,-1,-1,0,-1,-1,-1,4,1,0,1,1,-1,3,3,1,4,4,3,0,1,1,3,-1,5,5,-1,-1,0,5,0,2,0,-1,4,1,5,5,4,4,2,-1,1,0,-1,4,2,3,0,2,2,-1,4,4,5,1,2,3,2,1,1,2,2,0,2,0,0,0,3,1,3,1,2,4,2,4,4,1,3,3,5,3,3,1,4,3
2146.13139576,2,0,-1,-1,4,0,-1,1,3,4,1,1,5,4,1,1,4,-1,3,1,-1,-1,3,0,1,3,0,1,-1,5,2,3,2,-1,2,1,-1,-1,-1,4,0,-1,-1,3,1,1,3,-1,2,0,4,5,3,1,1,2,4,0,5,5,-1,0,0,4,5,0,-1,2,4,2,-1,3,0,5,3,1,3,0,2,2,4,4,3,2,0,-1,-1,-1,5,2
2079.19837321,-1,0,3,1,2,5,0,4,0,3,1,-1,1,-1,1,4,3,5,-1,1,2,3,3,3,0,2,4,4,-1,-1,4,3,0,-1,-1,1,4,2,-1,3,2,3,1,4,4,-1,-1,0,3,4,1,1,3,2,-1,2,5,2,1,2,1,1,5,5,2,4,2,2,4,0,0,1,5,-1,3,4,-1,5,0,-1,-1,2,3,-1,-1,-1,5,2,0,-1
2079.79421614,0,3,-1,1,-1,3,1,4,0,0,0,0,2,-1,1,-1,5,2,5,3,1,1,2,5,1,1,2,0,3,3,4,4,-1,2,4,4,-1,3,5,2,3,0,4,4,-1,5,-1,2,0,-1,-1,2,0,4,-1,-1,-1,0,0,-1,1,4,4,3,1,2,2,3,0,0,3,5,3,4,4,2,5,-1,3,3,5,5,1,5,5,2,4,1,1,-1
2021.79883755,5,1,-1,-1,3,1,5,3,1,4,5,4,1,-1,3,4,1,2,2,3,0,3,-1,1,5,2,3,4,0,5,4,-1,-1,5,-1,4,-1,0,0,-1,2,-1,0,1,5,2,4,-1,1,5,0,5,2,-1,1,4,4,2,2,-1,1,3,3,-1,0,-1,5,-1,3,4,2,5,0,0,3,1,4,0,0,2,3,-1,0,4,-1,0,1,0,4,3
2060.33001374,2,2,1,2,0,0,-1,4,3,2,1,5,1,4,-1,-1,0,3,1,-1,-1,1,0,4,-1,3,2,4,-1,5,3,5,2,0,4,4,0,4,4,1,0,0,5,0,2,2,3,4,-1,-1,0,3,1,2,-1,5,-1,1,3,1,3,0,5,5,5,5,-1,0,-1,1,3,1,5,4,1,2,3,2,5,2,1,4,5,4,3,4,0,5,-1,3
2082.17758787,4,-1,0,3,3,0,-1,0,2,-1,4,0,0,4,-1,3,4,3,4,0,0,1,4,4,1,2,-1,1,2,-1,-1,1,4,2,1,2,-1,-1,1,4,4,3,-1,5,-1,-1,-1,5,5,3,5,2,2,3,2,-1,0,4,0,0,2,2,3,3,2,5,5,2,-1,5,4,5,0,5,1,0,-1,2,-1,2,1,0,3,-1,4,3,1,4,3,0
2022.7919091,5,5,4,-1,4,3,-1,2,2,3,3,2,4,-1,-1,1,5,3,-1,-1,5,3,0,4,5,4,2,1,3,5,0,1,3,4,1,4,2,0,2,2,1,5,0,2,-1,2,-1,4,4,1,1,1,4,2,1,4,-1,3,3,5,0,2,1,-1,-1,5,4,-1,4,0,1,0,5,0,0,3,-1,5,3,3,-1,0,1,3,3,2,0,5,5,-1
2109.58636268,0,3,-1,5,-1,1,-1,5,1,3,5,3,2,-1,0,3,2,1,0,4,4,1,2,2,5,2,3,-1,-1,1,2,1,4,5,2,2,4,2,4,1,4,2,3,3,3,5,0,5,-1,5,0,-1,-1,1,0,3,4,1,3,0,1,4,3,3,0,0,4,1,-1,-1,-1,-1,0,4,3,0,-1,0,4,-1,0,4,4,-1,4,2,-1,1,0,2
2168.57481282,1,1,4,-1,0,-1,3,1,-1,1,-1,5,2,1,4,3,1,2,0,1,-1,2,5,4,4,4,3,-1,1,-1,5,4,5,2,3,4,3,4,5,2,3,3,4,2,2,1,1,2,4,-1,0,-1,2,0,0,5,0,-1,1,3,5,2,5,0,2,0,5,1,0,0,-1,3,5,0,2,5,4,-1,4,1,0,5,3,3,3,1,4,1,-1,2
2062.51477115,3,1,2,2,0,1,1,5,-1,-1,4,3,0,4,5,-1,5,2,-1,0,1,1,-1,5,4,0,4,0,4,0,1,4,3,5,3,1,-1,3,5,5,5,1,5,-1,4,0,0,0,-1,1,0,4,2,2,5,3,1,0,3,1,3,2,4,2,3,-1,-1,3,2,3,3,-1,4,2,-1,4,-1,2,3,3,5,5,4,0,5,2,-1,4,2,1
2061.72031391,-1,5,-1,1,-1,2,4,3,3,1,-1,1,5,-1,2,2,3,3,0,-1,-1,4,2,4,-1,1,1,5,3,-1,2,2,5,4,4,2,-1,-1,3,0,4,0,2,0,4,1,0,2,0,4,0,1,2,-1,1,4,4,1,3,5,0,3,1,-1,2,5,3,1,2,-1,-1,0,5,0,3,0,3,2,4,5,3,2,3,4,-1,4,5,5,3,1
2195.18913039,-1,1,1,5,-1,-1,3,5,3,2,2,4,4,1,3,1,0,5,0,4,3,3,2,4,3,-1,5,4,1,2,-1,5,1,5,4,4,-1,1,5,0,3,5,-1,1,2,5,4,3,-1,-1,0,4,3,-1,1,0,2,-1,0,1,2,2,3,0,4,2,5,2,3,3,0,2,4,0,2,3,-1,4,0,1,1,2,1,-1,4,1,0,0,3,0
2130.83809387,1,4,2,0,5,1,-1,2,5,-1,-1,-1,4,3,0,1,1,1,0,4,0,5,2,0,5,-1,4,-1,-1,2,3,-1,3,1,5,2,0,3,1,1,0,-1,1,0,-1,5,3,2,3,0,5,2,3,4,-1,-1,2,0,2,1,-1,3,2,2,4,5,-1,3,4,2,5,4,0,0,1,5,1,1,5,3,-1,1,4,3,3,4,0,2,4,3
2190.22377263,4,3,3,0,2,0,1,-1,5,-1,0,3,4,-1,1,3,0,0,2,0,2,2,5,0,-1,3,0,4,1,1,5,3,1,5,2,1,4,4,1,0,2,2,2,3,1,-1,5,5,-1,5,5,3,4,4,4,3,5,4,0,3,2,0,1,1,3,-1,0,0,5,-1,4,1,1,3,4,1,3,-1,-1,5,4,0,3,4,2,5,2,2,-1,0
2087.73878855,5,0,5,3,4,0,-1,0,1,-1,-1,2,0,-1,2,1,2,5,5,5,0,-1,2,5,3,1,3,1,2,3,-1,3,2,2,4,3,0,-1,2,3,2,1,-1,1,3,5,-1,0,2,1,4,3,0,-1,4,3,2,-1,-1,1,5,3,4,4,1,1,1,0,4,0,2,0,0,5,-1,3,5,2,3,3,4,1,4,0,5,1,4,-1,5,-1
2039.07828254,3,5,4,0,0,-1,-1,3,4,-1,-1,0,1,1,1,1,0,-1,1,-1,2,1,2,5,2,1,1,3,2,0,-1,1,3,3,4,3,5,3,5,1,4,1,2,2,-1,4,-1,3,-1,-1,-1,3,5,2,0,-1,4,5,-1,2,2,2,1,3,5,-1,1,3,2,4,4,2,0,3,0,5,4,0,4,0,0,2,4,0,5,4,5,2,5,4
2085.35541683,1,0,0,1,2,1,0,-1,3,-1,3,2,3,1,5,4,1,3,4,-1,-1,-1,3,-1,5,5,1,-1,5,-1,-1,5,3,0,4,2,1,-1,4,3,2,5,4,4,2,-1,2,0,0,3,1,-1,5,2,-1,5,1,2,0,0,4,3,3,4,0,5,-1,1,2,2,5,2,4,-1,2,2,0,1,1,-1,4,-1,2,5,1,4,0,3,0,-1
2090.5193889,5,5,-1,4,-1,1,4,1,0,-1,5,3,0,1,-1,3,3,0,1,5,1,4,-1,-1,1,4,4,-1,5,4,1,1,3,-1,4,-1,0,4,4,4,0,2,2,5,0,-1,5,5,3,1,0,2,1,-1,2,-1,3,0,5,0,2,1,3,4,-1,2,4,0,3,5,2,1,5,-1,-1,1,3,0,-1,1,0,0,5,2,0,2,3,2,5,2
2149.30922473,1,4,0,2,5,1,-1,-1,1,2,1,0,5,4,3,2,4,4,5,4,3,4,1,5,0,-1,2,-1,0,5,0,2,1,3,2,-1,-1,1,-1,1,5,4,0,1,2,5,-1,-1,2,2,4,5,3,0,5,4,3,1,3,0,0,1,3,2,5,5,0,-1,3,2,-1,0,0,-1,3,1,4,4,1,2,0,5,3,-1,4,3,1,3,3,4
2058.74109926,-1,0,3,3,0,4,-1,4,0,0,-1,2,1,1,0,4,0,4,2,2,4,-1,-1,0,2,1,1,4,4,3,0,-1,5,0,3,-1,4,-1,2,2,0,-1,0,2,2,4,2,5,-1,4,-1,-1,5,-1,0,1,3,5,2,5,3,1,5,3,2,-1,2,2,1,5,3,5,4,3,-1,1,4,-1,1,5,1,5,-1,2,3,5,3,2,4,1
2120.70876405,3,4,1,3,4,4,1,3,-1,4,0,5,-1,4,3,5,4,4,2,0,-1,-1,0,1,4,4,0,1,0,5,4,-1,1,3,0,4,3,2,1,-1,0,-1,2,0,1,1,5,3,5,-1,2,-1,4,5,1,1,3,3,-1,2,3,2,5,2,4,2,-1,4,3,5,5,2,2,3,1,5,1,1,-1,0,0,0,0,-1,2,3,0,5,-1,2
2079.79421614,0,5,-1,1,2,1,5,2,-1,-1,5,3,0,0,1,-1,4,3,0,3,-1,1,3,0,4,4,-1,3,-1,0,3,1,4,5,1,2,2,5,0,-1,3,3,0,0,5,3,2,5,-1,-1,0,2,-1,2,4,4,1,0,5,4,2,4,4,4,2,1,3,-1,5,4,1,5,4,5,2,0,2,0,2,-1,1,1,-1,3,4,3,-1,1,3,1
2093.10137493,2,1,-1,3,2,1,2,1,5,5,1,-1,4,0,-1,1,-1,4,3,-1,0,4,2,4,5,-1,4,-1,3,1,1,-1,2,5,4,4,3,-1,3,3,1,2,-1,0,-1,-1,0,2,4,0,0,0,4,2,-1,5,-1,5,-1,4,4,3,0,3,1,5,0,1,3,1,1,0,2,0,3,5,3,2,3,1,2,-1,4,4,0,4,0,5,3,2
2149.50783904,-1,4,4,1,1,4,4,5,-1,1,4,1,-1,-1,4,3,2,0,-1,3,3,5,3,-1,1,0,1,-1,0,5,0,1,1,3,0,0,4,2,-1,5,2,-1,-1,2,3,-1,2,5,4,1,3,1,5,-1,2,5,4,5,2,4,-1,2,3,3,4,-1,-1,1,2,5,4,0,0,0,1,3,2,1,2,2,3,-1,0,3,0,3,2,2,3,0
2137.1937518,3,4,-1,-1,3,-1,2,2,2,2,0,1,3,2,0,5,4,5,3,0,3,3,4,0,3,5,1,5,5,3,1,0,2,1,1,5,0,4,-1,4,2,-1,-1,-1,1,4,1,-1,1,4,-1,5,4,0,1,3,-1,-1,5,1,1,2,0,5,3,3,-1,-1,-1,4,5,2,4,5,-1,3,-1,2,4,0,0,4,5,0,4,1,0,0,3,-1
2067.2815146,2,1,-1,2,0,1,2,-1,-1,0,3,-1,2,-1,4,0,-1,4,0,2,5,2,2,5,3,2,0,-1,-1,-1,3,2,4,4,3,1,-1,2,4,0,4,5,3,5,1,5,2,2,0,5,-1,0,0,5,4,3,-1,3,4,0,1,5,3,4,5,5,1,3,-1,3,0,2,4,3,1,-1,-1,0,1,4,3,1,5,1,-1,1,4,1,0,-1
2193.79883022,3,3,2,5,1,3,-1,-1,0,4,1,3,-1,5,-1,-1,3,3,2,0,1,5,4,5,4,2,-1,1,-1,-1,1,2,4,-1,4,3,3,-1,3,5,4,2,-1,0,1,4,0,1,2,-1,-1,1,5,0,1,3,0,2,5,0,0,1,4,2,1,0,-1,3,-1,5,0,2,0,3,3,4,4,2,1,3,5,0,4,0,5,5,2,5,1,4
2131.03670818,1,5,2,5,2,3,-1,1,3,5,-1,3,1,1,-1,1,1,4,0,0,1,2,-1,4,0,-1,0,4,-1,-1,0,1,-1,4,5,0,3,2,2,1,4,5,5,4,2,2,4,5,2,5,5,1,1,0,0,0,4,5,-1,-1,4,0,0,-1,2,3,5,4,-1,1,0,3,1,-1,-1,0,4,4,0,1,3,2,5,-1,3,2,2,3,3,3
2109.38774837,2,-1,3,2,5,-1,-1,2,1,-1,-1,3,5,0,1,1,0,4,1,2,-1,0,0,4,0,2,5,4,4,3,2,4,3,2,2,5,0,-1,-1,2,0,2,1,3,1,3,5,0,4,-1,4,0,0,4,5,3,0,4,3,3,1,1,3,2,-1,-1,-1,2,-1,5,5,4,5,-1,5,3,4,3,0,4,-1,3,1,0,1,1,1,3,4,5
2080.985902,-1,-1,4,4,4,0,1,1,1,0,-1,0,4,3,1,-1,-1,5,3,1,-1,5,3,3,2,2,4,0,1,-1,4,2,-1,2,-1,2,1,5,1,2,-1,0,1,1,2,3,3,-1,3,5,0,4,0,2,2,5,4,0,0,3,5,1,2,-1,4,0,4,1,4,-1,-1,5,5,0,1,0,3,0,5,4,0,3,-1,-1,2,5,2,3,-1,3
2138.78266628,-1,5,0,2,5,1,5,1,3,-1,2,4,5,1,-1,4,4,3,3,2,4,2,0,2,4,3,2,-1,3,-1,1,-1,3,0,2,-1,-1,1,0,3,4,-1,4,3,0,0,1,4,1,0,3,4,0,-1,-1,4,2,1,1,0,0,2,0,0,4,2,3,0,3,5,5,-1,1,4,3,2,4,5,2,2,1,1,-1,4,5,-1,3,2,-1,-1
2126.66719336,5,5,1,3,1,-1,0,2,-1,5,-1,5,4,4,1,2,4,3,0,0,-1,0,3,4,1,3,1,-1,5,0,-1,0,2,1,3,0,4,-1,2,2,0,1,3,3,5,2,0,-1,3,4,5,2,-1,-1,3,5,4,2,-1,3,1,4,3,5,4,5,-1,0,4,1,2,1,0,1,-1,5,4,3,0,1,2,0,4,2,2,-1,3,-1,2,-1
2117.53093509,0,4,4,0,3,5,0,3,0,2,-1,0,0,5,0,1,3,1,0,4,-1,5,4,2,1,2,5,5,3,2,5,5,4,-1,4,-1,-1,4,3,-1,1,-1,1,1,0,2,-1,2,0,1,1,2,4,4,1,5,4,3,2,2,5,-1,3,3,4,5,0,4,5,-1,-1,3,4,-1,1,0,1,2,3,5,5,3,3,1,3,3,1,2,-1,2
2138.58405197,-1,-1,4,1,5,4,-1,0,5,0,3,5,2,-1,3,0,0,1,5,2,4,1,-1,4,4,1,5,1,-1,2,5,3,4,3,2,-1,0,-1,4,0,3,-1,-1,3,2,3,1,4,1,0,2,2,3,0,1,5,-1,2,0,0,5,1,3,1,3,2,2,2,-1,4,2,1,0,5,4,-1,3,3,-1,4,4,4,5,0,4,0,1,-1,3,3
2050.79652685,3,4,5,0,4,-1,0,3,-1,-1,0,4,4,0,4,-1,0,1,1,2,4,3,3,4,5,4,3,2,0,2,-1,-1,0,1,1,2,0,5,1,3,1,5,0,-1,5,2,1,0,4,-1,4,-1,3,5,-1,3,-1,-1,2,1,2,5,0,-1,-1,-1,3,0,4,2,2,3,3,1,2,2,1,3,5,3,4,1,3,3,4,2,2,-1,5,0
2123.09213577,2,5,5,1,-1,3,-1,2,2,-1,-1,5,1,3,2,4,0,0,0,5,2,5,0,-1,5,4,1,0,4,0,5,1,4,1,4,3,4,0,2,4,4,5,-1,1,-1,5,5,-1,4,2,1,-1,0,5,2,0,3,4,1,2,1,2,1,3,2,-1,-1,1,0,3,3,3,5,0,2,1,2,3,3,4,0,3,1,3,4,4,-1,4,1,0
2162.81499782,0,5,3,2,1,-1,3,4,3,4,3,-1,0,-1,0,3,0,5,4,3,3,2,4,1,1,-1,5,1,4,2,3,5,0,-1,-1,0,5,0,3,4,-1,4,1,-1,2,2,5,1,-1,1,1,0,-1,5,-1,-1,3,2,0,5,2,0,2,1,1,4,0,0,2,-1,5,2,1,2,4,2,0,0,-1,5,4,0,3,1,3,5,4,-1,4,2
2160.63024041,5,4,3,-1,1,3,1,-1,2,2,2,5,2,3,1,3,4,4,3,1,-1,0,5,5,0,3,-1,5,-1,5,2,2,-1,0,5,1,3,3,-1,1,5,0,4,4,4,4,0,2,2,1,5,0,4,4,4,1,-1,4,0,3,5,3,1,2,3,-1,1,-1,-1,0,0,4,5,3,2,4,0,0,2,3,-1,0,3,0,5,-1,-1,5,1,2
2039.47551116,-1,2,5,-1,3,0,0,0,4,5,3,-1,2,1,-1,4,3,-1,1,2,-1,0,-1,-1,2,3,5,5,0,5,-1,-1,3,1,0,-1,2,4,-1,3,0,4,0,2,4,0,0,1,-1,2,4,1,0,4,4,5,3,1,5,5,0,2,1,3,2,-1,5,3,3,3,5,4,1,1,1,-1,4,2,4,3,2,1,3,0,5,0,3,5,4,1
2127.26303629,2,2,-1,3,3,5,1,5,0,2,-1,2,3,-1,5,1,2,-1,0,5,5,3,1,0,5,-1,5,-1,3,0,-1,2,3,1,3,-1,4,4,2,1,4,5,3,5,0,-1,-1,5,5,5,2,2,0,3,1,2,2,-1,4,0,4,3,0,1,0,4,0,5,5,-1,0,2,3,4,4,0,0,4,2,1,4,1,1,-1,3,4,1,-1,1,-1
2099.25841855,4,1,1,4,4,1,5,-1,4,3,1,-1,5,5,2,1,1,5,2,5,-1,2,-1,0,3,2,1,0,2,4,5,-1,1,-1,2,-1,-1,-1,4,-1,5,0,4,4,1,2,4,1,5,2,3,-1,3,1,-1,3,-1,-1,5,3,5,2,3,3,3,3,3,4,1,0,5,2,4,2,5,1,0,4,1,2,4,0,3,0,0,2,2,3,0,0
2099.05980424,3,5,0,5,4,4,3,0,-1,-1,5,2,-1,1,4,3,2,1,1,0,1,0,2,2,1,0,4,3,1,2,4,-1,1,4,0,4,1,-1,0,4,4,5,-1,3,2,1,4,1,2,5,-1,-1,0,2,5,3,-1,5,-1,0,0,3,1,3,5,2,5,4,0,2,-1,0,4,2,3,0,5,-1,-1,5,2,0,5,2,5,3,1,-1,-1,1
2129.4477937,4,4,1,5,5,1,-1,1,3,2,-1,1,3,2,5,5,2,4,0,-1,1,5,0,1,-1,5,3,2,2,-1,-1,3,5,0,-1,3,4,-1,0,0,0,5,-1,0,2,-1,4,3,4,0,-1,2,-1,2,4,1,5,1,4,3,1,4,2,0,0,0,1,1,4,5,2,3,4,-1,2,3,4,-1,4,2,3,2,1,5,-1,5,3,1,1,0
2041.85888289,-1,3,1,5,3,1,2,-1,1,0,-1,4,2,2,2,2,-1,5,5,2,5,3,3,4,0,4,1,0,-1,-1,3,1,5,-1,1,3,3,3,-1,5,-1,2,2,4,-1,1,3,4,5,-1,5,4,2,0,4,5,1,0,-1,-1,1,5,2,4,2,4,1,-1,4,2,5,1,0,3,0,0,0,3,3,1,4,1,4,4,-1,0,-1,3,-1,5
2140.76880939,4,5,-1,5,-1,4,0,2,5,-1,3,3,4,4,4,0,1,-1,2,-1,5,2,2,0,0,3,-1,3,4,1,1,3,1,0,-1,0,4,1,-1,1,3,-1,3,0,-1,4,4,2,5,3,2,4,2,1,3,5,5,3,1,1,0,3,1,-1,1,0,-1,3,2,4,-1,4,4,2,3,0,1,0,3,0,5,2,-1,2,0,5,-1,1,5,-1
1999.75264912,5,4,1,5,5,2,3,0,3,4,2,-1,2,1,-1,0,5,4,-1,1,3,5,1,2,2,0,5,-1,5,3,5,-1,-1,4,2,1,-1,2,0,5,-1,0,-1,-1,4,0,0,3,4,2,5,-1,1,1,1,3,3,4,3,4,0,-1,1,-1,5,3,2,4,4,0,0,5,4,-1,0,-1,1,2,3,1,4,-1,3,4,1,2,3,2,1,-1
2055.56327029,4,0,0,2,5,1,-1,1,3,1,4,-1,4,0,2,5,5,1,4,4,4,5,3,-1,2,0,4,3,2,2,2,3,3,1,2,5,0,2,3,0,0,1,4,1,-1,0,1,2,-1,4,4,3,3,-1,-1,1,1,-1,5,5,0,3,5,4,-1,-1,1,5,0,2,4,0,-1,5,2,5,4,2,0,3,2,0,2,1,-1,-1,3,1,3,5
2203.33231711,-1,2,0,-1,2,3,0,0,2,0,1,2,-1,4,0,1,4,1,3,1,4,-1,2,5,3,5,4,1,5,0,5,-1,3,3,5,4,-1,4,1,4,-1,5,3,0,4,3,3,-1,-1,4,0,2,-1,1,0,2,5,5,2,2,-1,1,3,3,1,4,0,0,3,-1,4,0,5,-1,4,0,1,1,1,3,4,5,0,2,-1,2,-1,3,1,2
2140.37158076,2,2,-1,0,5,0,-1,0,3,3,-1,3,-1,3,3,4,4,5,5,0,3,-1,0,2,2,-1,4,2,4,-1,-1,3,4,3,0,4,1,2,1,1,4,3,-1,1,5,5,4,1,0,2,4,0,2,-1,4,5,1,0,2,1,0,1,2,5,0,2,1,5,3,4,5,0,0,1,2,1,-1,3,1,4,5,4,5,4,5,5,1,2,-1,3
2071.45241511,2,4,0,0,2,2,2,4,-1,0,-1,-1,1,4,0,5,4,3,4,4,0,4,-1,1,5,2,5,0,4,-1,4,2,3,1,4,2,3,-1,5,3,5,5,1,0,-1,-1,2,2,1,-1,1,5,1,-1,-1,0,5,1,3,1,-1,0,3,3,1,3,3,-1,2,0,4,1,4,3,-1,0,-1,0,3,4,3,-1,5,5,1,1,2,-1,0,0
2145.33693852,1,0,4,5,-1,-1,-1,4,0,4,5,3,2,0,4,0,1,2,3,5,1,0,-1,4,4,-1,-1,3,4,2,3,1,4,-1,-1,5,0,2,5,5,-1,0,3,0,1,5,5,2,-1,5,2,2,4,3,2,3,1,0,-1,2,4,2,0,3,1,1,-1,3,5,1,1,-1,0,-1,1,3,1,4,2,0,2,3,0,2,-1,5,5,1,3,-1
2124.87966457,1,3,2,2,-1,-1,3,0,4,0,3,0,1,2,5,4,3,3,4,0,2,1,5,-1,4,1,0,5,1,-1,2,-1,5,1,-1,5,0,-1,-1,3,5,2,1,4,3,0,4,0,2,-1,4,5,-1,4,-1,1,1,1,0,0,4,0,5,3,-1,1,3,0,3,0,2,1,1,4,5,-1,3,3,3,5,5,0,4,4,2,3,5,2,4,5
2010.47782187,-1,3,2,4,1,1,0,1,2,1,1,2,2,5,1,-1,2,4,5,4,4,-1,3,5,5,0,2,1,3,5,4,3,2,-1,2,5,3,0,2,4,5,-1,0,1,2,-1,-1,0,-1,1,-1,0,0,-1,5,4,-1,4,5,3,1,4,4,4,-1,-1,5,2,3,4,-1,0,3,0,1,0,3,4,3,3,-1,2,5,5,0,-1,3,1,2,-1
2092.505532,4,5,1,0,2,3,4,0,4,5,4,2,0,2,2,2,0,3,1,3,3,1,1,1,3,3,0,0,4,-1,1,0,4,1,5,3,-1,3,-1,0,3,3,-1,5,5,1,3,0,-1,2,-1,-1,0,-1,2,1,-1,2,4,3,4,4,5,5,-1,1,4,0,3,4,4,0,1,-1,2,5,2,4,-1,2,4,5,0,5,1,5,0,2,3,-1
2072.84271528,4,3,0,5,4,1,-1,0,2,5,3,3,-1,0,2,0,-1,3,3,5,3,1,1,4,3,0,2,-1,5,-1,2,0,-1,1,1,5,2,0,2,4,0,-1,4,-1,3,-1,2,2,2,-1,5,5,4,1,4,-1,5,1,2,-1,4,-1,4,1,4,1,3,5,0,-1,4,0,0,3,4,1,3,-1,3,0,4,-1,3,5,3,1,-1,1,-1,0
2208.8935178,-1,2,3,3,4,-1,0,-1,4,5,0,1,4,0,2,3,2,5,0,3,1,-1,3,1,2,0,1,-1,5,4,4,1,1,1,-1,3,3,5,2,-1,-1,3,1,4,2,4,1,-1,2,4,-1,5,5,3,2,-1,4,0,0,-1,5,3,1,2,3,2,1,5,1,0,4,0,5,0,5,0,1,4,5,0,3,1,3,0,5,2,-1,0,2,-1
2075.22608701,2,-1,0,-1,4,1,4,0,-1,-1,1,0,3,1,3,0,3,2,-1,2,3,2,0,1,5,3,4,4,2,2,-1,4,5,3,1,-1,-1,3,0,-1,2,5,5,1,0,-1,3,4,3,0,4,4,0,1,-1,4,3,4,0,1,-1,0,-1,-1,5,5,-1,2,4,5,5,0,2,4,2,4,3,5,5,1,1,1,3,5,2,2,2,1,3,1
2091.11523183,0,1,-1,1,2,2,5,1,-1,5,5,5,2,3,4,-1,0,1,2,0,5,-1,5,-1,5,2,5,2,2,3,1,0,4,0,3,3,1,4,4,4,0,4,5,0,1,1,-1,0,3,-1,4,2,2,1,4,3,3,5,0,3,-1,4,5,-1,1,2,2,2,0,0,0,1,4,2,3,0,1,1,5,2,4,5,4,-1,-1,-1,4,0,-1,-1
2098.86118993,0,-1,0,1,0,2,-1,4,-1,3,-1,1,1,4,5,0,-1,5,-1,2,4,0,2,2,3,5,4,-1,1,4,0,2,1,0,5,1,0,0,5,1,1,4,-1,4,2,2,4,-1,3,3,5,4,4,3,2,5,3,5,3,2,1,0,4,5,-1,3,2,4,3,2,-1,1,0,-1,0,4,3,-1,1,5,5,4,5,2,5,3,2,2,1,3
2162.21915489,0,1,-1,-1,-1,4,2,2,-1,2,0,4,4,1,2,1,5,-1,2,-1,1,3,0,1,1,2,0,4,0,4,3,-1,5,3,4,2,-1,4,5,1,3,3,5,2,3,0,0,4,5,-1,4,5,1,4,1,0,-1,0,2,5,1,5,2,0,-1,3,0,-1,3,3,4,2,0,0,-1,4,3,2,3,2,1,3,0,3,1,5,5,1,4,2
2064.69952856,4,2,4,-1,3,0,-1,-1,0,5,3,5,5,-1,3,0,2,4,4,-1,2,0,1,1,4,0,3,2,1,3,-1,-1,1,5,3,4,1,-1,0,1,-1,3,4,5,2,3,-1,-1,0,-1,1,0,2,5,0,2,5,4,4,0,1,1,4,2,4,4,3,3,-1,-1,3,3,2,1,-1,0,-1,5,5,4,2,4,-1,5,5,1,1,1,0,2
2147.12446731,3,1,-1,5,-1,0,3,4,4,0,3,5,5,1,4,4,1,-1,1,2,4,0,1,2,3,1,3,5,3,-1,1,2,2,2,0,-1,0,0,2,-1,-1,5,4,3,4,-1,2,1,-1,0,1,3,-1,5,4,4,5,3,3,4,1,0,4,-1,2,1,1,1,-1,-1,4,-1,2,3,4,2,-1,3,5,0,4,0,2,3,0,0,0,3,2,2
2074.63024408,1,3,3,4,5,-1,4,0,-1,3,0,-1,1,5,4,1,4,2,2,0,3,0,2,3,4,2,3,-1,1,1,0,1,2,-1,1,5,-1,0,0,0,2,-1,5,2,3,5,4,5,0,2,1,5,2,0,5,1,4,2,1,3,2,5,-1,-1,4,1,5,3,-1,1,-1,-1,2,2,0,-1,3,4,4,2,3,4,-1,4,5,4,0,1,3,-1
2097.07366113,2,0,-1,5,0,5,-1,4,-1,0,0,1,5,-1,-1,2,2,5,3,-1,1,2,1,-1,3,2,0,4,0,1,-1,0,4,3,5,2,3,-1,3,2,5,1,3,5,1,2,3,0,-1,5,4,2,1,3,-1,1,3,3,4,-1,2,1,0,0,-1,1,3,1,4,2,1,1,0,2,-1,3,5,4,1,0,-1,-1,4,0,4,4,-1,5,4,2
2109.38774837,2,3,3,5,-1,0,0,1,1,-1,5,1,5,1,5,5,2,0,4,1,5,-1,3,0,2,3,4,2,-1,5,0,4,0,5,-1,3,0,5,4,4,1,5,0,3,2,2,2,2,-1,1,3,0,2,2,1,5,0,2,3,3,-1,1,-1,3,-1,1,-1,5,4,4,0,-1,-1,1,4,0,4,3,1,4,2,-1,3,-1,-1,3,2,5,2,1
2064.30229994,5,2,-1,2,-1,3,3,-1,1,2,1,-1,2,3,3,4,2,2,0,3,4,4,2,-1,0,4,2,-1,1,0,4,5,1,0,5,0,4,-1,0,0,-1,3,3,3,0,0,3,4,5,5,-1,-1,0,2,-1,2,-1,4,3,3,1,5,4,-1,-1,1,-1,1,1,5,4,3,0,1,0,4,2,5,5,0,-1,4,3,1,4,2,-1,4,5,2
2052.38544133,-1,1,3,5,4,3,-1,0,3,4,4,1,0,3,5,-1,5,3,3,-1,2,2,2,3,-1,3,2,0,1,5,-1,0,3,2,2,2,4,0,0,5,5,-1,5,-1,0,1,-1,4,4,-1,1,0,5,3,-1,4,2,-1,3,1,2,-1,0,4,1,4,2,3,1,-1,5,-1,-1,1,-1,1,3,2,0,2,4,0,1,0,2,4,4,5,-1,1
2077.60945873,2,1,1,1,4,4,1,0,5,0,2,1,2,4,2,5,4,-1,-1,3,-1,-1,-1,-1,-1,4,5,0,1,5,4,-1,2,0,-1,-1,2,2,3,5,3,5,2,2,-1,1,0,3,3,1,0,-1,3,0,-1,2,4,0,4,2,3,4,1,-1,3,2,1,5,0,-1,1,5,0,-1,3,3,3,4,0,4,4,4,0,1,5,1,5,3,0,2
2064.30229994,0,3,4,0,-1,2,1,4,3,5,5,-1,1,1,1,3,-1,2,4,1,5,4,3,-1,2,2,0,3,5,-1,-1,5,2,5,1,-1,0,5,-1,4,4,0,3,1,5,-1,1,2,5,1,4,-1,-1,3,0,-1,1,1,1,4,0,0,4,-1,2,0,5,2,0,1,5,3,-1,-1,0,5,2,-1,3,0,3,3,0,4,5,4,2,2,-1,3
2137.78959473,3,-1,-1,2,4,2,4,1,2,-1,-1,0,1,5,3,0,3,2,3,5,0,-1,-1,0,1,3,4,2,4,0,1,3,0,3,1,0,2,2,1,1,3,-1,3,0,4,1,2,2,4,1,-1,5,2,4,0,-1,5,4,1,2,5,5,2,5,-1,5,5,5,0,1,3,-1,0,0,1,4,1,2,4,3,2,0,-1,3,3,0,5,-1,4,4
2077.41084442,0,-1,-1,0,-1,-1,-1,-1,1,5,2,-1,-1,-1,2,3,0,0,5,3,5,2,-1,3,3,1,2,3,1,1,2,5,1,5,4,0,3,-1,4,4,4,-1,-1,5,3,0,1,0,-1,1,2,1,2,-1,5,4,3,-1,3,4,2,0,1,1,4,2,2,2,2,0,4,-1,1,3,4,0,5,4,2,3,1,-1,5,3,4,5,-1,1,3,0
2118.32539233,3,-1,3,-1,4,3,5,2,2,-1,4,5,4,0,3,5,0,4,1,2,5,0,2,1,2,0,2,5,-1,1,3,3,0,-1,1,4,3,4,4,3,5,-1,-1,2,1,5,1,-1,3,1,5,-1,-1,-1,1,1,0,3,4,1,5,2,4,-1,0,2,5,0,1,0,3,2,-1,3,1,2,-1,3,-1,1,4,3,4,0,0,4,2,2,4,0
2088.13601717,5,4,0,0,0,3,1,4,5,0,-1,2,2,3,0,5,2,5,1,-1,2,0,5,1,-1,4,3,3,3,4,1,1,3,4,1,1,5,0,0,5,3,4,2,1,2,0,1,0,4,-1,3,2,1,2,5,4,5,4,2,-1,3,0,3,-1,-1,1,0,-1,1,-1,3,-1,3,5,-1,0,2,2,-1,2,2,5,4,-1,-1,5,4,1,2,3
2067.08290029,-1,-1,5,5,2,1,3,-1,0,0,2,3,0,-1,-1,4,3,5,2,5,1,3,3,0,4,0,2,4,1,2,4,1,5,-1,1,0,2,-1,3,-1,4,0,-1,2,4,3,-1,1,5,3,0,0,4,1,-1,4,2,3,0,3,1,1,4,-1,-1,1,1,5,3,4,5,3,2,1,5,0,4,1,-1,0,-1,5,4,-1,-1,4,5,-1,2,2
2067.48012891,2,2,1,3,3,4,-1,1,-1,3,-1,1,5,1,1,4,1,3,1,5,0,4,1,-1,0,-1,4,3,3,3,1,5,3,2,5,2,4,5,0,-1,-1,1,1,-1,0,0,2,2,2,4,5,5,5,5,3,-1,0,-1,3,4,5,1,1,-1,2,4,2,3,-1,4,0,-1,2,5,4,3,4,3,0,-1,0,0,0,-1,4,2,5,-1,2,-1
2131.23532249,-1,-1,0,4,1,5,1,2,2,1,-1,3,4,0,3,0,5,5,1,2,0,-1,-1,2,5,5,1,1,-1,1,2,2,1,0,-1,4,4,5,-1,4,3,2,4,1,1,5,2,-1,2,-1,3,3,2,5,-1,-1,1,-1,4,-1,4,3,3,5,-1,0,-1,3,3,3,0,-1,4,0,0,4,2,4,2,2,3,0,3,4,1,0,5,0,0,5
2187.44317229,3,2,4,-1,1,-1,0,5,3,1,2,-1,4,4,-1,2,0,3,0,5,4,1,0,1,2,5,5,0,0,0,1,1,5,1,-1,0,2,2,4,-1,5,3,0,5,5,3,3,2,2,3,0,5,-1,-1,5,3,4,2,3,4,4,4,0,5,4,-1,-1,3,1,1,0,2,3,4,4,1,2,3,5,-1,-1,1,3,0,-1,5,2,1,5,4
2012.06673635,4,-1,2,-1,5,-1,0,-1,3,0,-1,2,-1,4,3,4,4,4,-1,4,2,3,2,-1,5,5,1,5,2,5,3,0,-1,-1,1,2,3,0,4,1,5,1,-1,0,2,2,-1,-1,-1,3,1,4,-1,3,3,3,0,3,0,-1,0,2,-1,3,-1,5,3,4,-1,5,5,1,4,4,1,1,2,2,0,2,4,1,2,4,2,0,1,0,5,5
2091.71107476,3,-1,3,5,2,3,-1,5,5,5,2,4,0,1,-1,4,4,0,1,2,3,4,-1,1,0,4,3,-1,-1,0,4,-1,0,3,4,2,2,-1,5,5,4,0,4,0,5,3,2,2,-1,1,-1,2,1,3,0,1,-1,2,4,4,0,2,-1,4,2,1,-1,5,1,5,0,0,2,0,2,2,-1,3,0,3,1,3,3,3,1,3,1,-1,4,1
2024.18220928,2,-1,0,2,5,2,-1,3,-1,1,4,3,2,4,4,3,4,2,-1,3,4,2,2,3,4,-1,2,-1,-1,1,5,4,2,1,5,0,4,-1,3,5,2,1,3,-1,3,3,0,5,5,1,5,-1,-1,-1,2,1,5,-1,0,1,2,5,5,-1,4,1,3,3,0,3,0,-1,2,-1,-1,-1,5,3,0,3,4,1,-1,4,0,1,-1,1,0,0
2113.9558775,4,-1,1,0,2,4,1,5,5,0,5,3,3,4,-1,-1,0,0,-1,1,5,5,-1,4,3,4,5,4,2,1,1,4,4,1,2,2,4,0,-1,1,3,2,0,1,1,0,-1,4,-1,5,3,3,3,2,3,1,5,3,2,-1,1,2,0,0,4,5,3,4,0,5,5,-1,0,-1,2,2,-1,3,3,1,0,4,3,2,2,2,-1,5,1,3
2098.66257561,5,-1,1,2,0,4,4,1,-1,5,-1,0,2,0,2,5,1,0,2,0,1,2,5,3,4,5,2,0,-1,-1,-1,5,5,2,1,0,4,3,2,0,3,1,3,-1,4,2,0,0,3,1,5,4,3,-1,1,5,-1,1,2,4,3,0,2,4,-1,3,4,4,4,-1,5,1,2,0,-1,4,0,3,3,1,5,1,5,-1,4,3,-1,1,2,3
2002.73186377,4,-1,3,1,4,3,-1,4,-1,1,-1,2,0,0,2,1,5,4,-1,3,-1,2,3,3,5,0,2,-1,2,0,3,0,5,-1,2,-1,1,3,2,0,0,5,5,1,4,1,-1,5,1,5,-1,5,0,5,3,3,0,1,-1,3,5,1,2,3,2,2,5,1,1,4,-1,5,1,0,2,4,0,2,2,-1,4,0,1,0,4,3,-1,4,-1,-1
2068.07597184,-1,5,2,2,1,1,4,1,5,3,1,2,5,-1,0,1,3,3,5,3,0,0,2,3,-1,5,3,2,-1,-1,2,4,0,-1,4,0,1,1,-1,3,2,2,1,4,-1,0,-1,1,4,-1,4,4,5,3,5,-1,2,4,5,-1,-1,-1,0,5,4,0,0,4,3,1,2,4,3,5,3,3,-1,1,2,4,0,3,1,-1,0,1,4,1,2,0
2059.13832788,0,2,5,3,4,0,-1,2,-1,-1,3,-1,1,1,3,1,1,0,0,4,0,4,2,-1,3,0,3,2,1,-1,-1,1,0,0,0,3,1,3,-1,-1,3,2,4,1,-1,2,-1,-1,1,2,-1,5,2,-1,-1,3,3,4,0,4,1,2,3,4,0,1,4,5,-1,-1,1,0,2,2,-1,4,5,4,2,4,1,4,0,3,3,0,4,4,5,-1
2083.76650235,4,2,1,4,0,4,-1,0,5,-1,5,-1,3,5,-1,3,2,3,1,5,0,2,0,-1,-1,0,4,2,-1,1,3,-1,-1,0,-1,0,4,4,-1,3,2,1,3,1,0,1,5,2,1,5,2,-1,0,2,-1,2,1,5,3,1,1,5,1,3,0,0,2,5,0,-1,4,5,4,2,3,1,4,3,-1,2,1,3,5,-1,0,5,4,4,4,2
2176.32077092,-1,2,1,3,1,5,-1,5,0,0,1,4,-1,2,4,2,0,2,0,4,4,-1,5,0,2,-1,5,1,0,4,1,4,4,-1,3,4,0,0,3,4,2,4,-1,-1,0,-1,0,5,0,5,1,4,-1,-1,1,4,-1,3,1,-1,-1,3,1,3,5,3,3,2,5,3,3,2,1,0,-1,1,2,-1,3,0,-1,1,-1,4,5,1,3,5,2,5
2068.47320046,1,5,2,2,5,0,4,1,0,3,1,1,4,-1,3,3,4,1,3,-1,2,0,0,0,0,1,2,2,3,4,5,3,-1,4,2,3,0,1,0,3,2,0,2,5,0,-1,5,3,-1,5,5,4,1,-1,4,1,5,3,2,0,5,3,-1,3,1,-1,-1,1,3,-1,2,4,4,2,1,-1,-1,1,2,1,1,4,3,4,-1,-1,-1,-1,4,2
2037.48936806,-1,0,-1,5,4,-1,2,1,4,2,5,5,2,-1,3,0,-1,4,5,2,1,2,0,1,4,3,5,0,3,2,4,0,-1,3,5,4,5,0,0,4,1,1,-1,3,0,2,1,3,1,1,5,-1,0,3,5,0,2,1,5,5,3,0,3,-1,0,0,4,2,3,3,2,4,3,4,5,-1,-1,2,1,-1,5,-1,1,4,2,1,-1,3,-1,4
2094.88890372,1,4,4,2,-1,-1,0,0,2,1,5,-1,2,-1,2,5,-1,0,1,3,1,4,3,2,4,3,2,3,3,5,-1,5,4,-1,3,-1,3,1,-1,4,-1,4,5,3,1,1,-1,-1,0,-1,3,0,2,2,5,-1,3,0,2,1,2,2,0,-1,4,2,3,0,5,0,4,1,0,3,5,1,5,3,1,1,0,4,0,-1,4,3,4,1,2,-1
2155.46626834,4,2,5,3,1,0,-1,1,4,1,3,3,5,3,3,5,-1,1,4,3,5,2,1,1,-1,1,-1,4,0,4,5,0,-1,2,2,5,2,-1,1,-1,0,3,5,4,4,4,5,-1,2,5,2,-1,3,0,1,0,0,2,1,2,4,5,4,2,0,3,2,5,-1,1,3,5,2,-1,0,3,5,3,0,-1,0,4,0,0,1,0,4,1,4,3
2150.30229628,-1,1,1,2,4,1,3,1,3,2,5,4,3,2,4,5,-1,-1,1,0,5,2,5,1,0,3,2,5,-1,5,0,1,-1,3,1,4,4,2,0,5,4,4,-1,1,0,3,5,3,0,-1,-1,-1,1,1,4,3,5,-1,0,5,4,2,2,5,1,2,0,3,2,0,-1,3,0,4,-1,3,4,5,4,0,4,2,0,2,0,-1,1,3,5,3
2213.26303262,4,0,5,2,0,0,2,-1,2,3,2,2,4,1,1,1,5,0,4,5,3,-1,1,4,4,5,3,0,4,3,3,2,4,3,-1,1,-1,4,2,-1,0,-1,3,1,0,5,5,4,5,-1,1,0,3,3,0,0,-1,2,2,2,5,1,3,4,1,4,1,2,5,-1,3,-1,2,2,-1,1,1,0,4,3,4,3,1,-1,1,4,0,0,5,5
2073.43855821,4,1,2,0,-1,5,-1,4,1,2,4,5,0,2,5,0,2,3,3,1,1,3,4,0,-1,1,2,5,1,2,-1,-1,1,5,-1,-1,3,2,-1,3,1,1,0,4,0,0,2,1,5,4,5,-1,-1,5,5,3,4,-1,2,2,0,0,0,3,5,0,1,0,2,4,3,-1,5,3,4,4,4,3,2,2,0,1,-1,3,1,2,4,3,5,-1
2050.00206961,-1,2,4,5,3,4,3,3,-1,5,-1,3,4,-1,1,-1,4,-1,3,5,5,1,4,4,0,-1,2,-1,2,1,2,5,-1,4,5,-1,-1,3,-1,1,4,3,-1,0,0,-1,0,1,1,5,3,1,3,2,0,4,-1,0,0,0,0,1,2,2,0,3,3,5,4,-1,4,-1,2,2,4,-1,2,-1,0,2,-1,-1,-1,2,1,2,0,0,4,1
2023.18913772,1,2,0,4,3,1,-1,1,3,1,4,-1,0,4,2,5,1,4,5,0,1,3,1,3,4,4,5,2,0,-1,1,0,5,3,3,5,-1,-1,-1,-1,2,-1,0,4,0,1,3,0,5,1,-1,5,5,-1,3,0,-1,-1,-1,1,4,4,2,0,5,2,-1,4,3,4,-1,4,5,0,2,4,2,0,-1,5,0,-1,1,2,0,1,3,4,-1,2
2097.47088975,4,-1,0,3,2,0,-1,4,4,5,2,0,1,0,3,2,2,4,-1,3,0,0,1,4,3,3,4,2,5,3,5,3,4,3,0,4,1,2,3,-1,3,1,5,0,5,2,5,0,3,-1,5,1,1,2,-1,4,4,-1,0,4,1,4,2,5,1,0,2,2,3,2,-1,-1,1,3,4,2,4,-1,1,-1,0,0,-1,-1,1,0,5,-1,1,-1
2040.0713541,-1,4,4,-1,0,1,-1,5,5,1,1,-1,0,1,0,1,4,0,2,-1,3,5,3,3,5,3,0,4,0,0,4,4,-1,0,-1,3,-1,-1,5,3,0,4,5,5,3,5,5,-1,2,-1,1,2,1,2,2,0,3,2,4,4,-1,4,4,5,1,3,3,-1,1,2,2,0,3,4,-1,5,-1,5,-1,1,2,4,-1,2,-1,0,3,2,3,-1
2093.89583217,-1,3,2,-1,0,5,1,4,4,5,1,3,2,-1,2,5,0,4,4,0,5,0,0,3,1,0,4,5,3,3,4,2,0,4,4,3,1,0,-1,1,5,2,-1,-1,2,5,1,3,-1,0,-1,-1,0,1,0,4,3,4,5,3,-1,0,1,-1,3,-1,0,2,5,1,2,2,4,4,1,-1,5,1,1,1,0,2,5,1,5,4,2,3,2,-1
2135.60483732,4,-1,-1,4,-1,1,1,0,5,3,1,2,-1,1,4,-1,3,-1,1,5,-1,2,1,0,0,-1,2,-1,2,5,-1,2,5,2,-1,5,3,2,5,4,0,0,3,2,0,1,0,2,4,5,0,0,5,-1,3,1,1,2,0,5,0,-1,5,2,5,3,3,4,4,-1,4,0,3,4,1,2,4,1,5,4,1,1,2,5,4,3,3,4,3,0
2039.27689685,4,5,5,3,1,4,0,2,1,5,4,3,-1,-1,1,5,3,0,1,0,3,3,4,5,3,0,0,-1,0,0,-1,4,-1,1,5,-1,4,2,0,1,-1,4,-1,5,4,-1,2,1,-1,0,-1,1,0,4,5,3,2,2,2,-1,-1,0,-1,2,2,2,5,1,-1,3,2,3,1,4,0,3,-1,0,5,4,3,3,1,-1,3,2,3,4,2,1
2081.97897356,2,-1,3,2,2,0,0,-1,5,3,2,4,3,3,4,1,3,-1,2,1,-1,3,0,4,0,1,2,1,0,-1,4,3,-1,0,2,4,4,1,1,3,4,5,5,3,-1,3,1,0,2,-1,-1,5,5,5,4,0,3,0,3,4,-1,3,5,-1,2,1,2,5,5,2,5,0,-1,-1,1,1,1,4,0,5,5,0,0,3,1,2,4,4,1,2
2090.71800321,2,3,5,0,4,0,3,5,1,5,5,3,2,0,5,2,-1,0,2,4,2,-1,-1,3,-1,1,4,-1,1,3,0,3,5,4,3,2,0,5,1,5,2,4,-1,4,-1,-1,4,1,0,0,2,3,-1,-1,1,1,3,0,1,3,1,1,-1,0,-1,3,0,5,-1,4,1,4,4,0,-1,2,2,2,1,2,-1,4,-1,5,1,5,4,2,2,5
2063.5078427,2,3,1,4,4,-1,1,0,-1,1,0,2,2,3,0,1,4,-1,1,4,3,2,2,1,1,5,4,0,4,3,-1,1,1,-1,4,-1,2,-1,0,2,4,-1,-1,3,5,4,3,3,5,4,-1,0,5,3,5,-1,2,5,1,0,5,4,4,-1,4,3,2,3,5,5,3,0,5,1,2,0,1,5,3,5,3,5,0,2,-1,2,-1,5,2,-1
2185.25841488,5,0,4,3,4,5,4,3,-1,3,1,1,3,1,1,-1,2,2,3,2,0,-1,0,0,2,5,4,5,-1,-1,2,5,3,-1,2,-1,2,5,-1,4,0,4,2,0,5,0,1,5,5,4,-1,1,2,1,3,3,1,0,2,2,-1,2,0,4,1,3,3,4,1,3,4,1,2,0,1,5,0,5,1,0,5,0,-1,4,5,-1,3,-1,3,0
2110.97666285,3,-1,-1,0,3,5,4,1,-1,3,0,4,4,4,2,5,1,4,4,1,3,3,2,3,2,-1,0,3,1,-1,-1,2,2,5,1,0,2,0,0,0,-1,-1,4,0,2,4,4,3,5,5,3,-1,4,2,5,4,4,3,5,5,5,4,3,1,1,-1,2,2,1,1,-1,2,0,-1,1,-1,-1,2,-1,1,3,0,2,0,5,5,0,-1,1,1
2050.79652685,0,2,-1,3,4,3,0,-1,5,2,2,5,5,3,3,1,4,2,5,5,4,4,2,5,5,4,-1,0,1,-1,-1,5,1,0,4,-1,3,3,2,1,1,1,1,5,4,4,0,1,5,-1,3,-1,1,5,4,2,0,2,4,2,-1,1,0,0,-1,1,5,3,1,0,1,3,2,2,3,-1,4,4,-1,-1,3,0,3,1,-1,2,4,4,-1,3
2107.40160527,-1,4,4,-1,0,2,0,3,4,0,5,3,4,2,0,1,3,2,3,-1,5,4,4,-1,0,1,-1,0,1,-1,1,3,5,3,0,1,-1,4,-1,3,2,2,3,5,3,3,3,1,-1,-1,0,-1,5,2,5,0,-1,1,1,-1,1,5,1,-1,-1,0,4,3,1,1,-1,-1,2,5,4,2,2,0,0,3,4,4,2,1,4,0,-1,3,1,2
2009.0875217,3,0,3,0,0,4,-1,0,2,-1,-1,0,5,2,5,4,2,0,5,2,2,-1,2,-1,1,2,4,-1,4,-1,-1,0,2,4,3,2,-1,3,-1,2,1,5,3,-1,3,3,4,0,1,1,4,4,0,-1,3,1,4,1,4,3,5,1,3,-1,3,4,1,1,3,2,2,5,-1,5,3,5,2,4,2,4,1,5,0,0,0,5,5,5,1,5
2036.69491082,2,1,-1,0,0,4,0,3,2,2,-1,2,2,5,5,0,3,5,3,2,5,4,-1,-1,2,4,4,-1,1,0,2,1,0,5,2,5,-1,4,-1,0,1,3,-1,-1,-1,2,3,1,1,-1,-1,5,3,-1,4,4,1,-1,5,3,-1,2,-1,5,1,2,-1,4,-1,2,4,3,1,1,4,0,1,-1,1,0,5,0,0,0,4,4,3,3,4,-1
2047.81731219,0,2,1,1,2,3,5,0,2,-1,4,1,2,0,3,3,-1,2,1,5,4,-1,4,5,0,1,0,-1,0,2,-1,3,1,3,0,5,-1,-1,0,-1,5,0,1,4,1,2,0,4,-1,4,4,-1,3,3,5,4,1,2,5,3,4,3,1,4,5,-1,2,1,5,1,1,2,-1,0,0,3,3,4,3,5,2,1,3,5,4,2,-1,4,3,2
2067.08290029,-1,1,5,4,-1,3,2,-1,5,3,1,3,4,4,-1,4,2,2,5,-1,0,3,5,4,3,1,0,1,-1,1,0,1,0,-1,3,0,0,2,3,4,5,4,0,2,0,-1,-1,3,1,-1,3,5,1,0,4,0,1,-1,5,3,2,4,3,0,3,4,5,4,2,1,1,2,-1,0,3,-1,2,1,4,0,-1,5,-1,4,-1,3,2,-1,5,-1
2067.08290029,2,4,1,0,3,1,3,-1,0,3,-1,0,-1,-1,2,5,2,5,0,4,1,5,2,4,3,1,-1,5,3,5,3,0,-1,3,0,5,1,5,2,1,-1,1,4,2,4,-1,-1,3,5,4,0,2,0,1,-1,4,4,0,1,1,4,3,1,5,2,2,5,4,5,-1,4,3,-1,0,1,5,2,0,3,2,0,1,3,2,0,3,-1,3,-1,2
2102.63486182,1,-1,3,1,3,4,3,2,3,2,2,5,0,4,3,2,4,3,1,0,4,5,1,-1,3,2,1,2,3,3,0,-1,1,3,4,5,-1,4,0,4,2,-1,1,0,0,0,2,-1,5,-1,-1,2,4,-1,4,-1,1,4,3,-1,1,0,0,0,0,1,3,-1,4,2,4,0,5,5,-1,4,2,1,1,-1,0,2,2,-1,5,2,-1,1,-1,-1
2069.06904339,2,2,-1,4,5,-1,0,-1,2,4,5,1,0,1,4,4,4,2,0,0,1,2,3,4,-1,1,1,5,5,0,-1,5,-1,0,2,0,-1,3,3,-1,4,-1,-1,3,0,4,2,0,4,1,3,-1,2,2,0,3,5,2,5,5,4,-1,4,-1,1,1,-1,4,5,0,3,2,3,2,3,4,0,2,5,5,1,1,4,0,5,1,3,-1,1,5
2056.75495615,1,5,5,3,4,1,-1,-1,0,3,-1,2,2,-1,5,4,4,2,5,4,4,5,4,0,2,4,5,1,2,2,0,3,4,-1,-1,-1,5,2,0,3,1,0,0,0,3,1,5,4,4,4,3,-1,5,-1,5,1,1,4,0,1,2,5,3,-1,4,-1,1,5,3,2,2,3,0,3,-1,1,-1,2,4,3,1,2,2,1,3,2,3,1,0,1
2099.45703286,2,4,-1,0,4,2,0,1,-1,0,5,4,5,5,5,0,4,5,2,1,1,-1,5,0,5,2,2,1,3,3,0,5,1,5,1,2,-1,3,1,0,0,0,3,1,5,3,4,3,4,3,3,5,1,3,-1,1,-1,-1,-1,4,4,0,3,2,2,2,-1,0,4,4,1,2,-1,2,4,2,3,1,2,2,-1,5,3,1,-1,5,-1,4,0,1
2133.42007991,2,0,3,5,3,-1,5,0,3,4,5,0,0,1,-1,0,3,5,4,1,5,4,5,1,3,0,-1,1,2,3,0,3,0,2,5,1,4,0,-1,2,-1,3,5,1,4,-1,4,-1,1,2,-1,5,3,-1,-1,4,0,0,3,2,-1,5,4,4,2,3,1,0,2,1,1,2,2,4,5,2,1,2,-1,0,3,4,3,1,2,-1,4,1,-1,5
2040.86581134,5,2,1,-1,1,0,1,0,2,5,3,2,1,0,0,4,2,1,1,3,-1,0,0,-1,-1,4,2,5,5,0,2,3,4,-1,4,3,-1,3,-1,4,3,-1,0,-1,4,-1,2,-1,4,1,4,3,0,0,4,4,1,0,4,-1,2,2,-1,2,-1,2,3,-1,1,4,3,-1,3,1,3,0,0,4,-1,-1,3,-1,5,5,4,5,5,1,2,-1
2059.73417081,0,-1,4,-1,-1,1,5,0,5,2,1,2,2,0,5,1,3,2,-1,3,5,2,5,0,3,3,0,-1,-1,1,3,1,4,-1,2,-1,3,0,1,0,2,1,1,1,5,2,4,0,0,2,5,5,2,3,3,4,-1,-1,1,0,4,-1,4,4,-1,5,3,3,0,4,5,-1,3,4,3,2,-1,-1,1,4,1,3,1,2,2,4,0,4,4,5
2082.57481649,-1,-1,5,0,0,4,2,1,2,-1,4,5,3,1,2,2,3,-1,5,5,5,5,3,0,2,-1,2,1,-1,-1,2,3,2,1,2,-1,0,1,0,5,1,4,4,3,-1,5,4,4,5,1,4,0,4,5,4,1,-1,0,1,1,-1,3,4,0,-1,5,-1,4,0,-1,4,3,3,-1,3,2,4,4,0,5,1,1,2,0,0,-1,-1,3,3,2
2112.56557733,2,-1,5,5,0,5,0,-1,1,1,1,-1,-1,0,2,-1,0,5,2,0,1,4,5,2,0,0,-1,1,-1,4,5,3,3,3,5,-1,2,4,-1,1,2,0,4,4,3,2,3,-1,5,5,1,2,2,3,-1,1,4,0,2,4,5,3,4,-1,3,1,1,0,4,5,0,-1,5,4,3,2,3,1,2,2,0,4,4,0,3,2,3,4,3,1
2110.77804854,2,4,4,0,-1,1,3,0,1,0,2,0,2,4,2,-1,4,0,3,-1,2,-1,1,4,0,3,-1,-1,0,2,1,4,0,5,3,-1,1,-1,3,2,0,-1,1,1,0,3,1,1,5,1,2,5,2,1,0,-1,3,5,0,3,-1,3,3,-1,1,2,-1,2,5,4,3,-1,5,2,-1,-1,4,4,4,2,-1,0,3,4,5,4,-1,3,4,-1
2066.88428598,5,-1,5,1,0,0,5,-1,2,3,0,1,4,0,3,2,0,0,4,4,-1,4,2,0,0,-1,-1,3,2,4,4,-1,3,-1,5,-1,-1,1,0,1,3,5,2,2,-1,1,4,3,1,0,2,3,5,-1,-1,0,4,0,-1,2,3,3,1,5,4,3,-1,5,3,3,4,2,1,-1,2,4,-1,2,0,1,4,-1,3,1,4,2,-1,5,1,2
2146.33001007,0,-1,5,5,5,2,4,1,4,4,5,1,2,0,0,2,4,2,1,3,4,-1,4,5,3,1,3,0,3,1,2,1,0,4,5,1,4,0,2,4,0,-1,3,3,5,-1,-1,2,2,5,2,-1,0,3,1,4,1,0,2,0,-1,5,5,0,3,-1,-1,-1,3,0,1,3,3,5,-1,2,1,2,3,-1,0,0,-1,3,-1,3,2,1,4,-1
2138.58405197,5,5,2,-1,2,2,1,4,3,4,0,1,5,-1,0,1,5,0,1,-1,3,-1,0,4,1,3,0,3,0,4,2,3,4,2,1,5,5,4,4,5,-1,2,-1,5,0,2,3,1,-1,3,-1,4,2,3,0,0,4,3,2,-1,-1,0,3,1,1,2,3,2,1,1,5,5,5,3,0,0,5,0,4,3,1,4,2,3,-1,1,-1,-1,0,-1
2165.39698385,1,5,0,3,5,0,0,3,2,5,2,3,3,1,1,5,5,2,4,4,2,3,1,3,0,2,4,1,5,-1,5,0,2,1,5,-1,-1,-1,4,0,5,2,-1,0,5,3,0,2,4,3,0,2,5,3,2,4,1,-1,0,-1,1,0,1,0,3,4,3,1,2,2,-1,4,4,4,-1,4,4,1,0,4,1,-1,1,3,0,3,-1,-1,-1,5
2124.08520733,2,5,5,4,5,1,3,3,4,3,4,5,2,2,1,1,2,-1,3,2,2,0,2,1,4,4,3,4,-1,5,2,2,2,5,2,1,5,-1,4,2,3,1,0,3,4,5,-1,3,2,5,4,-1,0,0,3,0,4,4,-1,3,3,4,1,4,2,1,0,5,0,-1,-1,1,-1,-1,0,0,3,0,3,3,0,0,1,0,0,-1,5,-1,1,-1
2072.84271528,-1,5,3,0,4,0,-1,4,3,0,3,2,5,3,1,2,5,3,1,0,1,0,-1,-1,1,1,-1,1,2,0,2,2,1,-1,4,-1,0,-1,2,-1,3,5,0,1,5,1,4,5,-1,3,-1,4,2,-1,4,2,5,5,3,3,4,4,5,2,2,-1,1,2,-1,0,2,5,0,3,0,3,4,1,3,0,4,3,4,5,4,2,1,1,4,5
2176.51938523,1,0,2,3,-1,0,5,4,3,3,1,0,2,-1,4,2,1,3,0,0,4,2,-1,-1,5,4,0,-1,2,5,0,1,1,5,-1,2,4,5,4,-1,2,4,4,5,0,3,3,4,3,5,2,0,4,3,1,-1,3,2,3,4,0,3,-1,1,5,2,-1,2,1,2,0,0,-1,2,3,0,1,1,1,5,2,1,-1,4,5,-1,-1,5,5,1
2096.27920389,2,-1,2,-1,1,3,3,-1,-1,5,2,-1,4,3,2,2,-1,5,4,0,0,0,1,0,4,5,3,0,1,0,5,2,5,3,5,-1,0,2,5,1,2,-1,3,3,5,0,1,4,4,4,1,4,5,2,5,4,5,3,3,-1,-1,1,2,2,1,1,-1,-1,1,4,4,2,1,4,3,0,3,3,5,-1,0,4,0,1,1,5,-1,0,2,0
2105.61407647,1,5,-1,3,-1,3,-1,2,0,-1,0,-1,1,1,-1,5,4,4,4,3,2,2,-1,2,1,0,0,2,5,5,3,1,-1,2,-1,1,4,5,5,3,4,2,5,1,4,4,1,-1,-1,-1,2,1,5,0,-1,-1,3,5,3,4,2,4,3,3,1,0,4,2,4,4,1,0,0,0,4,1,4,-1,-1,3,3,0,2,2,5,0,-1,2,1,5
2111.37389147,5,2,4,-1,4,1,2,1,3,0,4,1,2,0,3,1,5,3,-1,-1,3,0,4,1,0,0,0,4,-1,0,2,5,1,-1,5,3,1,5,2,-1,2,1,2,2,0,0,0,0,2,5,3,-1,4,-1,-1,4,4,1,3,3,2,-1,3,5,5,1,-1,4,5,2,4,1,-1,3,0,3,-1,-1,0,4,2,4,3,3,4,5,1,3,0,-1
2166.98589834,3,4,-1,0,5,4,-1,1,1,2,2,0,3,2,-1,0,-1,3,5,1,-1,0,1,3,5,-1,2,4,0,0,1,-1,4,5,1,0,2,-1,5,0,4,3,4,2,1,3,-1,0,-1,2,0,5,4,4,2,-1,0,3,4,3,1,4,-1,3,2,4,3,1,5,5,1,0,5,-1,2,3,2,3,4,1,3,1,2,2,5,0,3,-1,1,5
2154.27458248,2,3,3,5,3,-1,-1,-1,4,4,4,-1,-1,-1,5,0,1,4,1,-1,0,-1,1,4,0,1,3,2,0,5,1,1,0,-1,-1,4,4,5,3,2,4,2,-1,1,3,0,0,2,4,3,1,2,3,5,2,2,5,5,0,4,3,4,2,5,2,1,4,1,1,0,3,3,5,1,5,2,0,-1,1,2,0,5,0,-1,-1,5,2,3,0,0
2060.13139943,4,2,4,4,3,1,5,2,-1,4,2,-1,4,-1,0,4,3,3,0,-1,-1,-1,-1,1,5,-1,4,5,3,2,0,3,0,1,0,0,-1,0,2,1,5,3,4,0,4,1,3,0,-1,0,4,-1,-1,0,-1,1,3,-1,3,1,1,-1,5,4,1,5,5,2,2,-1,5,2,1,3,5,5,3,3,2,1,5,2,0,1,-1,1,4,0,-1,5
2042.45472582,-1,5,2,2,-1,5,4,0,-1,3,4,-1,1,2,4,-1,0,2,2,3,5,4,0,3,3,5,0,-1,0,5,-1,1,0,-1,0,4,3,3,2,2,-1,-1,0,3,3,2,1,2,-1,5,1,4,0,4,1,0,-1,0,1,1,5,2,3,4,5,3,0,5,1,0,3,0,2,1,-1,4,5,2,3,-1,2,-1,1,1,-1,1,4,5,1,4
2096.08058958,5,2,0,1,5,1,5,3,-1,0,2,3,1,0,4,4,0,-1,0,3,5,-1,0,4,3,4,-1,4,1,4,4,2,0,5,-1,1,2,1,4,-1,0,3,1,5,3,2,-1,2,-1,-1,-1,-1,4,5,1,0,0,2,-1,0,1,3,4,3,-1,3,1,1,2,1,4,3,3,5,-1,1,1,-1,2,3,4,0,5,-1,-1,2,5,2,0,2
2111.37389147,0,-1,1,5,4,3,4,5,-1,2,5,5,5,5,2,-1,-1,4,-1,4,-1,3,-1,2,0,3,0,-1,-1,5,0,4,1,5,3,1,1,2,-1,2,4,1,0,1,2,5,1,3,0,-1,0,1,1,4,3,1,0,0,1,3,4,2,5,-1,-1,2,-1,0,4,5,3,2,3,3,1,0,1,0,3,3,2,3,2,2,5,0,4,5,3,2
2061.12447098,-1,-1,4,1,3,3,4,0,0,-1,2,2,3,0,5,4,2,2,5,1,2,1,-1,-1,-1,1,4,5,5,1,2,4,0,5,4,2,3,4,1,3,2,2,1,2,1,0,1,5,-1,0,4,2,2,4,3,5,-1,0,3,5,-1,0,-1,1,1,2,4,5,0,5,3,3,0,3,0,5,5,4,3,-1,0,-1,5,4,-1,1,0,4,3,1
2124.68105026,0,2,1,2,5,-1,-1,1,0,0,0,-1,3,4,5,4,-1,3,4,1,4,1,-1,4,3,2,-1,3,-1,2,1,5,1,-1,-1,1,3,2,0,1,-1,3,4,4,5,2,4,4,3,5,4,0,0,-1,1,5,2,-1,1,1,1,1,5,0,5,0,-1,4,3,3,2,4,-1,-1,0,4,5,3,-1,3,0,3,3,2,0,4,2,5,1,2
2062.91199977,2,1,-1,3,0,2,3,-1,5,-1,-1,0,1,4,4,0,0,4,5,4,3,2,3,-1,-1,2,2,3,2,4,-1,5,2,4,4,-1,2,5,2,0,-1,-1,0,0,3,4,2,0,5,3,4,0,4,1,5,-1,0,1,0,3,3,1,-1,5,1,3,3,-1,1,-1,5,1,1,2,2,4,5,0,-1,0,-1,2,3,5,4,4,1,1,1,3
2090.91661752,3,0,5,1,4,3,1,2,-1,5,1,3,2,-1,1,1,5,3,2,4,1,4,0,5,-1,5,0,-1,1,2,4,3,-1,1,4,5,4,-1,2,1,3,5,1,3,-1,3,4,3,0,-1,1,3,1,3,3,2,-1,4,-1,0,0,0,0,5,4,1,5,3,5,-1,0,4,2,0,0,2,2,5,0,-1,2,0,4,-1,5,3,5,-1,2,2
2057.74802771,0,-1,2,-1,0,5,3,3,1,-1,0,1,-1,-1,5,3,5,4,0,3,5,4,1,-1,4,4,0,-1,5,-1,0,4,2,1,3,4,2,-1,1,2,0,1,0,3,3,-1,5,0,-1,4,0,1,-1,-1,5,2,1,-1,4,-1,2,4,5,-1,1,2,2,3,3,2,3,-1,2,2,3,4,-1,3,-1,2,4,0,0,3,2,1,4,1,4,3
2128.25610784,3,0,2,3,2,5,3,3,-1,1,1,0,3,3,0,-1,4,2,-1,4,3,4,5,4,1,2,3,-1,2,-1,5,2,2,0,1,4,4,1,-1,2,5,2,4,1,2,5,5,4,5,5,-1,-1,3,0,1,1,0,4,3,1,0,0,5,-1,3,0,2,3,-1,2,-1,1,4,5,5,1,0,0,3,2,-1,4,4,1,4,5,-1,1,2,0
2065.09675718,5,-1,4,0,3,4,0,4,-1,5,3,3,0,-1,-1,5,1,2,3,-1,0,2,1,0,-1,4,4,3,3,0,0,5,1,4,1,3,4,4,0,5,3,3,2,5,-1,1,2,-1,4,2,-1,2,5,2,3,1,0,3,0,5,4,1,1,-1,4,0,2,2,2,-1,0,4,5,1,5,1,5,5,4,3,2,1,2,1,1,5,2,3,-1,5
2113.75726319,0,0,-1,4,0,3,-1,2,3,5,1,1,5,5,-1,1,3,-1,1,1,2,5,-1,-1,-1,5,0,0,4,3,2,4,1,1,2,5,1,-1,5,4,0,2,4,-1,3,4,1,3,3,0,3,-1,-1,4,4,2,4,-1,0,4,-1,1,2,0,2,2,2,0,5,2,2,3,3,0,5,1,4,1,0,5,3,5,4,4,-1,3,-1,1,0,3
2162.81499782,1,3,5,0,-1,2,2,0,1,0,3,-1,3,5,2,3,1,4,1,3,0,4,3,4,4,-1,5,4,-1,2,2,4,3,0,2,1,3,5,-1,-1,4,2,3,0,1,4,2,-1,5,-1,4,4,3,5,0,3,4,-1,0,3,-1,5,5,5,1,1,-1,-1,-1,2,5,-1,1,-1,1,1,1,5,1,0,3,2,-1,5,0,0,2,2,-1,0
2087.54017424,1,3,4,5,3,-1,3,-1,3,4,3,4,3,0,3,-1,-1,-1,1,2,0,0,5,0,-1,5,3,4,2,0,1,2,1,-1,2,5,0,4,2,1,1,5,1,-1,-1,-1,0,4,3,5,4,3,0,1,2,2,4,1,2,0,3,-1,2,2,0,-1,5,1,-1,-1,5,1,4,-1,2,4,4,3,4,5,1,2,1,1,5,0,-1,2,4,0
2095.48474665,0,1,4,5,0,5,1,0,2,0,4,4,4,3,5,4,-1,5,-1,3,0,-1,5,-1,5,5,0,3,3,3,0,-1,1,5,-1,2,2,3,2,2,4,2,0,-1,4,0,1,4,1,5,2,-1,3,1,1,-1,3,1,-1,4,0,5,4,1,1,2,2,0,4,3,2,0,3,-1,1,2,-1,4,-1,4,-1,5,4,1,0,5,3,-1,3,-1
2098.86118993,5,3,0,5,0,-1,-1,4,0,4,4,1,0,3,4,1,2,1,1,-1,4,1,5,0,5,5,0,2,1,2,0,-1,0,2,2,-1,1,0,1,3,4,0,1,1,1,-1,-1,5,-1,3,3,4,5,4,4,5,-1,3,1,3,2,1,2,2,3,5,5,5,-1,4,5,4,2,0,3,2,3,-1,3,5,-1,-1,1,3,-1,0,2,5,3,4
2046.22839771,5,2,1,-1,-1,3,1,4,5,3,1,4,-1,-1,1,-1,-1,3,4,-1,1,0,-1,1,2,4,1,3,1,5,5,1,2,2,4,2,0,5,4,3,3,0,0,-1,0,0,0,2,0,3,0,-1,2,2,-1,1,-1,2,4,-1,4,2,4,1,-1,2,1,3,5,3,0,0,5,2,-1,4,2,5,-1,2,4,4,1,4,5,5,-1,5,0,4
2050.00206961,3,5,3,0,-1,0,2,1,4,-1,-1,-1,1,2,1,2,5,2,0,5,4,1,0,-1,-1,0,4,1,1,3,-1,4,0,1,3,-1,0,-1,0,2,-1,-1,-1,0,4,2,2,-1,5,0,0,5,2,3,1,5,4,4,5,4,0,2,-1,4,2,4,5,2,0,3,3,-1,3,1,-1,-1,1,5,4,1,3,2,5,2,3,1,-1,2,3,4
2137.98820904,3,3,5,0,0,1,2,-1,-1,4,-1,5,5,0,-1,3,1,1,3,5,1,5,0,2,2,3,4,2,2,-1,4,0,1,5,4,1,1,-1,0,3,2,1,3,2,0,5,4,-1,0,0,5,-1,1,5,3,4,4,3,2,0,2,5,-1,2,3,4,4,3,5,0,3,5,0,4,3,-1,-1,1,1,-1,1,3,-1,1,2,4,5,-1,1,4
2129.05056508,-1,2,0,3,0,4,4,3,-1,4,-1,3,-1,1,4,4,1,1,1,2,0,-1,2,5,2,-1,5,1,1,4,4,-1,4,-1,1,3,0,-1,3,5,4,-1,-1,2,0,3,0,4,0,4,0,1,1,3,-1,0,3,-1,3,5,3,5,5,1,1,-1,-1,-1,5,0,1,0,0,4,3,1,4,3,2,-1,-1,2,-1,2,-1,-1,2,0,2,2
2127.85887922,1,0,2,2,3,-1,-1,3,0,-1,4,4,1,-1,0,-1,2,-1,2,0,3,-1,3,5,2,3,3,4,0,0,2,2,0,4,5,0,1,5,-1,1,-1,1,-1,1,-1,4,-1,3,5,3,5,5,-1,1,2,-1,3,-1,4,1,2,0,0,-1,2,4,5,0,2,-1,2,0,1,4,1,3,4,5,4,4,3,0,4,4,1,1,1,0,2,3
2157.84964007,1,0,4,4,0,2,-1,3,1,5,4,3,5,2,5,4,1,3,0,2,3,1,1,4,0,1,-1,2,0,4,-1,2,3,-1,-1,4,-1,5,3,-1,5,3,3,-1,1,4,1,4,0,2,2,0,-1,-1,4,1,3,4,-1,0,4,0,1,5,1,3,-1,3,5,1,0,5,5,0,0,4,3,4,-1,2,2,2,2,5,5,5,2,0,1,1
2121.90044991,5,2,-1,4,3,3,2,1,1,0,1,-1,5,-1,1,3,4,5,4,1,0,3,4,3,1,5,1,4,4,0,3,-1,3,-1,-1,0,5,4,0,5,5,5,2,0,3,-1,1,3,2,4,-1,5,2,4,2,2,2,0,-1,-1,1,4,4,1,0,4,3,0,1,5,2,-1,3,2,5,3,3,5,0,5,2,1,4,-1,-1,3,-1,-1,1,2
2072.04825804,4,2,0,-1,-1,0,3,5,5,5,0,3,3,-1,2,4,0,3,0,1,2,0,5,5,2,2,2,-1,5,2,2,1,0,-1,0,1,3,-1,1,1,-1,2,0,4,4,1,3,3,-1,1,-1,1,4,4,-1,2,0,-1,5,0,0,0,-1,5,4,3,5,2,1,3,3,3,4,-1,2,1,4,4,0,2,1,-1,2,-1,4,4,-1,1,3,-1
2064.30229994,3,1,0,2,0,3,3,0,-1,3,4,2,1,2,-1,-1,1,1,-1,0,1,3,-1,-1,5,0,-1,3,5,3,5,2,2,4,-1,4,4,5,5,4,4,5,-1,0,-1,0,2,4,-1,3,1,2,0,2,0,2,2,4,3,0,0,5,-1,-1,-1,4,5,1,-1,3,4,3,1,0,5,5,5,2,0,2,5,3,1,4,1,0,5,2,4,1
2108.59329113,0,3,5,-1,5,3,1,0,5,4,0,2,3,1,1,3,4,2,5,2,0,2,4,1,-1,0,2,4,-1,2,0,3,1,5,-1,4,-1,5,4,-1,3,-1,0,2,-1,1,-1,5,3,1,4,-1,0,0,3,3,4,4,-1,2,3,0,5,-1,1,2,1,0,2,-1,4,1,3,4,0,-1,0,1,2,2,-1,3,1,2,1,4,-1,5,2,0
2045.23532616,-1,3,1,5,-1,0,2,5,3,1,0,3,1,3,5,-1,4,0,-1,2,0,4,1,5,3,4,3,2,0,-1,4,4,1,2,0,-1,-1,5,-1,1,2,4,5,5,4,3,1,3,-1,1,5,0,1,0,2,0,3,4,3,2,-1,0,-1,-1,5,1,4,1,0,5,2,0,-1,4,0,2,1,5,3,3,3,4,4,4,-1,-1,4,5,1,2
2162.81499782,-1,2,4,1,3,2,0,1,-1,4,1,0,3,1,1,5,1,4,3,-1,1,2,1,1,5,0,2,1,1,0,5,4,-1,5,-1,5,0,4,-1,2,0,-1,-1,-1,2,-1,3,0,0,5,3,3,5,2,4,-1,0,0,4,3,5,1,4,0,3,2,2,0,2,5,4,-1,-1,4,2,3,2,2,3,4,5,3,1,5,3,0,-1,4,1,4
2037.68798237,0,1,4,1,0,4,2,4,-1,2,1,-1,3,5,5,0,3,3,2,4,3,3,5,1,3,2,0,4,1,3,2,3,1,5,2,-1,4,-1,-1,1,4,0,4,5,4,5,0,0,-1,-1,3,-1,3,-1,-1,5,4,5,1,-1,2,3,-1,-1,1,3,1,1,2,3,5,5,-1,-1,4,0,3,1,1,-1,2,5,0,0,0,1,4,2,1,0
2079.79421614,2,2,-1,4,1,4,4,3,2,0,-1,1,-1,2,5,3,5,-1,0,2,-1,-1,5,2,0,0,3,-1,3,4,1,4,2,5,0,4,0,4,2,3,-1,4,3,-1,0,4,2,-1,3,2,5,1,1,5,0,1,-1,4,-1,2,-1,4,2,0,1,3,0,5,0,3,1,1,-1,-1,5,1,1,3,3,-1,4,-1,5,1,3,0,0,-1,3,1
2135.40622301,0,1,2,1,3,3,5,3,3,1,1,3,3,0,1,2,0,-1,1,4,0,1,1,3,0,0,5,2,4,-1,-1,2,4,2,2,4,0,-1,5,-1,-1,2,5,4,3,5,0,2,4,5,0,4,4,2,3,0,2,2,1,3,0,1,-1,-1,5,-1,3,4,2,3,3,1,4,-1,0,4,5,4,-1,5,-1,-1,0,4,1,3,1,-1,4,5
2128.25610784,3,4,3,5,5,2,4,2,2,0,3,1,0,1,1,0,2,1,4,1,-1,-1,3,0,1,5,0,4,4,0,5,5,0,-1,3,5,1,1,-1,2,2,4,2,4,0,3,-1,2,5,1,0,2,-1,0,4,-1,3,2,-1,0,1,4,4,5,-1,3,-1,-1,-1,-1,1,3,5,3,2,0,-1,4,4,-1,2,2,1,-1,3,1,0,4,2,5
2084.36234528,4,2,0,5,5,1,3,0,5,3,3,5,1,4,1,1,-1,2,0,4,3,-1,0,4,2,2,3,2,5,4,4,1,3,-1,4,0,-1,0,4,-1,5,5,2,5,0,2,0,0,3,3,1,-1,3,4,0,2,-1,0,5,5,3,0,-1,2,-1,0,5,1,2,4,-1,2,-1,1,1,1,2,3,1,1,5,-1,0,-1,4,4,-1,1,3,-1
2146.925853,4,5,5,0,0,3,-1,5,-1,3,5,2,-1,2,0,-1,2,2,1,1,-1,5,-1,5,0,0,0,0,1,3,5,3,4,2,4,1,5,4,0,-1,1,-1,1,4,0,4,2,-1,4,3,3,1,3,4,5,3,0,5,-1,-1,3,1,4,0,3,-1,4,5,0,5,2,3,1,1,1,2,2,1,4,1,4,2,2,2,1,5,3,2,4,-1
2058.14525633,4,1,4,2,5,3,1,-1,5,2,3,4,2,3,4,5,5,0,-1,-1,5,0,0,3,4,0,-1,-1,5,1,4,2,0,1,-1,-1,0,-1,5,0,4,3,-1,3,1,1,1,4,3,5,1,0,4,2,-1,3,-1,4,0,-1,-1,2,-1,4,5,2,4,2,5,0,1,0,2,4,2,-1,0,-1,3,5,2,1,3,1,2,1,0,3,4,3
2057.74802771,0,5,2,2,4,2,-1,0,2,-1,-1,3,0,4,-1,3,5,4,4,3,2,2,0,-1,5,2,-1,-1,1,-1,-1,4,4,5,-1,1,3,1,1,-1,4,-1,-1,-1,1,3,0,4,5,5,3,4,5,1,3,1,-1,1,4,1,1,5,2,3,0,2,4,5,1,-1,3,1,2,3,4,5,3,2,4,0,0,0,0,2,-1,1,0,2,0,0
2087.34155993,5,5,1,4,5,1,-1,3,-1,0,2,5,2,4,5,3,5,0,5,2,-1,0,4,4,3,2,2,-1,3,0,1,2,1,1,5,5,4,0,2,3,1,3,1,3,3,0,3,3,5,-1,4,5,2,1,3,2,4,0,0,0,-1,1,1,4,3,-1,1,0,2,-1,3,0,2,0,0,-1,-1,3,3,4,0,4,2,-1,1,4,-1,2,1,4
2150.6995249,3,3,0,1,4,1,0,0,-1,-1,3,5,4,5,1,2,1,0,2,1,4,5,4,0,5,0,0,2,3,1,0,1,4,3,3,5,4,0,2,-1,3,1,3,2,-1,-1,3,1,5,0,5,-1,0,-1,5,3,3,2,1,3,2,1,1,2,-1,2,-1,4,5,1,5,4,4,4,2,1,5,5,0,2,0,4,2,-1,2,4,-1,1,-1,3
2126.66719336,3,0,3,2,5,-1,2,-1,3,1,0,-1,4,5,1,0,2,1,-1,3,1,2,3,0,4,3,2,4,1,3,2,-1,2,4,5,0,-1,2,0,2,4,5,0,4,4,1,3,0,0,-1,5,5,2,1,5,0,4,0,0,2,-1,2,2,5,1,3,5,4,1,0,-1,-1,4,-1,5,3,4,3,-1,1,-1,-1,1,3,4,-1,3,1,5,-1
2083.36927373,2,1,-1,0,4,2,4,2,-1,5,0,-1,4,0,0,0,4,-1,3,5,0,0,2,3,4,3,3,-1,-1,4,4,1,5,-1,0,5,1,5,5,2,2,5,-1,3,1,1,4,5,2,0,3,4,1,3,-1,4,1,3,3,2,5,5,2,-1,1,2,2,-1,3,5,3,0,2,2,4,4,0,1,1,0,1,5,2,3,0,4,-1,-1,-1,-1
2005.11523549,3,0,3,0,1,3,2,4,0,3,3,5,1,0,4,0,2,0,-1,-1,2,3,5,-1,3,5,1,4,-1,5,3,5,5,-1,4,2,5,0,3,3,2,2,1,2,5,-1,-1,2,-1,2,5,0,-1,-1,4,1,4,-1,-1,1,4,3,4,1,4,2,0,1,1,4,-1,3,-1,0,-1,3,4,-1,-1,0,5,2,3,4,4,2,-1,1,-1,-1
2078.40391597,2,4,1,-1,5,2,5,2,2,-1,4,1,3,0,0,2,1,-1,3,3,4,-1,0,5,1,4,-1,0,5,3,1,0,4,5,2,1,-1,1,-1,0,3,3,0,2,3,3,2,1,2,-1,2,-1,3,1,5,3,4,1,4,3,5,4,0,-1,0,-1,0,0,-1,4,4,0,-1,5,1,4,2,1,0,2,5,1,1,2,-1,-1,4,5,4,3
2148.31615317,3,2,1,-1,0,0,3,2,-1,-1,3,5,5,4,5,1,2,3,1,-1,2,1,0,2,1,3,-1,2,0,3,-1,1,4,4,4,1,0,4,-1,5,-1,0,1,1,1,2,3,4,5,0,3,5,5,2,4,5,5,3,4,1,3,4,5,0,4,2,2,5,-1,5,-1,4,1,4,5,2,0,2,1,4,0,3,0,1,-1,2,-1,3,0,-1
2170.56095592,0,4,3,3,3,0,4,4,5,1,5,0,3,3,-1,2,5,1,1,2,5,1,3,1,0,2,1,3,0,3,4,3,1,3,0,2,5,4,4,-1,-1,-1,5,-1,0,-1,5,0,-1,5,1,2,0,5,3,4,2,1,4,0,1,2,-1,0,-1,-1,0,4,0,1,2,2,5,4,1,3,0,-1,1,0,5,-1,2,5,2,4,4,1,-1,2
2020.01130876,0,4,4,1,2,5,5,-1,2,2,4,4,1,1,3,-1,5,-1,3,0,1,1,3,0,-1,-1,0,1,1,3,4,2,4,5,2,0,1,2,0,1,5,1,3,3,0,5,2,1,-1,-1,-1,3,-1,4,-1,2,3,-1,4,3,5,5,2,3,-1,2,2,5,0,2,3,0,-1,0,5,5,3,-1,1,2,0,-1,4,0,0,5,4,-1,4,-1
2080.19144476,3,-1,5,5,5,3,5,2,-1,-1,0,1,4,2,1,4,3,3,-1,5,3,-1,-1,1,1,5,2,3,0,0,4,5,4,4,1,2,1,4,4,5,2,0,4,1,0,2,4,0,1,-1,-1,5,-1,3,4,4,-1,1,1,2,0,1,3,-1,2,5,1,3,1,4,3,0,-1,-1,1,0,2,2,3,5,2,3,0,0,0,0,-1,2,5,3
2147.32308162,2,0,2,-1,4,-1,0,3,-1,5,2,-1,1,0,3,3,0,5,4,1,4,4,2,1,3,1,5,-1,4,1,4,5,1,3,2,1,5,3,5,3,5,2,-1,5,3,-1,1,4,3,4,0,-1,4,4,1,0,0,0,1,4,0,-1,0,1,0,2,2,2,3,-1,3,3,-1,5,2,2,4,4,3,1,-1,-1,4,5,0,1,-1,5,2,-1
2118.92123526,0,5,2,-1,5,1,1,1,1,4,1,2,2,0,1,2,1,5,2,2,-1,5,4,-1,0,2,5,-1,3,3,2,5,4,1,3,3,0,5,0,0,4,4,1,2,3,4,0,4,-1,3,0,5,3,3,-1,-1,1,4,1,4,0,-1,-1,4,2,-1,1,0,2,3,3,1,2,5,3,0,4,4,4,5,-1,-1,-1,5,0,5,0,-1,2,4
2114.55172043,5,-1,-1,2,5,3,4,1,4,-1,2,-1,-1,0,4,-1,1,5,1,5,2,4,2,5,3,4,1,1,5,5,1,4,1,2,1,4,3,2,3,-1,5,0,5,3,4,0,-1,0,4,5,0,0,2,4,0,1,0,3,5,4,1,-1,3,2,-1,-1,5,0,1,0,4,1,1,2,2,3,3,3,2,3,2,-1,2,0,3,5,-1,3,3,0
2128.05749353,5,2,-1,2,5,1,-1,-1,0,-1,3,5,0,-1,0,2,1,0,-1,0,2,5,-1,3,1,-1,0,0,3,1,0,-1,4,4,-1,4,-1,-1,3,-1,2,3,3,1,0,4,0,3,1,0,1,4,2,2,4,1,-1,5,3,1,5,1,4,4,4,3,0,4,5,1,2,3,2,4,-1,3,1,2,3,2,0,-1,4,5,3,4,1,1,5,2
2070.06211494,4,1,0,1,-1,5,0,3,3,3,-1,5,-1,0,1,1,3,3,2,1,-1,3,4,1,2,5,4,3,0,2,-1,4,4,1,0,-1,1,3,-1,3,0,5,5,2,2,0,5,3,5,4,4,3,0,1,5,5,3,2,4,5,5,2,-1,-1,0,0,2,4,0,5,2,-1,4,4,0,1,-1,1,2,1,5,2,4,-1,-1,4,4,0,-1,2
1952.8796719,1,-1,2,2,4,-1,-1,-1,4,3,-1,0,1,-1,-1,4,-1,0,2,0,2,-1,0,-1,3,-1,3,0,3,1,5,-1,0,0,-1,-1,4,4,5,3,0,3,-1,5,0,5,-1,1,5,4,1,5,0,4,1,0,3,2,5,-1,5,0,1,5,-1,-1,3,0,-1,1,2,2,3,4,4,3,2,1,3,4,2,0,4,5,2,0,2,4,3,3
1996.77343446,0,-1,3,2,4,-1,-1,2,2,-1,4,-1,0,2,4,4,-1,-1,0,5,2,3,2,-1,2,2,4,-1,3,1,2,5,0,5,0,3,4,3,5,0,1,1,0,3,5,2,4,1,5,-1,4,0,1,3,-1,-1,-1,4,1,0,4,2,-1,3,3,1,0,5,5,1,-1,2,0,0,-1,5,1,-1,5,3,1,3,4,-1,1,0,1,1,0,5
2129.4477937,4,1,-1,3,2,2,2,2,4,2,-1,3,4,5,-1,1,-1,3,2,-1,5,-1,1,4,-1,0,2,5,1,5,3,-1,4,0,5,0,2,-1,4,-1,2,3,5,1,3,5,1,2,0,4,-1,0,4,5,1,1,1,5,0,0,0,2,-1,4,3,4,2,-1,-1,-1,3,2,-1,4,5,1,0,0,3,3,1,5,1,0,1,1,3,0,3,0
2159.63716886,2,3,0,0,3,-1,5,-1,-1,3,0,0,5,1,5,4,-1,4,3,0,1,5,2,5,0,1,0,-1,2,1,1,5,2,4,0,4,4,0,4,4,5,-1,5,3,1,4,3,2,5,-1,3,0,4,4,1,5,1,1,-1,2,-1,2,3,3,1,2,2,3,2,0,2,4,1,3,3,4,0,2,0,2,-1,5,1,-1,1,2,3,-1,5,2
2142.55633818,4,5,-1,4,1,-1,-1,4,0,1,0,1,-1,4,1,2,5,0,2,4,3,1,2,0,0,-1,4,1,2,3,3,-1,3,3,2,3,-1,0,4,3,-1,3,-1,0,1,1,3,2,-1,1,5,5,5,5,3,3,4,1,-1,0,5,2,0,2,3,0,4,-1,5,3,4,1,0,4,-1,4,-1,4,5,-1,5,-1,1,0,5,4,0,2,1,2
2086.14987407,-1,-1,4,1,3,0,-1,4,0,2,0,2,2,3,1,0,0,4,2,2,4,0,1,-1,-1,3,0,3,2,1,2,-1,4,-1,-1,5,3,4,0,5,0,2,1,0,3,-1,2,4,-1,4,2,5,1,2,1,0,1,2,3,5,3,3,3,-1,0,5,-1,4,3,-1,-1,5,-1,1,4,4,0,1,3,5,4,2,0,5,1,4,5,-1,3,4
2052.18682702,-1,3,0,2,0,5,3,-1,1,4,-1,3,1,-1,-1,0,-1,1,4,5,0,3,4,4,1,-1,5,5,2,4,0,3,2,-1,0,2,0,2,5,2,-1,-1,1,-1,1,1,2,3,1,0,-1,-1,0,2,1,3,4,3,5,1,0,3,2,5,-1,4,2,1,1,0,3,4,3,4,1,5,-1,4,2,-1,3,2,3,5,2,0,2,0,-1,4
2143.54940973,0,-1,0,5,0,0,-1,5,5,2,1,3,2,3,1,-1,0,1,0,4,4,-1,-1,4,-1,5,0,4,5,5,4,-1,1,3,5,0,-1,3,2,4,1,2,2,2,2,4,1,2,-1,5,4,1,0,0,5,1,3,4,2,4,3,1,3,3,-1,1,-1,3,-1,1,-1,2,2,3,2,3,0,0,5,1,4,1,0,4,2,4,1,0,4,-1
2071.45241511,1,-1,-1,4,4,2,0,3,1,1,4,3,1,3,5,0,2,2,2,3,-1,1,4,2,3,4,0,-1,0,5,1,5,4,2,1,1,5,0,5,-1,0,5,0,2,3,-1,4,3,5,0,5,5,1,4,4,5,3,1,4,2,2,2,1,-1,0,-1,2,0,4,3,2,4,-1,-1,2,-1,4,0,0,3,0,-1,-1,-1,3,3,-1,1,5,1
2077.21223011,-1,5,0,2,3,3,2,1,1,5,2,4,2,3,4,4,3,3,3,2,-1,1,4,5,3,1,-1,2,5,2,2,5,0,1,5,1,-1,0,4,0,5,1,4,1,3,1,2,0,-1,5,2,0,4,-1,-1,-1,3,4,0,-1,-1,-1,0,5,5,5,1,4,2,4,-1,4,1,3,3,4,0,-1,1,0,-1,3,-1,4,0,4,0,-1,3,1
1999.55403481,-1,-1,0,3,2,5,4,1,5,5,3,2,0,4,5,5,4,1,-1,5,2,-1,0,4,2,2,3,0,1,0,-1,1,2,2,2,5,4,0,-1,5,4,0,0,2,3,4,5,1,-1,4,-1,5,-1,1,2,0,1,3,1,3,1,5,3,-1,1,0,4,2,-1,3,-1,-1,-1,4,-1,1,-1,3,4,3,2,3,4,1,5,1,4,0,3,2
2059.33694219,3,2,2,2,0,2,0,1,2,3,3,0,0,1,4,5,4,3,2,3,4,0,-1,5,3,5,4,1,-1,3,-1,3,5,-1,1,3,1,0,-1,0,4,2,2,4,0,-1,3,4,1,0,5,3,4,1,2,1,4,5,5,4,2,4,4,-1,-1,5,-1,4,1,-1,-1,-1,-1,-1,0,-1,0,-1,3,2,1,1,0,3,2,3,4,-1,4,0
2005.51246411,5,3,3,2,0,0,-1,4,5,3,5,0,-1,0,4,-1,-1,4,5,4,-1,0,4,5,2,4,0,1,1,-1,3,4,2,-1,1,3,1,-1,2,1,0,1,2,0,0,-1,3,3,-1,5,2,2,0,2,1,2,-1,5,-1,4,3,-1,3,-1,2,0,1,5,4,-1,-1,3,-1,-1,3,0,-1,2,5,1,3,1,5,3,-1,1,2,-1,5,0
2114.94894905,1,3,0,0,-1,2,0,2,4,1,-1,5,4,5,-1,2,3,1,-1,4,2,0,3,5,3,0,3,5,0,0,4,3,4,3,2,5,4,5,-1,1,1,2,5,2,2,-1,-1,-1,5,-1,2,1,4,2,5,2,-1,4,1,3,1,5,4,-1,4,3,5,0,0,4,3,4,1,3,0,4,2,2,5,3,-1,0,5,2,1,1,1,4,0,0
2019.01823721,2,4,1,4,0,1,3,0,3,2,3,-1,2,3,1,3,5,-1,5,0,3,-1,0,4,5,5,-1,-1,0,2,2,-1,-1,-1,0,2,2,4,0,3,1,5,3,2,1,4,2,0,1,-1,1,4,-1,4,5,1,5,3,3,-1,3,4,-1,4,1,1,0,1,3,4,0,-1,-1,5,5,2,0,5,-1,2,3,5,2,-1,2,-1,1,5,5,4
2154.07596817,1,2,2,1,2,5,4,-1,4,4,5,5,2,-1,2,0,-1,0,4,1,0,3,2,0,0,5,1,5,1,0,-1,5,0,1,4,1,0,-1,3,3,-1,4,5,4,0,-1,2,0,3,1,5,3,4,0,1,1,0,0,5,4,5,1,2,3,2,-1,1,-1,3,-1,2,4,2,1,4,5,5,2,0,4,3,3,3,4,-1,3,2,1,-1,-1
2112.96280595,4,4,2,2,4,3,3,-1,5,3,0,-1,-1,0,5,4,-1,5,4,2,4,5,5,2,1,3,4,3,-1,0,0,1,1,5,1,2,0,-1,4,-1,1,5,5,-1,5,3,2,5,4,-1,-1,2,3,0,2,3,-1,4,1,5,0,4,3,1,3,0,3,0,2,2,-1,2,1,1,5,0,3,0,-1,4,0,1,1,4,2,1,3,3,-1,-1
2154.47319679,0,4,0,0,-1,3,2,3,5,1,4,1,5,3,4,-1,3,0,5,2,4,2,0,3,1,0,0,2,1,2,1,-1,3,-1,2,2,-1,-1,3,1,-1,-1,4,4,2,5,-1,4,4,5,5,5,0,3,-1,0,1,1,4,4,1,5,2,3,2,3,0,1,0,1,1,0,5,5,4,2,2,1,0,2,5,0,-1,2,4,3,-1,-1,3,4
2041.66026858,0,2,-1,5,0,0,3,3,1,4,0,2,2,-1,4,4,4,-1,1,3,-1,5,0,4,-1,2,-1,4,3,5,-1,0,0,-1,-1,3,5,0,5,2,2,4,5,1,3,5,-1,5,2,4,0,3,5,3,-1,3,-1,1,4,5,5,-1,4,2,0,5,5,4,-1,4,2,3,2,1,2,3,1,1,0,3,1,-1,4,1,1,3,1,0,1,0
2219.61869055,-1,3,3,4,4,0,2,4,-1,2,-1,-1,3,4,0,2,-1,0,2,0,5,3,1,3,4,-1,3,-1,3,1,-1,3,4,2,1,0,0,-1,5,4,1,2,-1,0,2,5,5,5,1,2,0,3,5,3,5,-1,-1,0,2,1,0,1,0,0,3,4,1,5,5,1,2,3,4,4,-1,1,1,2,5,4,4,4,4,0,1,3,0,-1,1,2
2086.94433131,2,-1,2,4,2,3,0,-1,1,4,0,0,1,0,1,-1,4,4,0,5,5,5,-1,5,3,5,2,0,0,-1,2,5,4,3,1,3,2,3,4,5,3,4,3,-1,4,4,4,1,-1,2,-1,5,0,3,1,5,2,1,2,-1,4,0,5,3,3,-1,4,1,5,-1,1,3,2,1,0,0,-1,3,1,4,0,1,1,2,-1,3,1,0,2,-1
2098.06673268,-1,-1,2,-1,3,2,2,0,0,-1,1,5,3,3,4,5,-1,3,2,-1,2,3,0,4,0,-1,-1,1,-1,3,1,1,4,-1,2,-1,3,5,1,4,5,0,4,1,4,3,-1,5,-1,5,2,4,-1,2,0,5,5,2,0,1,3,4,3,0,0,-1,1,1,5,5,2,4,0,4,-1,-1,1,2,1,1,3,4,1,-1,2,4,3,1,0,4
2076.02054425,1,-1,1,4,-1,1,-1,0,4,2,4,-1,0,5,1,-1,3,-1,-1,1,4,4,1,-1,3,2,-1,2,0,-1,1,1,4,1,4,1,2,0,-1,0,1,0,5,3,2,3,0,4,5,2,2,2,0,0,2,2,4,1,3,5,0,5,4,3,3,4,0,4,2,-1,3,5,-1,-1,4,-1,1,-1,3,0,0,0,3,3,-1,-1,3,1,-1,2
2111.17527716,3,-1,2,0,-1,4,3,3,0,0,1,4,4,2,0,1,5,5,4,5,1,0,1,0,-1,1,3,3,3,4,0,0,3,5,1,-1,-1,5,2,1,4,2,4,1,5,5,0,1,-1,-1,3,4,4,-1,0,2,0,-1,1,5,-1,2,3,2,3,5,2,4,4,-1,5,2,-1,3,1,4,0,3,2,4,2,1,2,4,-1,0,3,1,3,-1
2164.4039123,2,1,0,5,1,-1,1,0,4,5,2,4,0,5,1,2,2,5,4,3,3,3,0,-1,-1,3,4,0,1,1,4,5,1,3,0,2,-1,-1,-1,0,3,-1,5,4,0,3,1,2,0,3,3,2,2,5,5,-1,4,2,4,5,3,2,1,-1,1,-1,3,3,0,2,2,3,5,1,-1,2,-1,0,4,3,0,0,1,1,1,4,4,-1,2,4
2091.31384614,2,4,-1,-1,3,-1,4,-1,-1,-1,0,1,2,1,5,3,1,2,-1,2,2,3,2,5,0,4,3,4,-1,5,3,-1,2,2,1,2,0,1,0,0,4,1,5,-1,5,5,3,4,5,4,4,3,1,3,3,1,0,-1,0,2,1,4,0,5,0,3,-1,1,3,0,5,5,1,4,2,5,0,1,2,2,3,-1,4,0,5,0,-1,4,-1,-1
2051.59098409,5,0,2,5,0,0,4,4,4,-1,4,5,-1,2,5,5,0,4,1,2,3,-1,5,0,3,5,1,2,3,3,3,0,1,5,1,0,5,0,1,0,-1,-1,2,4,2,4,1,4,3,1,-1,5,-1,4,2,-1,1,3,-1,5,-1,-1,2,3,1,4,2,4,4,-1,-1,3,3,-1,0,4,3,-1,3,2,1,1,-1,1,-1,3,0,2,2,-1
2082.57481649,1,-1,0,4,0,-1,4,-1,-1,-1,2,4,5,3,4,0,1,5,1,3,0,4,3,1,2,1,-1,1,5,-1,2,5,3,3,2,4,2,4,3,-1,-1,5,2,-1,2,0,-1,-1,3,5,0,5,1,2,-1,4,1,1,-1,1,0,5,2,3,5,2,-1,1,1,-1,-1,0,1,5,4,0,2,-1,2,3,-1,0,1,4,-1,3,5,0,5,0
2117.33232078,0,4,-1,2,4,4,4,-1,3,4,3,3,-1,2,4,1,0,5,3,-1,4,1,-1,2,0,-1,1,0,-1,0,3,3,5,0,1,1,1,4,2,-1,1,2,-1,0,1,1,5,2,1,-1,-1,3,0,-1,5,0,2,2,5,2,3,2,1,5,4,4,5,3,-1,-1,3,-1,3,-1,1,1,5,-1,0,0,3,0,0,-1,0,3,2,5,5,4
2161.82192627,-1,3,3,1,-1,5,-1,-1,2,0,0,0,3,3,4,1,0,3,0,1,0,5,4,0,2,2,4,4,5,2,4,1,-1,5,-1,2,5,1,4,4,0,1,0,-1,-1,-1,5,-1,5,4,1,2,-1,3,2,5,-1,0,0,2,2,4,2,5,0,5,2,4,2,4,1,1,3,-1,5,3,1,3,3,-1,1,0,2,5,0,1,3,3,4,1
1945.72955673,-1,3,4,0,5,4,-1,0,-1,2,-1,-1,4,-1,2,-1,2,-1,3,-1,1,2,-1,0,4,-1,0,5,-1,0,-1,3,-1,5,1,5,1,3,1,5,1,2,1,0,4,2,4,3,0,2,5,3,0,1,2,3,2,-1,1,5,5,3,1,3,-1,-1,-1,5,5,-1,4,0,-1,0,1,-1,4,2,1,5,0,0,3,3,5,2,0,1,2,1
2049.00899806,0,4,4,-1,3,2,-1,3,-1,4,4,2,1,5,1,4,0,5,-1,3,0,0,1,-1,3,1,3,-1,0,2,-1,4,3,-1,4,5,0,2,1,4,5,3,-1,5,3,-1,4,2,0,4,-1,3,5,-1,2,1,1,4,1,1,4,3,2,2,3,1,-1,2,0,5,2,1,-1,2,1,-1,3,2,4,5,-1,-1,1,0,0,2,2,3,0,0
2094.69028941,0,2,2,3,2,4,-1,3,-1,4,1,5,2,3,0,-1,1,4,1,4,2,3,4,-1,4,1,5,2,5,5,2,0,3,-1,3,-1,0,0,-1,0,4,1,3,0,5,0,-1,0,5,5,5,5,1,4,3,-1,3,1,0,2,-1,1,1,-1,1,5,1,2,-1,0,4,3,2,2,3,0,4,1,2,0,2,0,4,5,1,-1,4,-1,1,3
2027.36003824,1,1,0,2,3,-1,2,3,5,4,4,3,4,-1,-1,3,5,-1,-1,1,1,-1,0,-1,0,2,-1,-1,3,2,4,-1,2,0,2,-1,5,1,1,5,5,3,-1,5,4,5,4,-1,-1,2,0,4,1,4,5,3,-1,1,5,0,3,1,1,1,4,0,0,4,3,2,2,0,0,2,2,4,-1,1,1,0,5,-1,0,2,3,2,-1,3,3,4
2150.10368197,1,3,1,1,5,3,-1,3,-1,2,-1,-1,0,2,0,4,4,4,4,-1,3,3,0,3,1,1,5,2,0,-1,1,3,3,2,0,0,3,-1,5,0,-1,-1,3,-1,5,1,2,2,5,4,3,1,4,5,2,5,4,-1,2,2,-1,0,1,0,2,-1,1,5,0,0,-1,5,4,3,4,1,0,0,2,0,4,4,1,4,2,5,2,3,5,1
2092.505532,4,-1,4,3,4,4,2,1,0,3,2,2,0,2,-1,2,3,2,3,3,3,3,-1,2,-1,0,5,-1,-1,-1,2,1,4,1,1,0,-1,-1,4,0,2,5,5,1,1,-1,0,0,3,5,-1,1,0,1,1,0,5,4,-1,4,3,1,2,0,-1,3,4,0,-1,2,4,1,1,5,2,0,4,3,4,4,4,-1,1,-1,3,-1,-1,0,-1,0
2168.1775842,1,5,3,5,-1,3,0,3,3,0,-1,4,0,3,1,2,3,4,5,0,5,2,4,2,0,3,0,1,1,5,0,4,2,4,0,3,0,-1,1,4,4,5,-1,3,4,2,0,2,-1,1,1,-1,-1,1,1,5,0,-1,5,2,2,3,4,2,2,5,0,-1,-1,2,4,3,1,3,2,5,2,-1,-1,0,-1,3,1,5,-1,4,4,2,5,-1
2144.9397099,3,2,4,-1,2,0,4,-1,1,0,1,0,2,3,2,1,0,5,-1,1,2,3,4,0,-1,1,1,-1,4,-1,5,4,5,5,-1,3,5,5,4,1,5,2,1,5,-1,5,3,4,2,0,0,3,1,1,-1,-1,5,-1,3,4,0,1,2,-1,0,-1,4,4,2,0,3,2,2,3,-1,3,5,2,0,5,-1,2,0,4,4,3,4,0,1,0
2091.51246045,3,1,1,5,1,2,4,4,1,-1,-1,1,2,5,4,2,4,-1,3,2,2,4,2,4,2,-1,2,0,0,4,1,-1,1,4,0,4,5,-1,5,-1,0,2,1,1,0,4,3,5,0,1,0,3,5,5,-1,2,-1,3,-1,3,3,0,2,5,2,-1,2,3,3,1,-1,0,0,3,3,1,4,5,5,-1,0,0,4,2,-1,2,-1,3,3,-1
2086.54710269,1,0,4,4,2,0,0,2,-1,2,1,3,2,3,3,2,4,1,0,3,0,1,4,5,1,2,0,1,-1,4,-1,4,0,1,3,0,-1,2,2,0,3,2,4,3,-1,4,-1,5,5,5,5,1,4,5,-1,3,-1,-1,5,4,3,-1,3,4,5,-1,0,2,5,3,0,5,2,1,0,1,-1,2,3,4,1,5,-1,0,2,4,1,3,3,1
2057.5494134,1,4,2,5,5,-1,-1,3,4,3,0,0,-1,-1,0,4,-1,2,2,-1,2,3,1,2,2,4,4,-1,-1,0,3,4,4,-1,3,2,1,-1,1,0,3,2,5,4,2,1,3,4,1,-1,0,-1,5,5,0,1,-1,-1,1,3,1,5,1,2,4,0,3,2,5,0,-1,1,-1,5,-1,4,0,3,-1,3,3,1,5,1,3,3,-1,4,2,-1
2050.00206961,1,3,1,2,-1,5,3,5,-1,4,-1,5,1,2,-1,3,4,0,1,0,0,4,-1,0,5,0,4,-1,-1,1,4,1,3,-1,1,2,1,4,5,-1,2,1,4,4,4,5,-1,4,3,3,0,5,5,4,4,0,2,0,0,0,2,1,5,3,3,-1,3,3,-1,0,-1,0,-1,1,2,3,1,-1,0,2,2,4,-1,1,0,-1,2,5,3,2
2081.97897356,-1,0,2,4,2,4,1,5,0,-1,-1,1,4,3,-1,0,0,3,2,0,-1,2,0,5,5,1,4,4,2,3,1,4,2,3,2,5,-1,5,3,2,-1,5,0,3,2,4,2,0,4,4,-1,2,-1,1,5,-1,5,3,-1,0,-1,0,1,1,0,1,4,4,3,3,0,5,-1,4,-1,4,1,1,4,-1,3,5,2,0,2,0,1,3,-1,3
2184.86118626,0,3,5,2,-1,-1,2,3,1,3,4,1,3,3,5,-1,1,-1,1,3,1,-1,5,2,0,4,4,5,4,0,-1,4,1,0,5,1,0,4,2,4,0,-1,-1,1,0,-1,4,-1,5,1,1,5,-1,0,1,4,1,3,3,1,3,4,3,2,3,5,2,0,3,3,2,4,0,0,3,4,5,5,4,-1,5,0,2,0,2,-1,2,2,5,2
2011.86812204,-1,0,1,-1,5,4,0,1,-1,3,1,-1,0,4,4,3,5,5,2,4,2,0,1,2,5,1,-1,4,1,3,1,0,0,2,2,-1,5,1,3,-1,0,2,2,2,0,3,2,1,5,1,4,-1,-1,0,5,3,3,4,1,4,5,4,0,3,-1,2,4,-1,3,4,-1,3,3,0,-1,-1,-1,3,-1,0,0,5,4,-1,5,-1,2,5,-1,4
2103.62793337,4,4,0,4,5,-1,-1,1,2,-1,2,3,2,0,0,2,0,5,0,0,3,-1,1,4,0,4,3,3,1,2,-1,1,-1,1,0,1,2,4,-1,3,-1,4,1,3,-1,4,3,3,-1,3,2,5,4,1,2,-1,4,1,5,4,2,5,3,-1,-1,-1,2,-1,2,2,0,4,5,1,0,5,1,3,0,0,0,1,2,3,-1,5,3,0,1,3
2119.7156925,3,2,2,-1,0,0,3,2,-1,5,4,5,0,0,-1,1,3,2,3,-1,1,3,5,4,1,0,4,5,4,5,1,-1,-1,4,1,2,2,5,5,3,2,-1,4,0,4,4,-1,-1,2,3,0,2,-1,3,-1,-1,1,1,3,1,2,1,3,1,3,4,1,5,-1,0,1,-1,2,0,1,2,-1,4,1,3,4,5,5,4,0,0,0,5,3,4
2100.84733303,2,4,5,1,4,0,0,4,-1,0,2,1,5,4,3,-1,0,1,3,0,3,5,2,0,1,5,-1,5,3,3,1,5,2,1,5,3,-1,1,3,-1,4,5,2,-1,-1,1,3,4,-1,0,2,3,2,2,-1,1,-1,4,0,1,4,4,-1,-1,1,5,0,2,2,4,5,-1,0,2,2,1,-1,2,1,2,4,5,0,4,3,1,0,3,-1,4
2057.35079909,1,-1,3,-1,-1,3,5,5,2,4,4,4,0,2,1,3,5,2,4,3,-1,5,4,4,1,1,5,-1,4,2,1,1,1,1,2,5,0,5,3,4,2,0,1,-1,5,3,5,0,0,0,0,2,2,1,3,2,-1,2,0,0,3,4,0,-1,0,4,1,2,1,-1,2,-1,-1,0,3,-1,2,4,5,3,-1,5,1,-1,-1,4,0,3,4,5
2125.27689319,2,5,3,0,4,-1,2,1,3,4,-1,-1,5,4,0,-1,-1,-1,4,1,1,4,1,-1,2,0,1,1,3,-1,5,-1,3,5,1,-1,2,4,0,3,4,3,5,2,1,2,0,2,3,5,4,5,0,0,4,4,-1,0,0,2,0,4,1,0,0,5,-1,-1,2,1,2,3,-1,-1,1,3,2,2,2,4,3,0,5,2,3,1,1,5,3,4
2113.36003457,1,3,-1,4,1,-1,-1,3,-1,1,0,3,5,-1,5,-1,5,2,2,2,2,1,5,-1,2,1,0,3,5,4,2,-1,0,3,2,4,-1,2,4,4,2,4,5,1,0,3,0,0,0,3,4,5,-1,5,-1,3,1,1,0,0,4,5,1,-1,3,4,0,1,0,-1,4,1,2,5,-1,0,1,5,0,4,0,-1,3,5,2,3,1,4,5,1
2045.83116909,1,3,4,-1,5,0,5,-1,1,5,-1,2,4,4,1,5,5,-1,0,-1,5,3,2,0,3,0,4,5,-1,0,2,5,2,-1,2,0,5,1,3,5,3,-1,1,4,-1,0,4,-1,2,3,1,1,-1,0,5,1,0,1,2,0,-1,2,2,0,2,5,3,4,0,3,1,2,-1,-1,3,-1,2,-1,1,2,-1,-1,4,2,3,0,-1,4,3,3
2195.98358763,0,5,1,0,4,5,-1,-1,1,-1,4,1,2,5,-1,-1,0,1,2,1,3,4,5,0,4,2,1,5,3,2,2,2,3,4,-1,3,1,5,5,0,3,-1,2,0,4,-1,0,-1,1,1,0,3,0,3,2,4,4,0,2,1,3,-1,3,0,4,3,2,5,0,5,4,-1,1,3,-1,1,3,2,2,0,0,4,2,4,5,3,4,5,5,2
2110.18220561,2,3,3,4,0,0,0,1,2,1,0,5,1,4,2,-1,0,1,5,0,-1,5,-1,-1,5,2,0,3,0,3,0,4,-1,-1,1,5,3,-1,5,5,2,-1,1,-1,1,-1,3,3,0,-1,2,3,4,1,4,2,3,1,-1,-1,-1,0,4,2,2,1,1,4,2,4,5,1,4,4,4,5,4,3,2,5,-1,3,0,1,2,3,0,-1,2,5
2066.68567167,5,0,2,-1,4,2,1,-1,5,-1,4,3,-1,3,-1,1,4,3,4,-1,2,1,-1,0,0,-1,0,0,-1,5,-1,5,0,4,0,4,1,5,1,1,-1,4,1,1,-1,3,3,3,0,-1,4,-1,1,5,0,5,-1,-1,2,4,2,1,4,3,3,1,0,0,4,2,1,2,0,5,3,5,0,2,2,3,2,3,1,4,5,2,4,2,-1,2
2063.5078427,-1,-1,2,4,0,2,-1,-1,-1,1,0,1,4,2,5,4,5,5,2,1,2,-1,4,0,-1,1,5,3,3,0,5,2,-1,3,5,1,3,1,5,4,0,4,2,4,0,3,0,3,5,-1,2,1,4,5,-1,2,3,2,5,4,0,-1,0,5,2,2,5,-1,4,3,3,-1,1,1,1,3,0,4,4,0,-1,-1,4,-1,4,3,1,0,0,2
2093.69721786,3,-1,0,-1,2,1,5,5,3,3,0,5,2,0,-1,2,1,-1,2,3,0,0,4,-1,5,1,2,3,1,-1,-1,0,4,2,1,4,3,4,3,1,0,5,-1,5,0,5,5,5,5,1,3,1,3,0,2,0,4,4,1,2,4,1,-1,5,3,-1,2,1,3,0,1,0,4,3,4,-1,2,-1,4,2,2,1,0,-1,4,5,1,-1,5,4
2142.15910956,3,2,0,1,0,4,0,2,2,-1,1,3,4,-1,-1,0,3,2,-1,-1,1,3,5,3,1,2,5,4,2,5,0,-1,3,0,0,4,1,2,-1,4,0,-1,2,3,4,-1,0,4,-1,-1,1,1,2,4,5,-1,1,1,2,3,4,5,2,0,3,0,5,3,4,4,3,4,3,2,4,1,3,2,0,3,3,1,-1,5,5,-1,5,1,5,-1
2049.8034553,3,1,2,1,-1,2,4,0,0,-1,2,2,2,-1,4,-1,5,4,5,1,2,3,0,3,1,2,4,0,-1,-1,3,-1,-1,-1,2,-1,4,-1,1,0,4,5,3,1,5,3,0,-1,2,5,0,5,5,0,5,1,-1,1,-1,3,-1,4,1,4,1,0,1,3,2,4,5,1,2,2,5,5,0,4,4,2,-1,0,2,3,3,1,4,0,3,-1
2086.94433131,5,1,3,2,0,-1,3,2,0,2,-1,2,4,2,-1,0,-1,-1,-1,5,1,1,2,4,0,1,2,1,5,4,3,5,0,4,3,2,1,1,4,4,-1,4,1,3,1,5,3,3,3,0,5,-1,4,0,2,-1,5,4,0,-1,0,4,3,0,5,1,0,3,4,-1,2,-1,5,0,4,5,1,5,1,-1,2,-1,0,3,4,5,5,3,2,5
1996.17759153,-1,-1,5,-1,3,3,1,4,-1,2,0,0,3,4,5,3,2,3,-1,-1,2,4,2,1,4,0,2,0,-1,1,5,4,3,4,1,5,4,0,3,5,0,0,1,5,-1,4,1,3,3,2,3,2,0,4,1,-1,-1,4,2,4,-1,1,1,2,4,-1,5,2,1,3,2,3,-1,0,2,1,1,5,1,4,0,-1,5,-1,-1,5,3,0,5,-1
2043.24918306,0,-1,3,1,-1,-1,-1,1,-1,3,5,-1,0,1,-1,2,0,2,-1,4,4,4,5,4,2,2,4,4,3,5,3,3,0,0,0,1,1,0,-1,2,0,3,4,-1,5,2,1,-1,1,2,1,2,0,2,5,0,1,3,4,2,5,4,-1,4,3,5,2,2,1,4,0,5,3,1,4,3,5,5,3,-1,5,0,5,3,0,2,-1,5,-1,3
2007.29999291,4,3,-1,4,0,0,-1,3,5,4,0,-1,5,3,5,3,5,1,3,-1,-1,4,1,2,4,1,1,3,4,-1,2,1,-1,4,0,1,4,-1,5,2,4,5,1,2,1,4,-1,-1,0,4,2,2,5,-1,1,0,2,-1,-1,5,3,2,-1,-1,5,0,4,1,-1,2,1,2,3,5,-1,5,3,0,3,4,2,2,0,5,-1,-1,-1,3,0,1
2026.96280962,0,5,1,1,-1,2,5,-1,4,-1,0,5,1,2,1,3,0,2,2,5,3,-1,3,-1,1,2,5,1,5,0,4,4,4,0,0,4,2,-1,2,3,2,-1,3,-1,5,-1,0,3,0,1,4,5,2,4,2,1,5,2,4,-1,3,1,4,4,0,3,0,4,2,1,1,3,-1,3,0,0,2,3,1,-1,0,-1,3,-1,1,5,4,5,3,5
2204.12677435,0,3,2,2,4,4,-1,2,3,0,1,-1,5,0,3,2,1,0,-1,0,5,3,1,3,1,3,-1,-1,5,-1,1,3,1,2,1,-1,3,5,0,4,5,-1,-1,2,2,4,4,0,5,1,0,2,4,5,4,2,4,1,1,2,4,1,2,3,5,1,0,4,5,4,-1,-1,3,1,2,2,2,3,5,3,4,0,3,5,0,0,5,4,-1,0
2136.99513749,4,1,-1,-1,0,3,1,1,-1,3,2,2,3,0,5,3,4,4,5,2,3,2,1,4,4,0,2,0,5,3,5,2,5,5,0,1,-1,-1,0,2,0,5,4,5,5,3,3,2,0,4,2,-1,-1,4,3,3,3,-1,2,1,1,4,5,-1,-1,1,2,1,2,4,0,-1,5,2,0,0,2,-1,3,0,1,1,4,4,1,4,-1,3,5,5
2076.41777287,3,2,0,4,3,0,-1,1,-1,2,5,1,1,2,5,4,-1,3,-1,1,0,2,0,3,2,0,4,3,4,3,2,0,0,5,5,1,-1,5,2,2,0,-1,1,5,1,2,5,4,-1,0,-1,-1,-1,5,4,-1,1,0,3,4,1,3,2,-1,1,3,-1,0,0,5,5,2,3,4,1,4,4,1,0,3,-1,2,2,5,4,3,4,-1,-1,1
2055.56327029,5,3,4,2,-1,3,1,1,3,1,2,1,2,-1,1,-1,5,4,-1,-1,-1,0,2,0,4,2,2,4,4,-1,-1,1,4,0,-1,3,0,1,5,2,-1,5,2,-1,-1,4,1,2,5,3,-1,0,4,5,-1,-1,0,2,0,5,4,-1,4,0,3,4,5,2,3,5,1,-1,5,1,1,2,0,5,3,3,-1,1,4,0,2,3,2,1,-1,0
2159.04132593,1,-1,1,3,0,-1,4,5,2,0,4,-1,-1,1,3,0,0,5,-1,2,0,1,1,1,-1,4,4,0,2,5,4,3,4,-1,4,5,3,2,-1,0,-1,5,5,0,0,-1,0,3,1,2,4,3,3,2,4,4,2,0,5,1,5,-1,2,3,-1,5,-1,4,2,2,4,3,-1,0,3,5,1,2,0,0,1,0,-1,5,3,5,1,-1,3,1
2029.54479565,-1,5,-1,3,2,4,-1,2,5,5,0,3,-1,2,5,4,2,4,-1,3,2,5,0,3,0,0,1,1,3,4,4,-1,0,4,0,-1,5,1,3,3,3,1,1,-1,3,2,1,1,-1,1,1,3,0,-1,0,2,2,1,-1,-1,4,0,0,4,2,5,-1,-1,4,5,0,3,-1,3,0,1,5,3,3,1,-1,2,-1,5,4,2,1,0,-1,4
2098.86118993,2,2,2,0,2,3,1,-1,-1,0,-1,0,3,3,3,4,3,1,2,3,1,0,1,-1,1,1,4,1,2,3,-1,3,4,3,-1,2,1,4,2,0,1,0,5,2,5,-1,0,0,2,0,3,4,0,-1,3,-1,-1,4,2,1,4,0,4,4,4,-1,3,2,5,-1,2,-1,5,5,-1,5,4,1,0,4,-1,-1,5,-1,1,3,5,0,1,0
2028.15449548,5,5,1,2,5,2,4,5,5,4,-1,-1,-1,3,1,-1,0,1,3,0,4,4,5,0,2,4,3,-1,-1,1,3,4,2,2,3,-1,4,-1,1,3,0,0,4,-1,4,0,1,2,-1,-1,1,3,3,-1,4,3,0,0,3,0,3,0,5,3,2,5,1,-1,1,5,-1,2,5,2,0,4,-1,2,1,-1,4,4,-1,0,2,1,1,1,2,2
2070.06211494,1,5,4,3,1,1,5,2,2,4,-1,-1,3,4,3,-1,4,2,0,2,-1,0,3,5,5,4,-1,1,2,2,0,1,1,4,5,0,5,3,5,5,0,3,0,3,5,4,-1,-1,5,2,4,-1,1,-1,-1,-1,-1,1,-1,0,1,2,4,3,1,4,2,2,4,2,1,0,-1,1,1,3,2,4,0,2,3,2,-1,4,0,5,0,1,3,0
2062.51477115,3,2,3,5,-1,2,3,5,0,-1,1,-1,3,4,0,0,5,4,2,5,-1,5,1,3,1,2,-1,1,3,-1,0,-1,2,-1,0,4,-1,1,-1,2,0,5,1,1,4,2,0,0,-1,4,1,5,3,-1,4,-1,0,5,4,4,2,5,-1,3,3,1,-1,2,0,-1,5,1,4,3,0,2,1,0,0,4,3,2,1,5,4,1,-1,-1,3,4
2086.745717,4,-1,3,5,4,-1,4,4,4,1,5,-1,5,-1,2,3,4,3,0,2,1,-1,3,2,1,5,2,5,4,3,-1,0,-1,1,4,4,5,0,2,-1,-1,4,0,0,1,0,0,3,2,5,3,0,2,1,1,3,3,-1,4,1,-1,2,3,1,4,3,0,5,0,0,5,0,1,2,-1,5,-1,2,5,-1,1,5,1,1,5,4,-1,3,2,3
2116.33924923,0,0,1,1,5,2,2,3,1,1,2,-1,4,3,2,3,0,2,-1,5,1,0,5,2,4,0,5,1,-1,3,1,3,2,0,-1,1,1,4,4,2,3,-1,1,4,4,-1,5,0,4,-1,5,5,5,2,-1,2,1,3,0,-1,3,-1,4,-1,4,3,0,1,5,4,0,0,4,-1,5,2,5,0,4,2,3,3,2,2,5,3,-1,4,0,-1
2136.79652318,2,4,-1,0,5,0,-1,0,5,1,0,5,-1,3,3,2,1,-1,4,3,5,2,2,-1,4,1,3,3,2,4,1,1,4,2,1,1,2,0,0,1,-1,1,5,1,3,5,2,2,5,3,0,5,4,2,4,1,-1,2,4,3,0,0,0,5,1,1,3,0,0,-1,4,-1,3,0,-1,4,5,-1,-1,3,-1,-1,0,4,3,2,-1,4,3,2
2067.87735753,2,2,1,5,3,2,3,-1,5,-1,0,2,5,5,4,-1,4,4,3,1,1,-1,-1,2,1,3,2,0,5,0,0,-1,-1,4,-1,5,0,4,-1,1,2,0,3,3,0,4,1,0,4,3,2,5,1,1,4,1,4,1,4,0,5,2,-1,5,2,-1,-1,5,4,0,2,3,5,2,-1,-1,0,3,0,3,1,0,3,1,-1,-1,4,1,2,-1
2075.0274727,4,5,0,-1,3,0,2,1,5,4,3,4,1,2,2,-1,0,-1,-1,0,1,-1,0,4,4,3,-1,1,2,0,1,-1,3,4,-1,0,5,-1,2,3,2,4,2,2,1,3,2,3,5,0,-1,2,1,0,-1,2,0,1,5,4,4,4,-1,3,4,5,1,0,5,-1,-1,4,1,-1,5,3,-1,0,4,1,3,0,4,-1,1,-1,2,1,1,5
2115.34617767,5,3,2,2,5,1,0,0,-1,5,-1,0,1,1,4,3,1,5,2,0,5,-1,2,0,2,0,3,-1,2,2,1,3,1,1,4,4,2,4,1,1,-1,4,-1,-1,2,3,3,1,0,1,1,-1,-1,5,5,4,3,0,5,3,-1,0,4,-1,3,2,4,5,5,4,-1,2,3,-1,5,0,5,-1,4,0,4,4,0,1,0,3,0,4,3,3
2100.45010441,0,3,5,4,1,3,0,3,-1,1,3,5,4,3,4,5,4,0,4,5,3,0,2,-1,0,5,2,-1,-1,-1,3,1,4,5,-1,-1,1,1,-1,2,4,-1,5,4,0,1,-1,0,0,5,3,4,0,3,-1,-1,0,1,1,2,2,2,1,5,3,-1,-1,1,4,2,1,4,2,0,3,2,2,0,2,5,2,4,3,0,4,3,5,4,5,-1
2164.20529799,1,4,-1,2,0,5,1,3,4,0,1,4,2,1,1,4,1,3,0,-1,1,-1,0,2,1,5,5,2,1,3,5,-1,5,3,-1,4,-1,5,-1,-1,4,1,2,4,-1,-1,0,0,3,2,5,4,3,-1,0,0,-1,2,3,0,0,1,4,3,2,0,4,3,3,5,4,5,2,2,3,4,2,5,1,1,5,5,4,2,-1,-1,0,-1,2,3
2072.04825804,3,3,5,4,4,2,-1,2,4,-1,2,0,5,5,-1,2,4,5,5,1,5,3,-1,2,0,2,-1,0,4,4,0,3,2,1,1,5,1,3,3,2,-1,1,4,-1,-1,-1,3,4,-1,3,5,5,3,-1,4,1,0,1,0,-1,1,1,2,0,3,5,0,-1,2,-1,4,2,4,2,-1,0,2,2,3,3,1,0,2,1,0,0,-1,0,5,1
2131.23532249,4,3,4,1,1,1,4,4,3,5,2,5,4,0,-1,1,1,0,2,-1,5,4,-1,-1,3,2,-1,0,-1,5,3,1,5,2,2,4,2,0,4,1,3,3,-1,-1,4,1,2,0,5,3,5,0,0,4,1,-1,1,0,1,5,0,3,2,-1,3,0,3,-1,-1,2,4,5,0,-1,5,2,5,-1,1,0,2,1,2,3,3,0,2,1,-1,4
2127.4616506,-1,4,2,3,3,1,4,4,5,5,2,5,5,3,4,3,2,-1,1,3,2,0,5,-1,5,2,1,0,1,-1,3,4,5,5,0,-1,2,3,2,-1,-1,4,0,0,-1,1,0,2,0,-1,1,1,4,0,2,3,4,1,1,2,2,2,3,1,4,4,-1,-1,3,-1,-1,2,0,3,5,0,0,2,0,4,1,-1,3,1,-1,1,5,3,0,5
2153.48012524,1,-1,5,2,1,-1,1,1,0,-1,-1,3,0,5,2,2,4,1,5,4,2,5,3,0,2,5,2,5,5,3,1,-1,1,2,4,4,3,-1,3,-1,5,4,-1,1,1,4,5,4,0,4,3,0,1,2,-1,5,1,3,1,4,4,3,3,0,4,-1,3,3,4,-1,-1,-1,-1,2,0,3,0,-1,1,0,0,1,2,2,5,2,0,3,3,2
2092.505532,2,-1,4,5,2,4,5,2,4,0,0,2,0,4,3,2,0,0,4,2,1,2,4,0,4,-1,5,3,5,5,-1,4,0,3,1,5,4,3,-1,-1,1,2,5,2,2,2,1,-1,4,-1,3,1,1,0,5,5,4,3,-1,1,2,2,0,-1,-1,-1,3,0,1,-1,-1,3,5,3,1,-1,3,4,0,-1,3,3,3,1,1,2,0,5,1,0
2045.43394047,5,2,0,4,1,5,0,3,2,4,4,2,1,-1,3,-1,-1,5,3,3,5,1,5,-1,2,2,1,3,3,2,0,5,5,-1,2,-1,1,0,0,4,1,1,0,3,3,0,1,1,5,-1,0,1,5,3,0,4,5,3,3,2,4,1,-1,3,2,5,4,5,2,-1,2,-1,1,5,4,3,4,3,4,4,2,4,0,-1,0,-1,2,1,-1,-1
2079.19837321,-1,5,-1,4,0,5,3,1,2,5,2,1,-1,-1,2,3,1,4,-1,4,1,0,1,-1,3,5,4,-1,-1,-1,2,2,-1,4,2,-1,4,0,-1,4,4,-1,3,1,2,-1,4,0,2,0,-1,2,3,-1,1,3,0,2,3,1,3,4,2,0,5,5,5,0,3,-1,3,0,-1,-1,3,-1,1,1,1,3,0,0,2,3,1,2,0,4,4,4
2156.85656851,2,1,2,5,0,3,1,3,-1,0,2,3,-1,3,5,-1,2,2,3,-1,3,0,4,-1,0,4,3,-1,4,4,5,4,4,2,-1,4,5,1,0,4,3,1,2,5,4,0,1,3,1,5,1,4,0,-1,1,4,2,2,5,3,0,3,0,-1,3,2,-1,5,4,2,5,2,3,3,-1,0,1,2,4,0,1,0,4,0,5,1,-1,0,-1,5
1967.77574517,1,-1,2,3,4,1,0,5,-1,4,4,2,0,-1,0,1,3,2,2,2,0,5,1,3,3,5,1,2,4,5,4,-1,5,-1,3,-1,4,-1,2,1,1,-1,-1,4,-1,2,-1,4,1,3,0,2,1,2,3,-1,4,5,4,-1,0,3,1,-1,-1,4,-1,-1,1,-1,0,3,3,1,0,1,4,3,5,4,2,5,0,3,1,-1,-1,5,3,-1
2084.95818821,1,3,1,4,2,2,0,1,1,3,1,-1,1,4,2,5,-1,-1,4,0,1,0,-1,0,-1,1,1,5,5,2,4,2,2,3,2,0,5,4,3,5,3,3,5,4,3,2,1,2,-1,0,5,0,-1,0,2,3,3,0,5,2,2,4,4,-1,0,-1,1,3,-1,-1,-1,5,4,4,1,4,3,0,1,5,5,4,2,0,-1,-1,5,0,-1,1
2077.60945873,2,-1,0,-1,0,4,4,-1,3,-1,-1,0,-1,0,2,2,3,4,4,3,1,0,0,0,-1,4,-1,2,4,-1,2,5,4,3,1,0,2,1,5,0,3,-1,0,0,1,5,3,3,4,2,2,-1,2,0,3,4,1,-1,1,0,1,2,-1,1,-1,-1,-1,4,3,5,4,3,-1,3,2,3,-1,3,5,5,1,1,4,5,1,2,5,3,4,-1
2030.14063858,3,2,4,3,0,0,-1,4,5,2,-1,-1,3,4,3,4,5,2,1,5,4,0,0,3,-1,2,-1,1,4,-1,2,5,4,5,5,1,1,-1,3,2,2,-1,-1,-1,2,-1,3,-1,3,-1,0,5,4,-1,0,2,3,5,4,4,5,0,0,4,1,-1,5,3,2,4,-1,0,0,-1,0,2,-1,1,-1,0,4,2,-1,-1,-1,1,3,4,1,2
2072.64410097,-1,5,1,-1,0,1,4,-1,2,-1,4,3,5,5,-1,4,1,5,0,3,2,-1,0,0,1,-1,5,3,3,-1,-1,0,5,-1,4,2,0,3,5,5,0,2,1,1,0,1,2,2,-1,4,2,1,3,4,-1,2,-1,2,-1,2,-1,4,4,0,1,2,3,1,5,3,1,4,0,4,3,-1,4,0,3,3,4,4,0,0,5,1,2,3,3,3
2085.75264545,2,1,5,3,0,3,0,3,-1,0,0,3,3,3,5,-1,-1,2,1,0,2,1,3,4,1,1,0,0,0,-1,2,5,0,2,-1,3,1,4,-1,4,2,-1,4,4,-1,1,4,1,-1,1,-1,0,5,5,5,-1,5,2,3,2,5,1,3,4,3,-1,0,4,3,4,1,4,5,3,2,2,-1,2,0,-1,3,4,4,-1,-1,2,-1,5,0,2
2039.27689685,1,3,0,2,3,-1,3,5,5,-1,3,3,4,-1,2,4,4,1,3,3,0,1,2,0,-1,5,5,5,0,2,0,2,-1,2,1,4,-1,-1,4,2,5,4,4,2,5,1,1,3,-1,-1,1,2,2,1,4,-1,-1,2,2,3,5,5,1,0,-1,3,4,0,-1,0,1,5,1,-1,0,-1,4,3,-1,4,1,4,5,3,3,2,0,4,1,-1
2040.0713541,5,-1,2,1,-1,-1,-1,2,0,5,1,1,0,-1,1,-1,3,0,5,3,5,0,-1,4,4,1,0,-1,2,3,2,3,3,4,3,0,0,0,3,1,4,-1,2,2,5,-1,2,1,-1,4,5,5,4,1,4,5,5,3,1,2,4,2,4,-1,0,0,-1,1,2,5,3,2,5,3,1,1,4,3,5,4,1,2,5,4,4,0,1,-1,2,-1
2097.86811837,2,4,-1,-1,0,3,-1,0,3,2,-1,4,2,2,0,3,2,-1,5,4,1,3,3,5,1,-1,1,4,-1,5,0,4,0,-1,0,4,2,3,3,4,-1,2,0,4,-1,1,2,4,3,5,0,5,2,5,-1,2,1,-1,1,-1,-1,3,5,4,0,1,0,-1,1,2,3,5,4,-1,4,3,0,-1,0,1,1,1,-1,1,0,3,4,1,2,2
2014.84733669,4,3,0,2,2,1,-1,1,0,3,-1,5,4,5,4,3,4,4,4,-1,4,0,1,-1,-1,4,5,3,5,2,3,3,0,1,0,-1,-1,1,-1,0,0,5,1,0,-1,5,0,4,2,2,1,2,1,0,2,-1,4,0,5,-1,-1,5,2,3,3,-1,-1,2,5,4,2,-1,1,3,0,5,1,5,4,4,1,3,2,3,5,2,3,0,-1,4
2068.67181477,1,1,1,4,-1,5,4,0,3,-1,2,5,4,1,0,-1,4,2,1,0,0,-1,-1,5,5,5,5,-1,0,4,0,1,4,5,2,-1,4,-1,4,2,2,-1,0,-1,1,2,5,0,1,3,0,2,2,-1,-1,3,3,0,3,0,5,3,4,2,-1,0,3,2,0,3,3,1,-1,2,1,3,2,1,2,5,4,4,1,3,5,3,0,3,-1,4
2137.1937518,5,0,-1,2,-1,2,5,2,4,1,3,1,3,3,4,3,4,-1,1,2,5,2,0,2,4,2,-1,0,-1,2,-1,2,2,5,5,0,4,5,3,-1,-1,1,-1,1,0,1,4,0,3,-1,0,5,1,5,4,2,4,1,-1,3,3,1,0,2,0,0,1,3,4,2,3,-1,0,5,1,-1,4,-1,1,0,2,3,-1,5,-1,3,5,1,4,0
2072.04825804,5,2,5,3,3,4,0,2,0,5,0,1,0,5,-1,0,0,3,4,0,0,1,0,4,5,1,4,3,1,-1,2,1,2,4,3,-1,1,-1,-1,1,3,2,0,2,2,-1,1,0,-1,5,-1,4,2,1,2,4,-1,2,3,2,3,3,2,2,1,-1,4,-1,5,-1,-1,3,5,1,5,-1,0,-1,2,4,-1,4,1,-1,-1,1,-1,4,4,4
2081.38313062,1,1,0,0,5,-1,-1,-1,0,3,3,1,2,3,4,3,2,2,0,1,5,-1,-1,4,3,0,-1,-1,3,3,2,1,1,0,2,0,1,-1,-1,1,4,3,3,3,4,-1,4,0,5,-1,5,5,2,0,3,0,1,1,2,4,1,3,1,-1,0,2,3,2,4,5,-1,4,5,4,5,4,4,5,-1,2,2,2,4,5,1,4,4,2,-1,0
2097.27227544,4,5,4,2,3,1,4,1,-1,2,5,0,1,1,-1,-1,4,0,0,3,-1,0,-1,3,4,0,5,0,2,5,0,4,2,1,0,3,2,3,3,3,5,0,2,3,2,2,5,0,2,1,4,1,4,-1,3,-1,5,4,1,5,0,2,1,-1,2,2,4,5,1,-1,-1,3,1,5,0,5,0,3,5,4,4,-1,1,1,4,5,4,-1,2,5
2115.7434063,0,1,0,2,4,-1,1,2,3,2,4,5,2,4,5,4,2,4,5,-1,1,1,5,3,2,3,1,2,5,2,-1,0,0,5,3,4,3,2,4,0,-1,-1,1,3,3,4,0,-1,0,5,2,5,-1,5,4,-1,0,3,5,1,-1,1,1,0,0,-1,4,3,2,1,-1,4,-1,3,2,0,4,4,3,-1,2,0,3,-1,5,5,1,-1,1,1
2060.52862805,-1,5,4,0,0,3,1,0,3,5,-1,4,5,-1,0,-1,0,2,5,2,1,3,-1,4,3,4,2,-1,0,1,2,4,2,1,4,-1,-1,-1,-1,3,5,-1,4,4,-1,3,2,2,4,5,1,1,0,1,3,1,3,2,3,1,0,4,5,5,3,0,4,3,5,2,-1,0,2,1,-1,2,5,4,0,2,5,-1,1,3,-1,0,1,-1,3,5
2078.00668735,2,3,2,4,-1,3,-1,2,5,3,2,3,1,1,0,-1,3,3,2,5,3,0,4,4,-1,5,0,4,5,3,5,2,-1,0,-1,0,-1,1,4,-1,0,1,1,5,3,1,4,1,5,1,2,2,0,-1,1,4,5,-1,0,0,2,2,5,-1,-1,0,-1,3,-1,4,3,-1,-1,2,0,2,1,4,0,2,3,3,2,1,-1,0,5,0,4,4
2043.05056875,2,1,4,0,1,3,-1,5,-1,4,3,2,2,1,-1,1,1,5,0,-1,3,3,-1,0,0,-1,0,4,2,-1,-1,-1,0,3,-1,-1,4,2,1,4,-1,2,1,-1,1,0,-1,-1,5,2,4,5,1,2,1,0,0,4,2,1,1,5,1,2,0,3,4,3,3,0,5,3,4,3,5,3,-1,2,2,-1,-1,-1,4,3,5,5,5,0,4,0
2086.54710269,5,3,1,4,0,0,-1,2,-1,2,4,1,2,5,3,0,4,4,1,4,-1,1,-1,-1,4,3,0,2,4,3,3,-1,0,-1,0,5,-1,0,-1,2,2,3,1,4,0,5,5,5,4,0,5,5,-1,3,5,0,-1,0,2,3,4,4,2,0,3,3,2,1,4,5,3,-1,4,2,2,1,1,3,3,1,1,-1,2,0,2,5,4,2,1,1
2104.42239061,4,3,2,5,4,2,-1,2,2,0,1,5,2,5,0,-1,4,4,2,1,3,1,-1,0,5,3,0,2,3,1,5,2,0,1,4,3,2,2,0,3,-1,5,1,3,5,-1,0,3,3,5,3,0,5,4,-1,-1,5,4,1,4,4,-1,0,3,4,-1,4,0,2,-1,-1,0,-1,-1,2,-1,3,5,-1,1,1,0,4,3,4,1,1,1,4,1
2016.8334798,0,-1,2,5,0,2,0,3,4,-1,1,-1,1,5,4,1,3,4,3,5,2,1,0,0,3,-1,2,1,4,1,4,0,1,5,-1,4,3,1,1,0,4,3,5,4,5,3,3,3,4,2,3,-1,-1,0,1,5,2,5,-1,1,5,-1,3,-1,-1,4,-1,2,5,4,2,5,-1,3,1,2,4,-1,2,3,-1,5,0,1,0,0,5,-1,-1,-1
2106.2099194,-1,0,1,1,5,4,4,5,-1,0,2,2,-1,1,2,4,-1,-1,2,5,0,4,3,2,1,1,5,3,2,4,5,0,1,3,-1,-1,-1,0,3,1,1,5,-1,5,4,5,-1,3,0,5,3,-1,1,2,1,4,0,-1,2,3,-1,0,5,0,4,2,3,0,4,1,0,4,1,1,2,1,-1,5,-1,4,-1,3,4,2,0,4,5,3,3,3
2008.69029308,-1,0,5,3,0,3,5,-1,-1,5,1,3,1,1,1,1,2,4,3,3,2,5,-1,0,5,4,-1,4,1,4,0,3,2,0,4,-1,2,0,0,5,0,4,0,1,4,3,1,2,-1,-1,4,5,1,3,-1,-1,4,5,3,2,2,3,-1,2,-1,5,3,4,0,5,2,4,-1,0,5,1,5,1,4,3,4,5,-1,0,2,2,-1,3,-1,2
2138.98128059,-1,0,1,3,-1,4,3,4,4,3,2,-1,2,1,4,4,4,3,-1,0,4,0,2,3,0,-1,1,1,2,1,0,1,4,-1,5,4,3,3,1,-1,4,-1,-1,1,0,2,-1,3,-1,-1,2,2,0,2,5,5,2,4,2,-1,0,5,3,0,4,-1,0,0,3,3,-1,5,-1,4,4,1,1,3,1,1,0,1,0,4,2,-1,2,-1,0,-1
2078.9997589,0,3,4,4,2,1,-1,2,-1,5,2,3,3,1,3,0,0,4,0,5,4,0,-1,2,4,3,4,-1,5,2,2,3,4,3,4,-1,5,0,2,1,4,-1,1,5,1,0,-1,1,2,0,2,-1,3,4,0,1,5,1,2,3,1,2,4,4,5,1,0,5,0,-1,-1,5,5,-1,1,1,5,1,0,3,3,0,-1,-1,1,3,-1,3,2,5
2010.67643618,-1,3,5,-1,-1,4,-1,-1,-1,1,5,1,0,0,1,2,2,-1,-1,3,-1,0,3,1,2,4,-1,3,3,4,1,1,5,2,0,1,1,-1,0,3,-1,4,2,3,2,0,0,3,5,4,5,1,4,5,5,-1,2,5,5,4,3,0,4,2,4,5,1,4,1,5,2,-1,-1,0,2,3,0,1,5,4,2,3,4,2,4,4,5,3,3,-1
2083.17065942,-1,-1,1,3,0,0,3,1,5,3,2,3,1,0,3,1,3,-1,1,2,0,-1,3,-1,0,2,5,-1,5,-1,0,0,4,0,2,-1,5,5,1,1,3,1,5,0,-1,4,3,4,1,0,0,4,-1,2,4,2,2,-1,2,2,-1,0,3,-1,-1,-1,4,2,3,3,-1,3,-1,4,3,2,2,5,2,5,1,1,5,0,5,4,2,1,4,4
2194.99051608,1,0,3,4,4,4,4,4,1,2,-1,-1,1,-1,0,2,0,1,-1,1,1,-1,1,2,3,-1,2,2,2,0,1,1,0,4,-1,0,3,2,0,0,4,3,3,2,2,-1,5,3,3,1,1,4,0,-1,3,5,5,-1,0,3,2,-1,2,0,1,3,4,2,4,-1,5,5,5,-1,5,1,5,0,4,3,2,0,-1,5,5,4,2,4,5,-1
2016.43625118,3,4,1,5,-1,3,-1,4,5,-1,-1,2,4,0,3,5,1,3,5,1,4,-1,1,-1,3,0,5,2,1,-1,3,5,0,5,4,0,-1,-1,3,2,2,2,1,3,-1,1,1,4,0,2,4,4,4,0,4,-1,2,4,5,3,5,4,-1,-1,3,2,0,1,0,4,3,1,2,0,-1,-1,2,1,1,4,3,0,5,2,5,0,0,3,-1,1
2135.2076087,3,0,1,-1,4,1,4,4,-1,0,1,-1,1,2,4,3,3,0,1,0,5,1,-1,3,5,0,1,-1,-1,5,-1,4,1,5,3,2,-1,5,3,2,5,5,4,-1,5,2,2,-1,2,2,1,-1,4,3,1,5,0,3,3,3,4,4,5,3,0,2,-1,-1,5,2,5,2,0,-1,0,1,4,1,5,1,2,0,-1,4,-1,1,0,3,2,3
2150.89813921,3,2,-1,1,2,1,0,2,0,-1,4,2,0,1,2,1,4,1,3,-1,3,3,2,3,4,4,0,2,-1,-1,5,3,1,5,1,0,5,0,-1,-1,-1,2,-1,2,5,0,-1,4,0,-1,0,5,4,2,-1,-1,1,4,3,4,0,3,4,3,0,5,5,2,5,1,4,1,1,4,3,1,0,5,5,2,-1,4,5,5,-1,4,2,4,1,4
2114.75033474,-1,0,5,0,1,4,0,3,1,4,4,2,-1,-1,5,3,0,0,4,4,4,2,-1,2,1,0,-1,4,1,2,1,5,5,2,-1,3,3,5,5,-1,-1,3,2,0,0,0,1,-1,1,4,5,0,4,-1,2,-1,0,5,3,-1,4,5,2,3,2,1,-1,4,2,-1,4,2,3,1,4,-1,-1,2,1,4,0,-1,2,0,3,1,-1,1,1,5
2018.62100859,1,-1,-1,0,4,-1,5,0,3,5,1,-1,2,4,4,2,4,4,5,-1,0,2,1,0,3,0,2,-1,3,4,2,-1,1,3,-1,-1,1,0,5,1,2,3,4,5,3,1,0,4,3,-1,3,-1,0,1,0,-1,4,0,0,5,5,2,-1,0,-1,5,5,-1,4,0,3,2,2,-1,2,1,5,4,3,-1,0,5,4,3,3,-1,2,4,2,5
2069.66488632,-1,2,0,4,3,0,1,2,4,3,0,5,3,4,-1,5,0,3,2,-1,-1,3,2,2,1,1,-1,4,5,1,-1,4,4,-1,2,3,-1,-1,4,1,3,3,1,5,4,2,0,1,-1,0,5,0,0,3,5,2,-1,-1,4,-1,1,3,1,1,4,5,1,5,2,2,5,0,2,-1,4,3,5,1,0,3,1,5,2,4,0,3,0,2,0,5
2138.38543766,3,0,4,-1,1,4,0,1,3,5,3,2,1,1,-1,3,0,5,2,-1,-1,2,3,-1,0,0,5,0,2,5,1,4,4,4,3,-1,-1,5,4,3,4,3,5,5,1,4,0,3,-1,0,2,5,4,4,1,4,-1,0,0,0,5,2,-1,2,3,2,1,2,-1,-1,-1,3,-1,1,0,0,4,0,1,1,3,2,2,4,1,3,5,2,1,2
2110.18220561,-1,5,3,-1,5,3,-1,0,-1,-1,4,4,1,3,0,4,-1,0,4,2,1,2,2,2,-1,2,1,-1,2,1,5,0,-1,4,1,0,-1,5,0,1,0,2,-1,5,1,-1,0,0,3,0,4,5,4,2,5,3,1,1,0,4,1,0,5,4,5,2,1,2,-1,5,4,1,1,-1,3,1,0,3,5,5,4,2,4,0,5,-1,2,3,2,3
2169.36927006,0,3,-1,1,0,3,3,3,3,2,4,3,4,1,0,-1,2,0,-1,-1,0,5,1,4,5,1,1,2,1,-1,-1,3,-1,-1,-1,1,1,1,5,4,0,0,4,3,2,2,5,5,5,5,1,4,2,0,1,4,0,1,4,0,5,1,-1,2,3,3,-1,3,5,2,2,3,4,4,5,3,2,0,0,0,2,5,5,-1,2,0,5,4,4,4
2090.32077458,0,4,0,-1,3,5,-1,4,-1,2,1,4,1,5,5,4,5,0,1,5,1,4,0,5,3,4,5,-1,0,5,3,-1,2,-1,5,4,3,-1,5,2,2,1,1,3,1,3,1,5,4,0,5,1,2,-1,1,0,0,3,4,3,0,3,0,-1,5,-1,4,2,1,1,-1,0,4,0,2,2,-1,3,2,4,3,3,0,1,2,3,2,2,3,-1
2101.64179027,-1,1,3,4,1,0,5,4,0,4,1,3,5,2,5,2,3,5,0,0,4,1,-1,-1,2,0,5,-1,3,1,1,2,-1,-1,-1,0,-1,1,2,3,4,4,0,-1,2,5,3,3,3,5,3,-1,5,-1,1,2,1,2,5,3,1,1,0,4,2,0,0,3,5,-1,4,4,2,5,5,1,2,5,4,0,4,3,2,3,0,5,-1,2,-1,-1
2140.76880939,4,-1,2,1,2,-1,4,4,3,2,4,0,1,2,5,0,3,4,1,1,4,4,5,3,1,1,4,1,1,5,3,3,3,5,4,0,2,4,-1,3,4,5,3,4,-1,1,5,-1,0,-1,-1,-1,2,-1,0,5,-1,5,4,1,1,-1,0,2,1,0,0,0,2,5,1,3,0,3,2,5,-1,0,0,3,-1,-1,0,1,5,4,3,2,0,3
2114.75033474,3,1,0,3,-1,2,4,2,2,1,-1,5,0,3,5,4,3,1,5,1,1,-1,0,2,0,4,0,2,1,-1,5,4,4,5,3,4,2,5,2,-1,5,3,1,0,-1,4,4,4,0,4,1,5,4,-1,5,1,2,-1,2,1,1,-1,5,3,0,0,-1,-1,4,2,0,2,3,-1,0,5,-1,3,5,1,2,-1,3,0,4,1,-1,5,3,3
2063.70645701,0,-1,-1,1,3,-1,0,-1,1,5,5,0,5,0,5,0,3,1,2,5,5,0,2,4,0,2,3,5,4,2,-1,3,3,5,1,1,-1,1,3,-1,1,4,0,3,4,0,5,0,4,1,-1,2,4,1,2,0,4,-1,4,-1,-1,2,3,3,3,4,-1,1,2,2,4,0,2,2,5,5,2,3,3,-1,2,0,1,4,5,4,1,4,-1,3
2015.04595101,3,1,3,-1,-1,0,5,1,0,1,4,3,1,3,2,4,4,0,5,0,5,-1,2,5,5,2,-1,5,2,4,2,1,3,3,-1,5,1,4,1,5,2,4,0,3,3,2,-1,-1,-1,4,5,3,3,2,-1,5,-1,0,2,-1,5,3,4,1,0,1,2,2,3,0,2,4,-1,5,1,-1,0,2,-1,4,1,5,4,3,0,4,0,-1,2,1
2042.85195444,3,-1,4,4,4,3,4,5,3,0,5,2,4,-1,-1,5,-1,2,3,0,1,4,-1,-1,1,-1,-1,1,0,1,0,4,4,0,2,3,3,1,3,1,3,4,1,5,-1,3,1,2,-1,3,2,2,0,0,2,1,0,4,4,3,0,5,4,5,5,-1,0,4,1,0,-1,1,2,3,5,5,5,-1,2,4,2,5,3,5,-1,1,1,0,2,0
2073.83578684,3,-1,5,2,4,0,1,3,2,5,3,0,0,4,1,-1,3,-1,3,-1,4,1,5,-1,2,0,0,0,3,-1,1,1,-1,3,0,4,4,5,-1,0,2,4,-1,3,5,4,2,-1,2,5,3,1,5,4,-1,0,-1,5,2,0,2,1,1,-1,3,1,2,2,-1,2,4,5,0,-1,-1,4,1,-1,2,2,4,4,5,1,0,0,3,0,1,-1
2078.20530166,5,4,3,-1,-1,4,4,3,2,-1,3,2,5,0,3,1,1,-1,4,2,0,1,4,0,2,1,5,0,2,4,4,1,0,4,5,5,3,1,1,3,2,3,0,3,0,-1,2,0,5,-1,0,0,5,1,5,2,1,-1,-1,3,2,0,2,5,-1,2,5,-1,5,1,1,-1,4,4,4,2,2,5,1,-1,3,-1,-1,4,0,-1,0,2,3,3
2153.08289662,1,1,1,2,4,5,2,4,5,5,4,3,3,4,0,2,-1,3,3,5,-1,3,1,3,5,5,0,5,0,4,1,3,3,0,5,0,0,5,1,3,-1,0,-1,2,2,-1,2,5,4,1,3,1,3,4,2,2,0,1,4,2,2,0,0,-1,-1,2,4,2,2,1,-1,3,3,2,0,0,-1,3,0,4,1,-1,-1,-1,1,4,5,5,5,4
