$<obj,$x1,$x2,$x3,$x4,$x5,$x6,$x7,$x8,$x9,$x10,$x11,$x12,$x13,$x14,$x15,$x16,$x17,$x18,$x19,$x20,$x21,$x22,$x23,$x24,$x25,$x26,$x27,$x28,$x29,$x30,$x31,$x32,$x33,$x34,$x35,$x36,$x37,$x38,$x39,$x40,$x41,$x42,$x43,$x44,$x45,$x46,$x47,$x48,$x49,$x50
1096.99391377,4,2,5,-1,2,-1,3,5,5,3,2,1,4,5,0,1,2,2,4,1,3,0,2,0,2,5,4,1,-1,3,3,1,1,-1,0,5,-1,0,1,-1,-1,-1,4,3,3,0,5,0,2,4
992.475167898,3,2,-1,3,0,0,-1,-1,2,3,4,-1,3,1,0,5,-1,4,-1,5,-1,1,4,-1,-1,5,5,-1,0,-1,2,2,2,4,5,4,3,2,-1,-1,1,1,1,-1,3,4,5,0,1,4
1060.73687559,2,5,4,1,5,-1,-1,-1,2,1,-1,4,-1,-1,4,5,5,-1,1,0,-1,0,1,0,3,0,2,-1,3,3,1,-1,4,3,4,3,5,4,0,2,4,0,5,3,4,1,-1,2,3,2
1006.35131831,5,2,-1,2,1,4,1,3,3,0,3,2,5,0,5,1,2,5,-1,4,-1,0,4,-1,3,-1,-1,3,4,5,5,4,-1,-1,-1,1,0,-1,1,-1,-1,4,5,3,1,2,3,-1,-1,1
1105.94626888,5,2,4,2,5,2,4,5,1,5,-1,4,5,0,1,0,1,-1,0,4,3,3,3,-1,4,-1,3,0,2,1,2,1,0,-1,0,-1,0,3,2,0,3,-1,4,-1,-1,3,-1,-1,-1,1
1107.06531327,2,1,1,5,3,-1,-1,3,0,2,1,5,5,-1,3,5,1,-1,3,1,0,5,3,4,3,3,-1,2,2,2,0,0,-1,1,2,1,0,-1,3,4,-1,4,0,-1,-1,2,4,4,0,0
1142.53902038,5,3,5,3,4,4,2,-1,3,5,2,0,4,4,-1,0,0,-1,2,4,1,3,3,2,0,1,2,4,1,-1,2,0,3,-1,2,5,-1,1,-1,5,0,1,-1,1,3,3,0,1,4,0
1104.60341561,0,-1,-1,4,4,1,3,-1,4,0,5,2,3,4,1,-1,2,2,2,-1,0,3,3,-1,5,3,2,3,-1,5,2,5,5,3,-1,1,2,-1,2,1,4,1,0,1,-1,-1,0,0,5,0
1093.07725841,2,3,-1,4,-1,3,4,4,4,-1,-1,1,0,1,3,0,-1,0,3,1,3,5,2,0,5,-1,2,5,0,2,4,-1,3,5,5,4,0,-1,5,5,1,2,1,4,1,3,2,-1,-1,1
1124.7462146,1,2,-1,3,-1,4,2,5,5,1,4,0,-1,-1,1,-1,-1,0,2,4,4,4,-1,3,3,0,0,2,0,1,4,5,2,-1,5,0,3,1,0,1,-1,5,-1,-1,2,2,3,3,2,-1
1089.60822081,2,3,4,-1,-1,4,3,0,-1,4,-1,-1,1,3,0,2,3,1,2,1,0,-1,2,3,3,-1,5,1,5,-1,0,2,0,0,4,5,1,-1,3,1,-1,4,4,5,-1,3,-1,1,0,2
1096.2105827,-1,0,2,3,2,-1,4,-1,3,-1,4,-1,5,1,5,1,-1,5,0,2,0,5,0,4,3,-1,4,3,0,2,1,0,1,1,2,0,-1,4,5,-1,4,1,-1,5,3,0,3,2,3,4
1090.83916963,4,4,-1,1,1,5,2,4,3,3,4,4,3,1,3,3,0,-1,4,0,1,-1,0,2,3,4,5,2,-1,5,-1,2,5,0,-1,4,1,-1,-1,1,0,-1,1,-1,2,5,-1,0,2,2
1091.73440515,-1,5,-1,-1,3,1,4,0,3,-1,0,1,2,-1,4,1,4,5,0,3,5,2,2,1,-1,3,4,-1,0,4,2,5,4,1,1,2,2,5,-1,-1,5,4,-1,3,5,0,1,0,0,2
1118.81527934,-1,2,4,5,-1,-1,1,4,-1,5,4,1,0,0,5,-1,-1,3,2,4,0,3,-1,1,0,2,0,2,2,5,4,4,2,1,3,1,5,2,-1,3,-1,3,4,1,0,3,0,5,1,2
1127.20811226,1,0,4,1,2,4,4,2,2,2,3,2,-1,5,1,5,1,-1,2,-1,1,3,3,-1,4,3,3,3,4,3,0,2,-1,5,5,-1,4,0,-1,5,1,1,2,-1,-1,0,5,0,1,0
1071.81541503,0,5,-1,-1,-1,0,1,-1,5,3,3,4,2,0,1,4,5,4,1,0,0,4,2,4,2,4,2,3,1,-1,2,2,-1,3,3,-1,1,-1,2,5,5,5,0,4,-1,1,0,3,5,-1
1109.41530648,4,4,-1,3,1,-1,1,-1,0,5,-1,4,-1,1,3,4,0,1,3,3,3,5,-1,2,0,0,5,0,2,-1,5,2,1,0,2,3,0,3,5,-1,2,4,3,1,0,2,4,2,-1,4
1105.49865112,2,-1,0,1,0,0,4,1,1,3,5,5,5,0,4,2,1,3,2,2,3,-1,4,-1,2,3,-1,0,0,5,-1,5,3,5,0,1,-1,2,2,1,-1,1,-1,4,-1,5,4,4,-1,3
1098.78438479,3,4,0,3,2,4,-1,1,3,-1,1,3,-1,4,4,5,2,5,0,1,4,1,2,-1,5,0,0,-1,0,2,5,4,3,2,2,5,0,-1,-1,3,-1,1,1,0,5,4,3,2,4,-1
1091.95821402,2,-1,3,0,0,3,5,5,3,-1,5,-1,4,5,1,1,3,3,-1,0,2,3,2,-1,4,2,5,1,0,4,5,1,4,1,1,4,-1,-1,4,0,1,3,2,2,4,2,0,1,5,-1
1101.91770908,-1,2,5,1,-1,1,5,4,-1,2,3,2,4,1,3,3,-1,2,2,3,4,5,-1,1,1,0,2,3,3,4,0,0,0,0,0,1,-1,1,5,3,5,-1,2,4,2,4,0,4,-1,-1
1063.19877324,-1,5,-1,-1,-1,3,1,4,1,3,4,5,2,2,0,2,0,-1,5,-1,-1,0,-1,4,1,1,0,-1,3,3,1,5,3,5,0,5,5,5,-1,0,3,1,3,4,-1,2,2,4,1,0
1067.33923748,0,-1,-1,-1,2,1,5,4,3,5,1,0,3,3,-1,0,4,0,4,1,4,2,3,-1,-1,0,-1,3,5,2,4,2,5,0,-1,2,3,1,0,-1,-1,4,2,4,5,1,1,-1,4,2
1083.56538111,5,-1,3,5,-1,4,-1,3,-1,-1,2,3,5,0,1,0,1,2,5,0,2,5,5,-1,0,1,0,2,4,3,-1,4,2,-1,3,5,3,2,4,3,0,2,0,1,0,1,-1,1,4,4
1100.91056913,-1,1,0,4,0,2,0,-1,3,4,3,0,2,0,2,5,4,-1,1,1,1,-1,4,2,5,0,5,4,5,-1,0,-1,-1,-1,-1,3,5,1,3,2,2,5,4,4,1,1,-1,4,3,2
1045.96548966,4,-1,2,5,1,3,-1,1,4,0,3,1,2,-1,4,3,-1,4,1,-1,4,-1,0,0,5,2,-1,3,4,2,1,1,3,2,1,3,-1,-1,5,-1,3,-1,2,-1,5,5,4,1,2,0
1131.46048093,-1,4,3,1,-1,2,1,5,4,3,-1,1,2,1,3,3,3,4,1,-1,0,-1,-1,0,5,0,0,2,0,-1,2,5,4,-1,-1,2,0,1,4,5,0,3,4,1,5,-1,2,5,2,-1
1085.02013882,2,-1,2,4,4,-1,-1,0,-1,5,3,0,5,3,-1,1,0,-1,-1,-1,1,-1,2,2,-1,4,4,1,-1,0,5,0,3,3,4,2,5,-1,2,3,3,3,1,0,5,5,1,0,1,1
1101.58199576,5,2,4,4,1,3,-1,0,2,4,1,4,-1,3,0,-1,1,5,0,3,2,-1,1,-1,1,1,3,5,-1,4,-1,0,1,2,4,1,-1,-1,5,0,2,-1,5,5,-1,0,3,3,0,0
1108.07245322,0,3,1,0,-1,5,1,2,2,2,-1,3,-1,-1,3,1,4,4,-1,2,4,4,0,3,5,2,-1,2,5,3,1,3,0,-1,1,2,4,1,0,3,0,4,5,5,1,5,0,4,-1,-1
1099.90342918,0,4,1,3,-1,-1,-1,2,4,4,3,2,4,3,5,0,5,3,-1,4,3,3,2,5,2,-1,0,1,1,-1,5,1,1,0,2,4,3,-1,2,1,0,1,-1,-1,0,5,2,-1,2,4
1050.66547609,2,-1,3,4,4,5,4,2,2,2,0,1,3,0,2,4,4,-1,5,1,-1,-1,2,-1,0,5,-1,4,-1,-1,3,-1,3,0,5,4,1,2,1,1,0,0,5,3,3,-1,5,5,0,3
1065.43686202,0,3,4,3,1,-1,5,2,5,2,4,2,-1,-1,1,4,-1,0,-1,3,1,5,-1,4,0,2,-1,2,-1,-1,2,-1,2,3,3,-1,1,5,4,0,4,0,2,1,5,0,3,-1,0,1
1095.98677382,2,-1,1,-1,3,0,-1,2,4,0,0,-1,3,2,-1,0,4,3,2,1,-1,5,2,2,4,1,-1,4,1,5,4,-1,0,5,3,5,1,4,3,1,2,3,5,-1,0,5,5,2,0,4
1073.71779049,5,4,-1,1,2,5,0,2,2,4,-1,2,-1,1,2,0,-1,4,1,1,3,-1,3,4,0,1,-1,4,-1,5,3,-1,5,0,0,3,4,5,-1,5,3,1,2,0,-1,1,0,3,3,2
1076.06778371,2,-1,0,0,4,4,0,2,5,-1,1,-1,2,5,2,3,5,2,5,0,3,-1,1,2,-1,2,1,0,-1,4,1,3,-1,-1,4,1,-1,4,3,-1,0,3,1,5,5,4,-1,4,3,1
1106.39388663,1,5,0,2,4,4,1,1,4,4,3,2,0,0,2,3,1,-1,4,1,-1,5,3,5,-1,1,0,4,2,4,0,3,1,2,5,-1,-1,2,5,3,0,-1,0,2,3,-1,5,-1,5,3
1063.646391,2,1,3,5,1,2,-1,2,-1,4,3,4,2,4,5,3,-1,-1,3,-1,0,-1,5,2,-1,1,-1,5,2,4,0,1,-1,0,1,-1,0,0,-1,-1,2,5,1,4,1,4,0,4,3,0
1055.02974921,-1,2,0,3,5,3,2,-1,0,-1,3,2,2,0,4,4,2,1,2,1,5,-1,3,-1,4,2,3,-1,1,5,4,-1,1,0,1,1,2,-1,3,4,-1,5,-1,4,0,3,5,5,1,-1
1108.18435765,3,-1,2,4,5,0,3,1,3,2,4,2,-1,1,0,-1,3,0,5,1,3,4,0,-1,0,-1,-1,0,0,5,4,3,0,2,4,2,3,-1,-1,1,3,-1,-1,2,2,-1,1,1,-1,1
1020.11556429,5,2,-1,2,-1,1,0,1,0,4,1,-1,1,0,4,0,-1,1,-1,3,2,1,-1,4,0,5,5,-1,-1,3,-1,0,2,-1,0,4,2,3,2,4,-1,3,-1,-1,2,5,-1,5,-1,2
1122.17241251,2,4,1,1,-1,0,2,4,2,0,-1,0,-1,0,2,3,1,5,3,3,3,4,-1,2,1,1,2,5,4,1,4,3,-1,5,-1,0,-1,2,3,-1,0,4,3,-1,-1,-1,5,0,4,1
1077.85825473,5,0,4,0,0,-1,2,4,3,2,4,4,0,2,5,1,-1,5,3,3,1,5,5,1,0,-1,-1,3,-1,2,-1,-1,5,4,1,3,4,3,-1,-1,2,2,0,-1,5,3,1,4,0,2
1111.7652997,4,3,-1,0,-1,4,3,-1,-1,5,1,0,-1,5,0,0,0,2,0,-1,3,4,4,1,4,3,3,3,0,2,0,5,-1,2,-1,5,2,2,-1,3,2,5,1,1,4,5,4,2,-1,-1
1054.35832257,3,3,-1,1,-1,0,5,0,2,3,1,5,4,0,5,0,4,1,3,3,-1,-1,2,2,1,-1,5,-1,-1,5,5,-1,2,4,1,0,2,-1,4,1,0,4,5,2,4,0,4,-1,3,-1
1109.41530648,4,1,0,4,2,2,3,0,5,4,0,3,-1,3,3,-1,0,4,3,5,4,-1,-1,1,2,-1,-1,5,0,-1,3,-1,5,3,3,0,2,1,2,-1,1,4,0,-1,5,4,2,-1,2,1
1075.73207039,5,4,0,-1,1,-1,4,-1,1,5,2,1,2,0,3,-1,2,-1,2,4,3,4,5,1,-1,5,2,5,4,-1,4,0,1,3,0,-1,3,3,2,3,1,-1,-1,0,3,1,5,1,0,5
1079.53682131,2,2,0,1,3,0,5,5,3,1,2,0,2,5,0,0,-1,1,-1,4,1,1,-1,-1,2,-1,1,0,2,4,3,5,-1,5,1,2,-1,5,5,-1,4,4,-1,4,0,4,4,3,3,3
1096.77010489,0,-1,3,3,0,-1,-1,1,2,5,5,-1,5,-1,4,1,5,1,4,3,5,0,2,3,1,2,4,0,-1,4,2,1,1,4,-1,0,3,4,4,3,3,0,-1,1,5,0,2,5,-1,2
1063.31067768,4,2,2,4,-1,2,4,0,0,1,1,4,1,3,1,-1,5,1,3,3,-1,0,0,3,-1,5,5,-1,5,0,0,5,3,-1,-1,-1,4,2,2,5,4,2,4,4,-1,0,-1,3,5,3
1117.02480832,4,0,5,1,5,3,2,3,4,4,-1,3,-1,3,4,5,0,1,-1,1,3,4,-1,2,-1,5,5,-1,4,-1,2,0,-1,2,2,0,-1,2,1,1,3,0,0,-1,0,0,3,5,1,1
1072.93445942,4,2,2,-1,4,-1,-1,3,0,-1,3,0,2,-1,0,0,-1,2,0,-1,0,4,1,4,1,2,4,1,5,-1,3,-1,0,1,5,-1,-1,3,5,3,4,0,3,-1,3,1,2,-1,4,1
1103.14865791,-1,5,1,-1,5,5,0,3,0,4,5,4,3,3,-1,4,4,0,2,4,3,-1,2,0,2,3,-1,3,1,-1,1,1,2,1,0,2,-1,2,5,0,0,-1,5,-1,2,1,2,5,4,4
1092.74154509,3,0,0,-1,5,5,0,5,2,5,4,3,-1,3,2,4,4,2,-1,0,0,1,5,-1,3,2,2,4,4,-1,-1,1,2,1,3,3,5,-1,1,1,4,0,1,3,-1,2,5,-1,1,3
1109.86292424,5,1,5,4,-1,1,-1,3,4,1,3,4,3,4,1,4,-1,-1,5,-1,4,2,3,0,5,2,5,2,2,-1,5,1,2,3,3,0,0,1,1,5,3,2,0,2,0,-1,4,0,0,0
1120.82955924,-1,1,1,-1,4,4,-1,2,2,3,5,0,2,3,0,0,0,2,1,0,5,-1,1,5,-1,3,4,5,4,1,-1,-1,1,0,4,0,1,2,5,3,1,-1,0,3,2,5,-1,2,4,3
1072.5987461,5,-1,0,0,2,0,4,1,1,2,-1,0,1,3,-1,-1,4,3,-1,5,3,5,-1,4,3,5,1,-1,1,4,4,2,2,3,3,2,1,-1,4,-1,-1,5,1,2,0,3,0,-1,3,0
1056.03688916,4,5,5,5,2,-1,0,-1,1,2,-1,0,1,3,3,5,-1,3,-1,-1,0,1,3,2,1,3,2,1,-1,4,4,4,2,5,0,3,-1,3,-1,5,0,-1,2,-1,4,4,4,1,0,2
1090.167743,-1,3,2,4,1,2,2,-1,-1,5,1,4,5,4,1,-1,1,5,2,0,-1,3,-1,-1,0,2,4,3,-1,0,3,5,1,1,3,5,4,2,2,-1,3,0,1,0,5,3,4,5,4,0
1029.73934603,1,-1,4,0,4,3,1,3,-1,4,3,3,-1,0,4,-1,5,5,-1,-1,-1,3,5,-1,-1,-1,5,2,3,1,5,2,3,-1,5,-1,2,5,0,1,4,0,2,0,2,1,4,-1,-1,2
1118.25575715,-1,3,-1,1,3,1,4,3,5,3,2,4,-1,5,-1,2,0,-1,5,2,3,4,0,-1,0,2,4,1,4,5,1,1,1,5,4,0,2,0,-1,3,0,0,3,-1,4,1,-1,2,-1,0
1114.45100623,-1,2,-1,1,3,-1,3,0,3,1,0,4,2,-1,1,4,3,0,2,0,0,1,5,2,3,0,2,-1,5,-1,4,3,5,2,4,1,4,1,5,4,3,-1,2,5,4,1,0,5,-1,4
1096.99391377,4,1,-1,0,-1,4,3,-1,-1,3,0,3,4,1,2,-1,-1,2,4,-1,2,2,0,0,5,-1,-1,3,1,-1,2,3,2,1,0,3,-1,3,0,4,1,1,-1,-1,-1,4,0,1,2,4
1098.78438479,4,1,0,4,-1,-1,-1,4,3,4,-1,3,-1,1,5,0,0,1,1,-1,0,2,5,0,5,2,-1,2,3,2,5,0,4,1,1,4,4,2,2,5,-1,3,1,3,2,-1,-1,5,0,5
1082.55824116,-1,2,2,-1,0,-1,2,3,3,0,1,4,-1,0,0,1,0,4,3,4,3,4,-1,3,5,1,5,4,5,-1,4,4,2,0,3,-1,3,5,5,2,1,-1,2,-1,5,5,0,3,-1,2
1061.96782441,-1,2,3,-1,2,-1,1,-1,0,1,0,4,0,5,-1,5,2,2,5,0,3,-1,1,-1,1,4,1,4,5,0,0,3,5,5,2,2,-1,3,3,5,-1,4,3,3,4,-1,1,4,2,1
1078.86539468,3,5,5,1,3,2,4,-1,1,2,2,5,1,5,5,-1,-1,5,4,0,-1,3,0,4,1,3,1,3,0,1,-1,0,4,3,5,0,4,4,0,5,3,-1,4,2,0,2,-1,2,1,-1
1111.54149082,0,3,4,1,-1,-1,2,3,3,4,0,5,-1,0,2,4,4,0,2,5,1,1,3,5,3,4,2,2,-1,5,-1,5,1,4,3,2,-1,1,0,-1,0,3,4,1,5,1,0,2,-1,5
1139.62950497,4,-1,2,5,5,0,1,-1,3,-1,3,2,3,4,0,0,3,1,1,1,0,1,-1,2,-1,0,4,5,3,3,-1,-1,2,-1,4,2,0,2,1,1,4,5,4,2,-1,3,0,5,4,5
1106.72959995,4,0,5,0,2,-1,1,4,-1,5,-1,1,-1,3,-1,2,3,-1,3,1,2,0,1,-1,2,4,1,4,4,-1,3,5,3,2,2,3,1,-1,5,0,0,4,0,4,3,0,-1,1,-1,2
1058.83450013,1,2,1,0,4,1,4,-1,0,-1,5,3,3,5,-1,3,-1,4,5,-1,4,2,0,-1,4,1,-1,4,1,-1,0,2,3,3,4,0,-1,0,-1,5,2,1,1,3,0,4,2,2,-1,2
1094.30820724,0,-1,0,-1,1,3,1,5,3,2,4,5,-1,3,3,4,2,-1,1,-1,2,-1,0,0,2,3,-1,5,1,4,0,-1,-1,4,-1,3,-1,2,3,0,2,-1,4,4,2,4,2,1,0,5
1118.36766159,4,4,3,0,4,3,-1,4,-1,5,1,-1,5,-1,2,-1,-1,0,0,3,5,2,4,1,0,5,0,3,1,-1,3,0,0,4,2,2,2,1,1,-1,2,3,2,5,4,5,1,-1,0,5
1081.43919677,1,4,4,5,2,5,4,0,1,-1,-1,5,0,3,3,2,2,-1,3,1,0,0,-1,3,1,0,4,5,3,2,2,-1,5,5,2,5,-1,0,4,-1,3,1,5,1,4,-1,4,-1,2,1
1063.53448656,2,-1,-1,5,0,0,4,0,-1,4,-1,4,5,2,1,3,-1,0,2,1,3,4,-1,2,0,2,-1,-1,1,5,-1,1,2,5,1,3,3,1,5,2,-1,3,-1,-1,0,5,4,1,4,-1
1074.16540825,5,0,-1,-1,0,-1,5,3,2,-1,1,3,2,0,5,1,2,0,5,4,4,4,1,-1,1,4,5,0,4,4,3,3,0,1,1,2,4,2,-1,-1,1,-1,2,-1,-1,0,5,5,0,3
1039.36312777,0,4,2,2,-1,1,5,3,3,-1,-1,2,2,5,4,4,2,-1,-1,-1,1,4,1,2,5,5,-1,0,-1,5,-1,3,1,-1,5,1,4,3,4,5,1,3,1,2,-1,0,0,-1,-1,3
1062.63925105,4,1,-1,-1,3,2,-1,3,0,5,3,3,2,4,1,3,-1,5,1,1,5,-1,3,0,-1,2,-1,-1,-1,1,-1,2,2,3,2,2,0,1,1,0,4,4,4,-1,4,0,-1,0,4,-1
1073.49398162,0,3,-1,-1,3,5,0,4,5,1,-1,3,3,2,5,4,4,4,4,4,0,-1,-1,3,3,-1,-1,1,0,-1,2,-1,0,0,-1,4,-1,-1,1,2,3,2,-1,0,1,3,5,2,2,4
1117.2486172,-1,-1,-1,1,5,3,5,-1,2,4,-1,3,-1,2,5,4,1,5,4,4,1,1,0,0,5,3,2,2,2,-1,3,0,1,4,1,4,0,-1,-1,2,3,0,2,3,5,3,0,3,4,0
1037.01313455,5,-1,-1,-1,-1,3,0,-1,0,0,4,5,-1,4,4,1,4,0,-1,-1,2,5,1,3,1,1,3,4,4,-1,-1,1,0,-1,-1,0,0,5,-1,-1,2,1,2,5,2,5,2,2,2,4
1103.93198898,4,2,3,-1,1,2,1,2,1,4,3,0,-1,5,3,4,0,1,4,4,-1,1,0,-1,0,2,5,-1,-1,3,0,1,5,2,5,4,3,0,5,5,0,2,3,3,-1,-1,2,-1,5,1
1074.83683488,3,2,-1,4,1,4,4,-1,-1,2,3,0,2,1,0,5,3,3,1,3,2,1,3,-1,4,0,-1,0,3,-1,-1,-1,5,-1,0,1,-1,-1,2,1,-1,4,2,0,2,0,5,0,5,4
1067.22733304,-1,3,1,4,5,-1,-1,1,3,4,0,0,0,5,3,5,0,5,3,-1,4,2,3,3,4,0,-1,4,4,4,3,1,2,-1,-1,5,5,-1,1,5,2,-1,2,-1,1,2,2,3,1,1
1088.82488974,4,5,-1,1,3,4,0,2,1,3,-1,4,4,-1,4,5,4,1,5,-1,1,-1,2,-1,0,1,5,-1,0,1,3,2,3,2,5,0,1,2,5,3,5,-1,4,0,-1,3,0,3,2,2
1089.38441193,2,0,1,-1,2,-1,-1,4,4,-1,3,5,0,1,-1,0,3,4,3,5,4,3,-1,4,1,-1,-1,5,0,2,1,1,3,5,0,-1,5,4,4,1,3,3,0,-1,3,2,0,1,2,2
1117.02480832,0,4,-1,1,0,1,2,1,5,0,-1,5,-1,4,0,1,5,-1,0,-1,1,5,3,2,5,5,2,0,-1,-1,3,1,3,4,5,-1,4,0,-1,3,2,2,3,-1,-1,2,4,4,3,1
1087.81774979,4,-1,0,5,5,3,2,3,1,-1,3,2,-1,-1,1,1,5,2,2,1,0,-1,0,5,2,-1,2,1,3,-1,3,2,5,4,1,0,4,2,0,4,0,-1,3,4,-1,-1,-1,0,3,4
1099.45581142,2,0,5,3,5,-1,2,4,4,5,1,5,-1,-1,0,-1,-1,1,1,0,-1,3,0,0,5,0,3,-1,4,2,5,4,5,0,1,2,2,1,3,2,1,3,-1,4,2,-1,4,3,-1,4
1068.12256855,0,4,-1,4,-1,5,-1,0,1,-1,1,-1,-1,3,5,-1,3,-1,5,2,1,0,1,4,0,4,2,0,4,3,2,-1,1,0,0,3,1,4,2,3,1,-1,-1,2,-1,5,-1,1,4,2
1080.99157902,5,5,-1,-1,-1,4,3,4,-1,-1,3,0,1,2,0,2,4,3,1,1,-1,2,4,3,5,1,-1,3,0,2,-1,0,2,-1,2,-1,0,-1,4,5,2,-1,5,1,4,1,1,4,0,0
1117.02480832,2,1,0,-1,0,-1,0,0,5,5,-1,2,1,-1,0,2,0,0,2,1,-1,3,1,-1,-1,1,2,4,1,4,1,3,5,4,-1,-1,3,5,-1,2,2,4,2,-1,3,-1,3,5,5,4
1087.59394091,3,0,5,-1,3,-1,1,0,-1,4,-1,0,2,1,1,3,5,5,5,3,0,3,1,2,0,2,-1,1,4,-1,-1,-1,3,-1,4,1,-1,2,-1,-1,1,5,4,5,2,2,1,0,0,2
1126.98430338,1,2,1,2,4,-1,-1,0,4,5,1,2,-1,-1,3,-1,2,-1,3,2,0,2,2,0,4,5,3,0,3,4,5,3,3,0,1,0,-1,0,4,5,3,4,4,5,3,5,-1,1,1,5
1095.87486938,1,0,3,0,3,3,5,1,4,2,2,-1,-1,-1,5,-1,2,4,5,2,0,-1,4,3,3,1,4,-1,5,4,2,0,1,5,0,-1,-1,3,1,0,1,-1,0,1,2,3,4,4,0,-1
1101.24628245,4,5,1,4,4,2,-1,0,0,-1,5,2,4,2,0,-1,5,1,1,4,2,2,2,3,-1,-1,0,3,3,0,-1,-1,0,5,5,1,-1,1,1,-1,-1,1,4,3,-1,-1,3,0,4,3
1083.00585892,-1,5,-1,5,1,4,2,-1,0,4,3,-1,1,1,3,5,4,-1,2,3,3,1,5,0,-1,4,4,-1,2,3,4,1,-1,0,0,-1,5,0,2,4,2,0,3,1,2,-1,5,2,2,0
1060.51306671,-1,0,-1,1,-1,-1,1,-1,3,1,4,1,3,4,0,0,3,3,-1,4,3,0,0,-1,2,-1,3,5,2,5,2,-1,1,0,1,4,2,0,2,-1,1,5,-1,4,4,1,3,4,5,-1
1117.69623496,3,0,2,2,2,4,4,1,-1,3,2,2,-1,-1,0,4,4,0,-1,3,-1,-1,3,5,0,0,0,0,2,1,1,0,3,3,-1,4,1,-1,5,5,1,-1,-1,4,2,5,5,1,5,1
1095.42725163,4,0,0,1,-1,1,2,3,4,1,-1,-1,1,5,5,1,1,3,5,2,2,5,4,4,4,2,0,-1,-1,3,3,1,-1,2,3,-1,-1,4,5,0,0,2,0,-1,3,2,5,5,0,-1
1108.52007097,3,1,2,2,0,5,-1,0,-1,1,1,5,-1,-1,-1,3,2,4,5,1,3,0,3,3,2,4,3,4,-1,-1,2,1,0,4,-1,0,-1,4,-1,0,3,-1,0,4,2,2,4,1,2,1
1105.83436444,0,0,-1,4,3,0,4,5,0,-1,-1,0,5,2,4,1,4,1,1,4,-1,1,2,3,-1,4,4,-1,3,3,2,0,5,-1,2,1,0,5,-1,-1,3,1,0,5,3,2,2,3,2,-1
1087.48203647,4,2,-1,1,0,-1,2,0,0,5,-1,4,5,-1,4,4,0,-1,5,1,3,-1,2,-1,1,4,4,-1,0,1,-1,5,2,3,5,2,5,3,2,3,4,1,0,1,-1,-1,3,2,4,0
1081.55110121,2,-1,-1,1,1,0,3,5,0,3,5,5,4,0,-1,4,0,-1,0,0,3,1,4,4,2,1,5,2,-1,0,-1,4,5,-1,3,2,3,4,-1,-1,1,5,-1,1,4,3,-1,1,-1,0
1081.99871897,1,5,4,0,3,0,1,0,5,2,3,4,0,3,-1,-1,0,4,2,5,1,4,3,-1,2,-1,4,5,-1,2,2,2,4,3,3,-1,1,1,1,-1,3,5,-1,0,5,2,4,-1,-1,5
1027.83697057,5,5,-1,2,-1,3,0,2,4,3,2,-1,4,-1,4,0,5,-1,4,0,-1,1,2,5,-1,0,4,5,5,-1,2,-1,-1,1,3,0,0,5,2,3,2,1,3,3,3,4,4,0,-1,-1
1080.43205682,-1,3,3,-1,5,-1,-1,1,2,0,3,4,-1,2,3,5,2,1,4,3,0,5,5,5,4,0,-1,2,4,2,3,4,1,1,1,4,1,2,0,5,3,4,1,-1,2,0,-1,-1,1,4
1095.6510605,1,0,4,4,5,3,2,3,1,2,2,-1,1,5,0,5,4,-1,2,1,4,-1,2,0,3,-1,3,0,-1,2,-1,-1,1,0,4,-1,-1,0,4,4,2,5,2,3,3,5,5,3,0,5
1105.38674668,5,4,1,4,0,-1,2,3,4,3,4,-1,-1,-1,5,0,0,0,3,4,-1,1,-1,-1,5,5,3,0,2,3,4,1,-1,2,1,2,2,3,1,-1,5,0,1,2,2,4,5,0,5,1
1110.53435087,0,3,0,2,0,4,4,2,5,-1,-1,4,3,3,-1,5,5,3,3,0,1,2,0,3,5,2,-1,1,-1,0,1,1,5,1,2,-1,-1,1,5,5,1,3,0,-1,2,-1,4,2,4,4
1065.43686202,-1,-1,1,4,2,5,1,-1,2,1,1,5,3,3,-1,4,2,-1,4,-1,2,4,-1,-1,5,3,3,1,4,5,0,4,3,0,2,3,1,0,5,0,-1,-1,2,0,-1,1,4,2,0,3
1100.12723806,-1,2,1,3,0,3,1,4,5,1,0,-1,3,0,0,3,2,2,5,-1,4,4,4,4,1,0,4,5,1,2,0,0,-1,5,-1,5,3,5,2,3,5,4,5,-1,1,3,-1,1,-1,2
1101.58199576,2,0,4,3,5,1,1,-1,3,-1,2,3,2,1,0,5,2,2,1,0,-1,4,0,5,-1,5,3,4,4,5,0,4,-1,1,5,-1,2,4,3,-1,0,2,3,-1,1,-1,-1,3,1,1
1093.52487617,3,0,2,2,0,5,3,5,3,3,4,1,0,2,5,1,0,1,-1,-1,4,-1,0,5,2,-1,3,0,4,4,2,-1,5,-1,2,4,5,-1,1,1,-1,1,-1,3,0,2,4,0,4,-1
1082.6701456,1,-1,3,4,-1,0,2,2,1,-1,4,4,2,4,1,0,4,2,0,4,5,3,5,0,3,3,-1,1,0,-1,0,2,3,1,1,3,5,5,-1,-1,5,-1,-1,2,4,0,5,2,1,5
1081.99871897,3,3,3,0,-1,0,2,-1,4,1,1,4,5,3,4,5,4,2,0,-1,4,5,-1,-1,5,2,3,0,0,1,3,0,5,-1,-1,4,3,2,-1,5,4,5,4,1,-1,2,0,-1,-1,4
1045.74168078,3,0,1,-1,-1,-1,-1,3,0,5,5,-1,-1,5,2,-1,-1,-1,0,3,-1,1,0,3,1,-1,3,0,5,2,2,1,4,0,1,-1,2,2,4,0,5,2,5,1,1,4,-1,4,4,4
1108.63197541,2,3,4,5,-1,1,-1,4,-1,0,4,-1,4,-1,3,3,3,1,4,1,2,2,2,5,3,5,5,0,3,5,-1,-1,3,0,1,0,2,4,5,1,0,2,-1,2,1,-1,1,4,5,0
1028.62030164,-1,5,-1,0,4,4,-1,1,0,0,5,4,4,-1,1,2,0,4,-1,-1,-1,3,1,2,5,0,3,-1,4,2,3,2,-1,1,0,-1,-1,3,1,5,3,5,1,0,2,1,-1,3,1,3
1096.2105827,-1,4,5,2,5,1,3,-1,2,1,1,2,1,4,0,2,3,-1,4,-1,5,4,-1,0,1,1,-1,5,0,-1,3,0,1,4,4,3,0,2,3,2,4,-1,-1,5,3,4,2,0,5,0
1108.18435765,5,-1,3,4,-1,2,-1,5,0,2,4,2,-1,3,4,5,1,2,1,-1,-1,1,-1,4,0,2,3,4,5,3,0,2,0,4,0,-1,1,5,1,4,1,3,1,0,0,3,1,2,5,0
1141.41997599,2,4,4,5,1,-1,3,5,5,3,1,4,5,-1,-1,-1,4,0,3,1,0,3,1,-1,-1,3,2,4,0,2,0,0,0,5,3,1,4,2,0,1,3,2,2,-1,5,1,4,5,-1,3
1098.33676704,-1,-1,-1,5,3,5,2,4,1,2,3,4,-1,3,2,-1,1,1,1,0,1,-1,4,3,4,0,-1,-1,4,0,4,1,0,3,-1,2,2,4,-1,2,-1,0,2,1,0,1,3,0,-1,-1
1099.90342918,5,-1,2,5,3,2,-1,3,4,1,-1,4,-1,0,1,-1,4,3,2,-1,4,0,2,2,4,-1,2,3,-1,0,-1,3,3,-1,0,3,0,4,1,5,1,5,4,-1,2,0,0,5,1,1
1122.7319347,-1,1,-1,0,1,5,2,5,4,4,-1,4,2,5,2,0,3,5,3,0,3,1,4,5,2,3,1,0,3,3,-1,0,1,-1,2,1,3,3,4,-1,2,4,1,0,-1,2,4,5,0,-1
1100.79866469,-1,0,5,5,1,5,-1,4,4,-1,4,4,0,0,2,5,-1,4,0,2,2,5,5,0,0,2,3,5,2,-1,1,2,3,2,4,1,0,3,-1,1,4,-1,-1,3,3,0,1,-1,3,1
1060.06544895,5,5,5,-1,-1,4,-1,5,3,4,2,2,4,4,0,-1,4,0,3,3,0,-1,3,-1,3,4,1,-1,1,5,5,0,3,2,2,1,-1,2,2,2,-1,0,-1,1,0,1,4,-1,1,0
1071.03208396,4,0,-1,1,2,5,3,2,2,-1,0,2,3,1,1,4,-1,0,5,-1,-1,-1,4,0,4,-1,3,4,5,3,2,1,2,3,5,-1,-1,2,0,5,1,1,1,3,4,5,-1,4,0,-1
1111.09387306,2,2,-1,1,4,5,0,3,-1,0,1,4,-1,5,1,-1,0,4,1,2,0,-1,1,3,3,2,2,4,-1,4,0,3,-1,5,-1,-1,2,1,-1,0,5,4,2,1,4,-1,3,-1,3,3
1104.26770229,-1,2,1,5,4,3,5,3,4,0,2,4,1,3,3,-1,2,0,-1,2,0,-1,3,4,1,-1,0,5,0,-1,-1,-1,4,-1,2,1,1,2,-1,1,2,5,-1,3,3,3,1,0,4,0
1137.39141619,5,0,2,3,1,3,3,1,1,4,-1,-1,5,4,-1,0,2,5,0,-1,2,3,2,0,1,3,-1,2,5,3,0,2,0,-1,2,0,1,4,-1,4,0,1,-1,4,2,-1,5,5,-1,4
1087.70584535,-1,2,1,3,-1,4,-1,-1,0,5,2,0,2,-1,3,-1,0,1,3,-1,-1,3,0,-1,5,2,4,1,4,1,5,1,4,4,3,-1,1,1,5,0,4,3,3,0,0,2,4,3,-1,0
1036.11789904,0,0,3,3,2,2,-1,2,0,4,5,1,0,-1,-1,4,2,1,5,-1,3,0,-1,4,3,3,-1,5,3,1,3,-1,-1,1,1,-1,0,4,-1,-1,2,1,-1,-1,2,-1,-1,-1,5,5
1143.99377808,0,4,5,3,4,0,3,0,4,2,1,1,-1,3,1,1,4,3,-1,-1,2,2,-1,5,-1,4,0,5,5,2,1,3,1,3,-1,0,2,-1,-1,2,1,4,5,4,-1,0,0,3,2,1
1026.71792618,3,-1,4,5,5,1,-1,1,-1,3,-1,5,0,4,2,-1,-1,5,4,4,0,1,2,1,-1,-1,2,1,-1,5,3,-1,-1,-1,3,3,1,5,-1,0,3,4,3,2,0,-1,4,1,2,4
1125.52954567,2,2,1,4,3,5,3,4,-1,-1,-1,1,0,-1,5,-1,2,4,-1,0,-1,2,1,3,0,4,1,2,4,0,3,1,5,-1,2,0,5,1,5,2,2,3,3,5,1,-1,4,4,0,0
1088.04155866,2,-1,3,5,-1,3,-1,0,0,2,2,1,3,4,1,2,2,4,5,4,3,3,-1,1,5,4,5,-1,0,1,4,-1,4,1,2,3,0,-1,-1,0,3,-1,4,1,-1,0,1,5,0,5
1084.6844255,-1,0,2,4,4,1,2,5,4,2,1,3,1,0,2,2,5,5,1,1,-1,1,-1,3,3,3,-1,5,2,-1,-1,-1,0,5,3,0,3,4,0,5,-1,4,4,-1,5,-1,0,3,1,4
1077.29873254,3,0,5,1,4,2,0,-1,0,0,-1,4,2,-1,5,1,2,5,-1,4,2,-1,0,3,2,3,1,3,-1,2,4,1,-1,4,0,3,5,3,1,-1,2,3,-1,5,1,1,0,5,-1,-1
1086.47489652,4,0,0,2,1,2,5,0,4,-1,2,0,1,3,-1,4,2,5,4,4,5,2,3,5,3,1,3,-1,-1,3,1,1,5,-1,-1,-1,1,0,-1,3,2,3,1,0,5,4,5,-1,0,-1
1071.70351059,2,5,-1,1,-1,5,2,-1,2,4,-1,4,-1,3,3,4,3,1,5,3,0,5,0,3,4,0,0,2,2,5,5,5,-1,4,3,4,3,-1,1,4,2,-1,-1,0,1,1,0,1,-1,2
1093.74868504,-1,-1,-1,4,0,1,1,3,4,-1,2,3,2,4,5,5,2,5,0,-1,1,4,5,3,3,5,4,-1,3,1,4,1,2,3,-1,5,-1,2,0,-1,0,3,-1,0,1,5,2,2,-1,1
1060.40116227,0,1,4,5,1,2,2,-1,3,-1,2,5,3,5,0,4,3,-1,3,1,-1,2,4,-1,2,3,5,2,2,3,3,1,3,-1,0,0,-1,4,4,4,0,-1,-1,-1,5,4,-1,-1,1,1
1108.29626209,1,2,5,-1,1,0,-1,1,5,5,0,3,1,2,4,5,4,4,3,-1,3,2,5,2,-1,3,3,2,2,4,1,0,4,-1,3,0,0,-1,3,4,-1,1,2,0,4,3,-1,-1,0,4
1065.21305314,3,4,4,1,0,-1,5,-1,5,2,0,1,5,5,1,0,5,3,2,4,-1,2,3,3,5,1,0,3,4,-1,2,1,2,4,0,-1,4,1,-1,-1,-1,1,1,5,5,2,3,3,2,-1
1056.48450691,-1,3,3,3,-1,-1,-1,-1,4,1,0,1,4,-1,1,4,0,2,3,5,0,-1,4,4,3,3,3,0,-1,-1,1,5,4,-1,1,-1,2,2,4,5,3,2,5,2,5,2,0,-1,0,2
1150.3723311,4,3,-1,-1,5,2,1,3,-1,-1,-1,3,-1,1,2,2,2,-1,0,5,0,2,-1,3,1,5,4,1,-1,0,3,2,1,4,3,5,1,0,4,3,0,5,-1,5,0,4,0,1,0,4
1136.38427624,2,4,1,3,-1,4,5,0,-1,-1,2,0,4,3,3,2,1,0,5,0,1,5,4,0,2,5,2,-1,-1,1,5,-1,4,3,0,4,4,1,3,1,0,1,3,-1,-1,-1,3,2,2,5
1105.49865112,4,0,4,3,2,0,2,5,1,-1,0,-1,3,0,5,1,3,5,5,-1,2,1,4,1,3,0,2,4,-1,0,2,-1,5,-1,4,3,2,1,4,4,2,-1,1,3,5,3,5,1,0,-1
1103.59627566,1,5,2,4,3,-1,1,3,5,-1,-1,-1,1,0,-1,2,4,3,3,3,3,1,0,2,5,5,0,4,0,0,0,2,5,-1,5,5,-1,4,2,1,-1,2,-1,3,4,4,4,0,-1,1
1135.82475405,4,-1,0,5,-1,0,2,1,-1,3,3,-1,2,4,4,2,1,0,1,5,3,0,-1,0,3,1,1,3,2,5,4,5,-1,5,3,4,2,1,1,-1,0,5,-1,-1,4,3,4,0,3,2
1049.65833614,-1,5,2,2,-1,1,3,5,2,-1,5,4,5,3,0,1,3,-1,4,-1,5,4,2,1,4,3,-1,-1,3,3,2,4,3,4,0,-1,2,0,1,5,-1,1,0,-1,0,1,5,0,0,4
1080.6558657,1,3,0,1,0,-1,4,4,1,2,2,1,-1,-1,1,1,4,-1,3,-1,-1,3,0,4,0,4,0,5,4,3,-1,1,3,5,2,5,2,5,-1,-1,-1,2,2,4,0,2,3,0,1,5
1087.92965422,3,2,-1,4,1,5,-1,2,0,0,-1,2,3,4,4,5,5,4,1,4,4,-1,0,3,0,-1,3,3,5,1,5,1,4,1,2,-1,-1,-1,-1,2,2,5,5,-1,0,3,0,2,0,0
1117.92004383,-1,2,5,1,5,0,4,-1,3,2,2,2,-1,1,5,-1,2,1,2,-1,4,2,5,0,0,4,-1,1,-1,4,2,4,3,3,-1,-1,0,-1,0,5,0,5,3,3,3,1,1,0,1,4
1086.81060984,0,2,0,-1,0,3,1,-1,5,3,4,-1,-1,4,5,1,4,4,2,5,4,-1,-1,0,0,2,4,-1,5,-1,2,2,0,3,5,1,1,5,2,4,0,-1,3,-1,3,5,2,1,1,-1
1076.40349702,4,0,4,5,2,2,-1,5,1,4,2,3,1,3,4,3,3,4,0,-1,0,2,2,-1,3,0,0,5,-1,-1,-1,-1,0,1,2,2,3,-1,3,-1,4,0,-1,5,0,4,3,1,5,5
1130.2295321,-1,5,1,2,3,0,2,3,3,4,3,2,2,4,4,2,4,-1,0,0,0,-1,-1,5,1,-1,-1,1,1,5,4,0,-1,4,4,3,5,0,5,1,1,2,1,-1,3,3,-1,5,2,0
1099.45581142,3,2,-1,-1,-1,3,4,2,5,-1,3,5,-1,-1,4,2,3,2,1,-1,0,5,-1,0,5,2,1,5,-1,2,4,-1,1,1,0,0,5,4,3,0,1,-1,1,3,4,4,4,0,3,1
1091.06297851,-1,5,-1,1,4,1,4,1,5,0,3,-1,1,-1,2,-1,1,0,2,5,3,-1,-1,-1,2,5,2,3,-1,3,-1,2,0,4,0,0,2,3,4,-1,0,0,1,3,4,5,5,4,1,4
1097.88914928,3,-1,5,2,5,1,4,1,-1,-1,-1,1,3,-1,4,-1,1,3,2,4,5,0,-1,1,5,0,4,5,0,1,0,3,-1,5,1,-1,-1,4,2,0,0,3,-1,5,-1,0,4,1,-1,3
1126.42478118,0,5,-1,2,-1,2,2,3,0,5,2,4,2,1,1,4,-1,5,1,0,-1,-1,2,5,1,3,3,1,3,1,4,0,2,4,3,4,5,1,4,0,0,3,-1,-1,1,5,-1,3,4,0
1063.42258212,4,2,2,4,-1,-1,-1,2,5,1,1,4,4,2,5,1,2,3,1,0,-1,5,3,-1,5,3,5,-1,1,5,4,2,3,1,4,3,-1,0,3,0,-1,-1,0,0,0,1,0,3,4,5
1124.41050129,-1,0,0,2,1,2,0,-1,0,4,5,-1,3,4,2,5,5,4,4,3,3,1,1,1,3,1,5,2,-1,2,-1,-1,2,4,2,3,3,-1,0,4,0,0,5,-1,4,-1,1,3,-1,1
1052.90356487,4,-1,5,4,4,3,-1,-1,5,5,0,2,1,5,2,3,0,4,0,3,-1,0,-1,-1,0,3,2,-1,5,1,-1,4,0,1,1,0,3,3,4,-1,5,-1,2,3,-1,1,2,2,4,2
1094.86772943,-1,0,-1,-1,5,1,0,2,3,-1,-1,3,4,-1,0,1,0,1,5,4,-1,-1,-1,5,0,3,-1,2,3,1,2,0,3,2,-1,0,4,1,-1,2,1,3,3,2,5,-1,1,2,4,-1
999.077529789,5,-1,0,-1,-1,-1,1,-1,1,-1,-1,-1,3,3,-1,5,4,2,1,-1,5,3,1,-1,5,4,3,2,0,3,1,2,-1,2,2,4,4,0,0,-1,5,2,4,2,4,0,-1,4,3,-1
1094.86772943,2,-1,1,-1,-1,-1,2,4,3,4,-1,5,3,-1,1,3,5,2,1,1,3,2,0,-1,4,-1,5,4,4,5,1,0,0,0,2,2,5,5,4,1,0,0,-1,3,5,4,3,0,2,3
1103.7081801,-1,2,-1,-1,5,2,-1,2,-1,0,3,5,3,1,2,1,0,1,4,-1,1,4,5,-1,2,4,5,3,0,3,0,2,-1,-1,2,4,4,2,3,3,3,4,1,0,1,0,0,1,5,1
1071.92731947,2,2,2,3,1,4,3,2,-1,4,5,1,-1,0,3,1,1,5,5,-1,1,3,4,-1,4,-1,0,3,-1,5,3,5,-1,3,-1,1,-1,-1,-1,0,5,4,2,0,4,2,4,-1,0,0
1087.03441871,1,-1,1,-1,5,3,4,0,-1,4,2,3,4,1,1,3,3,-1,2,-1,0,2,4,3,-1,-1,1,0,2,1,-1,-1,-1,0,2,5,-1,3,5,5,2,0,0,2,1,-1,4,3,-1,5
1090.7272652,5,0,0,5,1,-1,5,1,4,1,5,5,-1,3,-1,4,2,0,3,0,4,2,1,3,0,1,3,-1,3,-1,0,4,-1,0,3,2,-1,-1,4,1,2,2,2,5,4,2,3,4,-1,5
1057.71545574,0,5,4,-1,0,-1,0,0,1,-1,4,4,2,-1,3,5,-1,3,4,-1,1,5,4,-1,2,0,1,5,2,2,5,0,2,3,-1,2,1,-1,1,-1,-1,5,0,-1,3,3,5,1,4,2
1101.80580464,5,0,1,0,2,4,4,5,5,-1,-1,1,-1,4,0,-1,-1,0,1,4,1,4,3,1,3,2,3,2,2,3,0,3,4,3,0,4,-1,5,1,-1,2,-1,0,-1,-1,2,5,3,0,-1
1160.33182615,2,2,3,5,2,3,-1,2,4,-1,-1,0,1,0,2,4,0,3,1,1,0,0,5,1,3,5,0,1,4,1,4,-1,3,-1,-1,1,0,3,-1,4,5,2,0,-1,-1,4,-1,-1,3,2
1087.48203647,1,3,2,3,4,4,0,0,1,3,-1,2,4,-1,5,2,5,4,1,3,3,-1,3,-1,3,5,5,5,-1,5,1,0,2,-1,1,-1,5,0,1,0,2,4,3,0,4,5,2,1,4,-1
1104.71532005,4,1,3,5,1,3,-1,2,0,0,-1,0,-1,4,4,2,-1,-1,4,5,4,1,3,3,2,-1,3,5,2,-1,0,4,0,1,-1,2,3,-1,5,0,2,1,1,-1,1,2,4,-1,2,0
1098.44867148,-1,0,5,0,5,3,3,3,-1,2,5,1,2,4,5,3,2,1,4,-1,-1,4,0,0,3,3,0,2,1,-1,2,5,-1,1,5,1,0,1,2,-1,4,3,1,4,2,4,-1,-1,4,-1
1112.77243965,4,2,4,2,3,5,-1,3,-1,2,0,-1,5,2,-1,1,-1,3,1,0,0,0,5,3,2,3,1,0,-1,1,4,4,-1,2,3,1,4,5,4,2,5,5,0,0,4,3,1,-1,5,1
1081.32729233,4,0,5,1,2,0,3,4,0,-1,-1,3,2,-1,-1,-1,1,1,4,-1,0,3,1,3,2,3,4,5,-1,3,0,0,-1,0,2,1,-1,5,5,2,4,5,-1,4,1,4,3,2,5,-1
1100.68676025,3,-1,-1,0,4,1,5,2,3,0,3,5,5,4,4,5,0,-1,0,2,2,0,4,4,0,0,4,1,5,3,-1,1,-1,2,-1,3,5,2,1,2,4,-1,1,1,3,1,5,3,-1,-1
1056.70831579,5,1,5,3,0,1,4,1,-1,-1,0,-1,2,-1,3,4,4,2,3,2,5,0,2,4,0,2,3,-1,2,-1,-1,0,-1,-1,0,5,-1,1,3,0,5,4,1,1,2,3,5,-1,-1,3
1097.77724484,5,2,4,0,0,2,4,5,1,-1,0,-1,-1,3,4,3,0,-1,1,1,0,-1,2,3,1,-1,2,4,2,2,4,1,3,5,3,-1,3,-1,-1,1,1,5,1,0,2,-1,-1,4,4,-1
1107.28912214,-1,-1,-1,4,-1,3,1,3,0,3,0,-1,5,-1,0,0,1,1,5,4,2,4,4,2,2,1,-1,0,2,4,3,3,3,-1,4,2,5,-1,1,3,0,5,1,2,2,1,4,0,5,1
1089.27250749,1,0,3,-1,0,4,-1,1,3,2,5,5,5,2,5,5,0,-1,3,4,4,0,2,0,1,1,2,1,1,3,-1,0,2,0,4,-1,-1,-1,-1,4,-1,2,4,3,5,2,-1,3,4,-1
1115.2343373,-1,2,2,-1,5,5,-1,5,1,2,2,1,3,0,3,2,0,3,1,-1,5,0,2,3,1,1,-1,0,1,5,-1,4,0,4,5,0,-1,2,1,4,3,-1,4,3,0,0,3,5,-1,1
1089.04869861,4,1,4,3,1,0,-1,3,5,1,4,2,2,4,-1,-1,2,2,0,4,0,-1,3,5,-1,1,3,0,0,-1,5,5,4,2,0,3,5,1,3,-1,-1,-1,2,3,-1,2,5,2,1,5
1132.02000313,2,0,3,2,0,-1,1,1,0,2,5,1,-1,-1,-1,-1,2,4,4,1,0,3,2,3,5,0,-1,0,4,-1,1,2,4,-1,-1,1,2,-1,5,0,2,-1,1,4,5,4,4,3,3,3
1078.30587248,2,-1,-1,5,1,4,0,3,2,3,5,5,0,5,1,-1,2,5,-1,2,3,2,0,5,1,4,-1,4,4,-1,-1,3,3,0,-1,3,1,0,1,4,3,1,-1,0,2,0,4,2,3,5
1059.95354452,3,4,-1,5,0,5,-1,0,1,1,3,-1,4,5,2,2,0,-1,5,-1,5,0,-1,-1,5,3,4,4,4,2,0,5,5,0,-1,3,3,0,1,4,1,-1,-1,1,-1,4,2,1,1,3
1080.20824795,5,-1,-1,4,1,5,-1,3,3,0,-1,3,0,-1,1,5,3,1,3,4,5,1,0,2,-1,1,5,-1,4,4,2,2,3,0,-1,4,3,5,2,3,3,2,0,0,5,1,2,4,-1,0
1085.80346989,3,5,4,5,0,5,-1,2,0,4,1,4,3,4,0,1,1,2,4,-1,-1,1,3,1,0,-1,-1,2,-1,3,0,5,0,-1,2,-1,2,2,-1,3,1,3,0,5,2,1,4,-1,2,4
1105.16293781,4,4,2,2,3,2,0,-1,2,-1,5,4,1,3,5,3,4,5,-1,4,1,4,0,-1,1,4,1,1,-1,3,0,0,5,3,0,0,2,5,5,1,0,1,3,5,4,2,-1,3,2,-1
1098.67248035,0,4,2,2,2,2,3,1,5,1,1,3,-1,5,-1,2,0,4,-1,0,0,3,3,5,4,0,-1,3,3,1,4,-1,4,0,3,1,-1,-1,2,-1,1,5,-1,-1,-1,4,1,4,5,4
1055.02974921,3,4,-1,1,-1,4,-1,2,2,1,1,4,0,1,5,-1,-1,5,4,2,1,0,-1,2,5,1,0,0,-1,4,4,2,5,-1,3,3,5,2,5,-1,4,4,3,1,0,-1,3,3,3,2
1078.30587248,1,4,-1,1,1,3,5,-1,2,0,-1,1,4,-1,5,2,5,4,0,-1,2,0,4,3,-1,-1,0,3,3,5,2,4,3,1,2,5,-1,0,-1,2,-1,4,1,4,2,1,5,0,-1,5
1084.79632994,4,-1,0,2,4,3,-1,2,-1,-1,4,-1,1,5,5,0,5,3,3,5,1,1,-1,3,1,0,5,0,5,-1,-1,3,0,-1,4,2,0,4,2,4,-1,1,2,-1,3,5,1,2,0,1
1087.14632315,4,0,4,0,4,5,3,5,0,-1,-1,1,-1,3,0,2,2,0,1,-1,1,3,-1,1,0,4,5,5,5,-1,4,3,4,2,1,1,0,-1,-1,-1,5,3,3,2,2,4,2,2,3,-1
1154.51279533,2,2,5,-1,1,0,-1,1,4,0,-1,1,4,4,1,3,4,1,0,5,3,4,3,2,1,-1,-1,3,5,0,4,-1,3,-1,2,5,1,5,0,0,2,4,2,3,3,1,5,2,0,2
1082.78205004,-1,-1,1,0,-1,-1,1,-1,2,5,4,0,5,-1,4,4,0,1,-1,-1,1,2,2,3,1,3,3,3,5,0,0,0,5,0,4,3,5,-1,2,-1,3,4,3,4,3,2,1,-1,4,1
1114.89862398,-1,4,3,5,5,-1,4,2,5,-1,3,2,3,1,0,3,2,0,4,0,1,2,5,5,0,4,-1,1,0,4,2,2,4,3,-1,0,2,-1,1,0,1,5,2,-1,-1,-1,4,5,1,-1
1084.6844255,2,-1,5,4,-1,3,5,3,-1,3,5,-1,0,1,5,4,2,0,2,-1,0,2,1,-1,-1,-1,1,3,1,5,2,-1,4,2,2,0,0,1,0,3,4,-1,-1,5,3,4,1,4,4,4
1053.35118262,0,-1,3,-1,1,2,-1,3,5,1,1,-1,4,3,4,-1,0,2,0,4,1,3,5,2,0,2,3,-1,1,4,-1,3,-1,5,5,4,5,5,4,-1,4,-1,0,2,-1,-1,0,1,5,3
1092.62964066,4,4,1,1,5,0,3,4,5,0,5,4,2,4,-1,3,0,3,2,2,5,2,0,1,-1,2,-1,0,-1,3,1,0,5,3,0,-1,2,-1,-1,4,-1,5,1,-1,-1,2,1,0,-1,4
1116.01766837,0,3,0,-1,3,2,1,-1,1,3,-1,-1,2,2,1,1,3,5,2,-1,3,0,2,4,2,1,4,0,4,5,5,1,5,3,0,1,4,3,0,-1,1,5,2,4,4,5,-1,0,2,4
1128.32715664,0,-1,5,-1,4,4,0,1,5,5,-1,2,5,-1,3,1,4,3,0,2,2,2,2,0,4,5,3,5,1,-1,-1,3,4,1,-1,1,1,-1,-1,2,3,3,4,2,0,1,3,5,4,0
1071.92731947,5,0,0,2,5,-1,4,3,1,2,5,4,2,1,3,4,4,2,-1,4,-1,2,-1,1,3,0,4,0,1,0,3,5,5,3,3,-1,5,3,0,-1,-1,1,2,4,1,0,-1,5,-1,2
1089.38441193,5,4,1,-1,5,1,3,1,0,3,-1,4,4,5,-1,-1,0,5,2,-1,5,2,-1,0,-1,-1,3,3,-1,2,3,0,4,4,2,4,1,0,2,-1,1,4,-1,3,2,0,5,1,5,1
1112.43672633,-1,0,1,2,3,0,3,5,2,5,-1,-1,-1,2,4,2,4,-1,3,3,-1,0,-1,0,2,-1,4,1,4,0,0,4,5,2,0,1,4,5,3,2,4,1,-1,1,1,1,3,5,3,-1
1129.67000991,3,1,4,3,0,1,0,1,5,5,-1,0,2,0,1,0,2,4,4,0,3,5,2,2,4,1,3,0,-1,3,2,4,-1,-1,4,2,3,3,2,-1,1,-1,1,5,5,4,-1,5,4,5
1130.00572323,2,5,1,-1,0,2,4,0,-1,3,-1,0,2,3,-1,1,1,2,0,4,2,0,-1,-1,4,2,-1,0,5,3,3,1,-1,1,0,5,-1,4,2,4,4,0,-1,3,-1,5,1,1,3,4
1054.35832257,4,4,3,0,0,1,2,5,3,5,0,-1,1,2,2,3,5,5,-1,-1,-1,5,-1,4,-1,1,0,-1,4,4,3,3,2,-1,3,5,0,0,3,-1,1,4,4,1,1,2,-1,2,2,2
1079.76063019,1,4,2,-1,5,-1,1,2,-1,3,-1,2,-1,5,5,-1,4,-1,2,-1,2,3,1,0,5,0,0,4,1,5,4,-1,-1,2,-1,3,3,4,0,4,5,3,2,-1,5,1,4,2,1,3
1079.08920356,2,2,3,0,-1,0,1,-1,5,5,5,0,4,-1,5,2,-1,1,2,-1,2,4,3,1,1,5,3,2,-1,-1,-1,4,2,-1,4,-1,4,3,5,5,4,1,3,-1,1,3,1,-1,0,0
1047.53215181,-1,-1,5,-1,0,2,4,3,3,-1,0,-1,1,-1,3,2,5,4,5,0,1,4,-1,0,2,3,2,2,3,4,-1,1,-1,3,-1,-1,2,3,0,1,5,-1,-1,5,4,0,1,-1,4,4
1061.85591998,0,-1,5,-1,0,4,2,0,1,1,3,2,2,5,0,5,5,2,-1,0,3,-1,5,0,2,4,5,1,4,-1,3,-1,1,4,3,4,4,-1,3,-1,-1,3,0,-1,-1,1,1,5,3,1
1103.03675347,4,3,-1,0,-1,1,1,4,-1,3,4,3,4,3,4,2,1,-1,3,-1,-1,1,1,0,1,-1,-1,0,2,-1,3,2,5,0,0,1,4,-1,3,5,0,2,3,2,-1,-1,4,-1,0,1
1095.76296494,-1,3,1,-1,2,2,4,0,3,1,4,2,0,1,-1,-1,0,-1,3,-1,1,0,5,0,-1,3,5,3,2,5,5,-1,2,2,3,5,-1,1,4,-1,3,5,1,-1,-1,1,4,3,0,2
1096.65820045,5,1,5,-1,-1,2,3,3,3,-1,2,1,1,0,-1,1,2,4,2,2,4,1,5,5,0,-1,-1,0,0,-1,1,3,2,2,-1,0,4,5,3,0,4,4,5,1,0,4,-1,5,-1,4
1092.40583178,0,-1,1,-1,-1,0,-1,0,5,0,5,0,3,3,5,5,4,4,4,2,-1,5,2,-1,0,0,2,3,2,3,3,2,4,1,3,1,-1,4,4,1,1,5,0,1,1,2,-1,4,3,2
1117.2486172,5,1,3,-1,-1,0,-1,1,2,3,-1,0,4,-1,2,2,3,2,1,0,3,1,0,4,1,-1,-1,5,3,-1,4,5,0,-1,-1,1,5,5,1,0,2,4,4,3,2,4,2,4,2,0
1035.11075909,3,5,-1,5,-1,3,-1,5,1,3,-1,-1,4,3,1,1,0,4,-1,4,2,2,-1,1,4,2,1,5,5,3,0,0,2,5,3,0,2,3,-1,0,-1,4,4,1,4,-1,-1,2,-1,2
1046.41310742,2,5,3,3,5,5,1,3,4,4,-1,5,1,-1,1,5,4,4,5,0,4,0,-1,0,4,2,1,-1,-1,-1,2,3,2,1,2,1,5,2,-1,-1,-1,3,2,-1,-1,0,3,0,1,4
1099.56771586,2,1,4,-1,0,1,-1,2,1,-1,-1,3,1,-1,0,4,0,3,2,0,5,4,3,0,4,2,4,5,2,1,0,2,-1,0,-1,3,3,1,-1,1,-1,5,3,3,-1,5,5,4,-1,5
1099.12009811,4,4,3,3,-1,0,3,-1,5,5,2,0,2,4,3,1,5,0,4,4,-1,0,4,5,-1,3,1,-1,0,1,5,-1,4,3,-1,5,1,-1,2,1,1,-1,2,-1,2,2,0,2,-1,0
1063.98210431,5,1,1,-1,2,2,3,-1,5,2,-1,5,0,0,1,1,-1,1,-1,-1,0,4,1,4,3,3,4,1,4,-1,0,-1,3,0,-1,3,0,0,5,5,1,-1,2,5,-1,-1,3,3,4,2
1146.67948461,2,4,1,-1,-1,2,1,0,-1,1,3,2,3,1,3,5,1,3,0,0,-1,-1,-1,0,4,2,-1,0,4,1,5,1,5,4,5,-1,2,5,0,4,3,0,4,-1,2,2,5,2,3,5
1080.09634351,-1,4,4,2,5,1,5,3,1,1,3,4,-1,2,5,-1,2,-1,5,3,3,-1,0,4,0,3,3,2,-1,5,4,1,4,0,2,0,0,-1,2,1,0,-1,0,3,4,5,0,-1,-1,2
1101.47009132,5,0,-1,-1,2,1,2,4,4,-1,0,0,3,0,4,4,1,5,3,-1,5,3,1,-1,3,-1,5,-1,3,2,1,2,3,3,-1,-1,0,5,-1,4,1,0,-1,2,1,1,1,2,2,4
1100.01533362,3,0,1,4,1,-1,2,1,3,2,4,4,-1,-1,4,1,0,4,5,0,2,0,5,2,4,2,-1,1,4,-1,-1,3,5,1,-1,-1,5,-1,3,3,-1,2,4,0,2,-1,5,0,1,0
1071.03208396,5,-1,4,2,3,0,5,5,1,2,1,-1,4,4,0,-1,5,3,1,2,-1,0,2,-1,3,0,1,-1,1,-1,-1,2,3,4,0,4,3,2,0,5,2,-1,-1,5,1,5,0,3,3,1
1077.85825473,-1,0,1,3,5,4,-1,5,-1,1,0,3,3,4,2,-1,5,0,2,5,-1,2,4,2,2,0,2,1,3,-1,3,-1,4,-1,4,3,1,1,5,-1,2,0,5,5,4,-1,4,0,4,3
1068.12256855,1,4,-1,3,3,5,-1,2,-1,2,-1,-1,1,2,2,4,2,2,-1,0,3,3,3,3,-1,4,0,1,4,0,5,4,0,1,5,0,0,-1,1,-1,-1,-1,5,4,2,-1,1,-1,3,5
1055.36546252,4,0,1,3,-1,1,3,1,-1,-1,2,0,5,2,0,-1,-1,2,-1,-1,5,5,0,-1,4,-1,3,-1,2,1,0,-1,0,2,5,-1,1,4,3,4,2,5,-1,0,1,3,1,3,-1,2
1093.52487617,5,3,3,2,-1,5,5,1,4,2,-1,5,2,-1,-1,4,3,-1,2,4,3,-1,1,3,-1,2,-1,0,1,5,1,1,4,0,4,-1,-1,4,-1,1,0,0,0,0,4,0,2,2,1,3
1065.21305314,-1,5,-1,1,-1,0,-1,3,1,3,1,3,2,-1,1,4,4,4,3,4,1,4,4,-1,-1,3,1,-1,0,3,2,3,2,0,-1,5,-1,0,2,-1,5,2,2,-1,-1,4,0,2,3,0
1086.02727876,0,-1,4,4,2,0,3,-1,2,1,2,3,1,-1,1,5,2,-1,0,3,4,0,0,2,0,0,3,4,-1,4,-1,-1,5,5,1,4,3,4,1,3,-1,1,2,-1,5,1,-1,3,5,5
1082.33443228,4,3,5,-1,-1,5,4,0,4,4,-1,5,-1,5,1,0,1,-1,1,-1,3,2,0,5,1,4,-1,-1,1,0,3,2,0,2,3,2,3,2,0,3,3,-1,2,5,2,-1,0,-1,-1,1
1064.31781763,4,-1,5,-1,2,5,5,2,4,4,-1,0,5,3,5,-1,-1,2,2,2,4,3,0,0,1,5,-1,1,1,4,3,2,1,-1,-1,-1,-1,4,3,3,3,-1,2,0,0,3,1,0,0,-1
1094.53201612,-1,2,2,2,3,-1,1,-1,1,3,5,3,2,5,4,0,0,-1,-1,4,1,5,5,1,3,0,2,4,1,4,0,4,3,-1,-1,1,5,-1,-1,3,1,-1,0,3,5,0,0,5,4,2
1103.37246678,4,1,0,5,2,5,-1,-1,1,0,4,2,-1,3,3,-1,0,1,1,2,3,-1,2,2,-1,3,4,-1,-1,4,0,4,5,3,-1,3,1,-1,0,5,3,0,1,-1,2,5,2,1,5,1
1106.17007775,1,4,3,1,2,5,-1,0,0,5,3,4,-1,1,0,2,0,5,0,1,4,3,4,2,2,3,-1,3,-1,3,2,4,-1,1,4,2,2,0,4,-1,0,0,-1,-1,-1,-1,4,1,-1,-1
1136.2723718,3,4,3,4,5,-1,4,4,-1,5,5,2,-1,-1,2,-1,2,1,1,2,0,1,0,4,-1,3,0,-1,0,3,0,-1,0,2,1,1,4,5,-1,3,1,2,-1,1,4,0,5,3,1,3
1090.39155188,0,1,3,-1,2,1,-1,4,2,0,4,5,5,1,5,2,1,-1,3,-1,3,3,4,2,-1,0,4,-1,5,4,5,-1,-1,3,2,1,0,5,-1,1,4,0,1,-1,5,4,3,1,3,0
1075.62016595,-1,2,2,-1,0,4,2,3,4,-1,4,4,5,3,4,1,-1,-1,5,2,0,1,5,1,4,2,-1,-1,3,0,5,0,5,3,5,-1,-1,0,1,1,3,0,3,3,0,5,-1,1,-1,2
1053.5749915,1,3,-1,4,5,3,-1,-1,2,0,-1,3,4,1,3,5,0,2,4,1,-1,2,0,1,-1,0,-1,5,-1,1,3,4,-1,2,2,5,1,4,-1,-1,5,0,2,2,5,3,0,3,0,-1
1136.831894,3,0,-1,-1,5,3,0,4,3,5,-1,4,4,1,0,4,3,-1,0,-1,2,2,-1,0,1,-1,-1,2,1,5,0,1,1,3,2,4,3,2,4,1,2,2,-1,1,0,0,5,4,-1,3
1050.55357165,5,0,-1,-1,-1,3,-1,-1,0,0,1,0,5,2,3,3,2,3,2,5,-1,1,3,-1,0,3,5,1,1,1,4,1,0,2,1,4,3,-1,4,-1,5,-1,3,5,-1,-1,4,0,2,5
1051.00118941,-1,5,1,2,1,4,2,3,4,3,-1,-1,2,-1,1,-1,0,0,-1,-1,4,3,0,1,2,2,-1,4,4,1,-1,3,0,5,3,2,0,2,3,5,-1,-1,-1,4,-1,5,5,5,5,0
1021.79413087,4,-1,2,3,3,3,1,3,4,-1,5,4,0,0,5,2,-1,-1,-1,0,4,4,5,1,1,-1,4,2,5,-1,2,4,2,1,2,0,5,3,-1,-1,3,-1,1,1,-1,-1,5,0,0,2
1149.36519115,3,0,4,0,5,-1,4,5,3,3,-1,0,4,1,-1,5,3,2,4,3,0,5,3,1,-1,-1,0,0,5,-1,2,1,1,-1,2,0,4,5,4,2,2,1,2,-1,2,4,3,-1,1,0
1134.03428303,1,4,5,3,-1,0,4,4,2,4,3,3,0,3,0,5,0,2,4,-1,4,1,0,0,3,1,1,0,5,2,2,-1,2,3,3,1,2,4,-1,5,5,-1,4,1,1,-1,-1,2,0,3
1111.65339526,3,1,0,3,2,1,3,-1,0,4,5,4,2,0,-1,3,4,2,1,5,5,1,4,0,1,1,4,-1,0,1,-1,-1,4,-1,-1,-1,-1,2,3,5,3,2,-1,-1,4,3,2,0,1,5
1061.74401554,0,2,4,4,-1,3,-1,4,2,5,-1,1,4,1,3,4,4,2,-1,4,3,3,3,-1,3,-1,1,0,-1,1,5,2,0,-1,5,-1,1,5,1,2,-1,0,5,-1,2,2,5,3,1,3
1007.69417158,-1,3,-1,-1,4,0,-1,-1,2,0,1,0,-1,4,5,2,2,4,4,2,5,1,-1,-1,0,0,4,2,3,1,5,-1,-1,5,3,-1,-1,-1,4,1,5,2,0,2,5,3,-1,5,3,4
1064.09400875,1,4,-1,5,4,5,-1,3,1,0,0,3,3,5,2,0,4,4,1,1,-1,3,0,2,-1,-1,0,4,-1,-1,-1,-1,1,2,1,-1,-1,0,2,3,3,4,5,4,0,3,-1,1,1,2
1126.98430338,0,4,-1,3,3,0,0,2,-1,0,5,0,4,4,2,-1,4,-1,0,4,2,-1,4,-1,2,3,-1,-1,1,1,1,5,1,3,4,4,2,0,1,1,3,5,1,2,3,-1,5,2,2,-1
1057.37974242,1,2,4,4,2,-1,2,-1,1,-1,0,-1,-1,0,2,4,5,3,3,2,4,3,5,5,2,4,-1,-1,-1,1,5,-1,0,-1,5,0,1,2,1,4,-1,0,5,3,0,4,1,3,5,3
1124.63431016,3,0,-1,0,3,1,-1,4,1,3,-1,-1,-1,-1,3,0,5,1,1,3,1,4,1,5,-1,3,2,3,2,2,4,4,2,0,5,0,4,5,-1,5,2,4,-1,1,-1,4,2,0,0,1
1083.67728555,4,2,3,2,5,4,-1,3,1,1,0,2,0,0,1,4,-1,5,-1,1,1,0,3,3,-1,0,3,2,1,2,4,2,5,5,-1,-1,5,2,1,-1,4,0,0,5,2,4,-1,4,-1,3
1127.43192113,0,0,0,2,2,3,1,-1,-1,5,-1,2,0,4,1,-1,2,1,5,2,4,3,1,1,1,5,3,3,-1,2,-1,5,3,2,-1,4,4,5,4,1,3,3,4,0,-1,-1,-1,0,4,0
1081.66300565,3,3,4,0,1,1,5,5,0,4,2,-1,0,-1,2,3,3,1,4,-1,0,0,-1,-1,0,4,3,2,5,5,4,1,-1,1,5,1,2,2,3,-1,2,4,-1,0,5,-1,3,4,1,-1
1118.59147047,5,1,-1,1,5,-1,2,5,-1,-1,-1,1,2,4,4,3,0,4,3,0,5,4,1,-1,3,-1,0,3,0,3,3,5,1,-1,3,4,4,2,-1,4,1,2,5,2,0,5,1,0,2,2
1055.70117584,1,0,2,4,5,2,-1,1,0,3,1,4,0,0,4,2,4,5,1,2,4,0,0,0,1,5,5,-1,3,3,4,-1,3,3,4,-1,2,4,-1,-1,5,-1,1,2,-1,3,-1,1,5,-1
1109.97482868,5,5,-1,1,0,0,2,5,1,-1,-1,4,1,4,4,5,1,4,-1,-1,3,1,0,2,-1,4,0,1,2,-1,5,4,3,2,0,-1,4,5,0,2,3,3,2,5,-1,3,3,1,3,0
1080.76777014,2,3,3,-1,3,-1,3,-1,-1,0,2,4,-1,4,1,5,4,-1,3,5,3,0,5,-1,-1,0,0,-1,2,4,-1,2,-1,5,3,2,1,4,0,2,1,1,0,1,-1,4,4,1,1,3
1080.6558657,1,0,0,3,-1,-1,2,2,-1,-1,3,1,5,4,1,0,1,3,-1,2,3,-1,3,2,-1,0,0,3,-1,2,-1,5,1,1,1,5,1,4,-1,5,3,4,5,-1,-1,2,-1,2,0,-1
1165.70323922,2,5,3,2,4,5,0,0,4,3,5,-1,-1,4,1,3,0,4,0,1,4,1,2,-1,5,4,2,-1,0,3,-1,3,4,1,1,0,2,5,0,1,1,2,-1,-1,0,3,5,-1,3,2
1107.28912214,0,3,-1,4,2,1,2,4,2,4,4,-1,-1,4,3,0,5,5,2,5,-1,3,5,-1,1,0,0,1,-1,2,4,2,0,-1,0,1,3,1,2,5,0,3,3,3,5,-1,1,-1,5,1
1120.7176548,-1,5,-1,0,-1,0,4,5,1,-1,1,-1,4,3,5,3,0,-1,5,-1,3,5,0,3,4,2,1,2,2,2,4,-1,1,1,0,1,2,4,3,3,0,5,2,5,4,-1,0,1,2,0
1115.2343373,2,1,-1,5,-1,2,3,5,3,0,5,0,3,5,2,-1,0,2,-1,2,2,5,0,4,1,4,4,4,2,-1,5,1,1,4,1,-1,3,0,1,1,0,0,1,3,-1,5,-1,-1,3,3
1041.04169435,4,-1,5,1,5,3,-1,3,-1,1,-1,3,2,5,0,3,2,2,1,-1,1,4,2,3,0,3,5,5,-1,4,-1,1,4,3,2,-1,5,0,-1,4,4,-1,4,1,1,5,0,0,-1,2
1124.18669241,3,3,3,2,1,2,5,0,-1,4,4,2,1,-1,-1,5,0,2,0,-1,2,2,4,4,1,-1,1,5,0,3,4,3,0,1,0,-1,-1,5,2,-1,5,-1,1,0,5,1,5,3,0,3
1147.35091125,0,-1,4,0,1,0,0,-1,5,3,1,3,4,5,2,3,1,0,4,1,0,3,5,-1,-1,2,1,0,4,5,2,2,1,5,3,3,-1,3,-1,1,5,2,4,5,-1,2,2,-1,4,4
1101.24628245,2,1,0,3,0,3,0,3,1,-1,4,-1,1,4,2,1,3,-1,-1,4,1,2,4,0,-1,5,5,5,4,-1,2,2,5,5,1,5,4,-1,-1,0,1,3,4,3,1,2,0,2,3,-1
1057.26783798,2,4,4,-1,-1,2,-1,-1,5,2,3,2,-1,0,1,2,0,1,5,-1,1,3,-1,5,1,3,0,3,0,4,5,1,-1,4,5,5,4,-1,-1,-1,1,1,2,2,4,3,3,0,3,-1
1098.2248626,1,1,1,3,0,0,1,4,-1,3,4,2,5,3,2,5,2,5,4,5,0,4,3,5,2,5,0,-1,1,-1,0,-1,0,1,1,2,2,4,-1,-1,4,-1,0,2,3,3,-1,-1,5,3
1060.96068447,4,1,0,2,4,4,-1,0,0,4,5,4,-1,1,2,-1,2,3,-1,2,2,2,4,4,5,-1,0,1,3,-1,3,1,5,5,0,-1,3,2,5,3,0,0,-1,5,-1,-1,-1,-1,-1,3
1093.97249392,5,-1,-1,5,0,2,2,5,0,2,-1,2,1,3,2,-1,-1,-1,1,1,0,2,4,3,3,-1,-1,4,0,4,-1,4,1,-1,4,-1,4,0,3,1,4,3,5,1,3,0,2,3,1,4
1096.65820045,5,-1,4,0,-1,-1,1,4,-1,0,2,4,4,-1,1,1,2,1,3,-1,4,5,4,2,0,-1,2,3,4,3,0,5,5,1,-1,5,3,0,-1,1,0,-1,3,1,2,0,2,3,3,-1
1064.76543539,0,-1,3,2,4,2,3,-1,1,4,1,2,5,-1,2,3,2,-1,4,-1,3,1,2,5,-1,3,4,1,0,0,-1,5,-1,3,1,-1,2,-1,0,5,4,0,5,1,5,0,4,-1,5,-1
1118.25575715,4,1,3,1,0,0,0,5,4,2,2,-1,2,1,1,2,1,-1,4,-1,4,3,0,0,-1,5,4,4,-1,0,3,0,5,-1,-1,-1,4,1,5,5,2,2,1,-1,4,2,1,5,-1,5
1080.54396126,-1,-1,1,4,4,5,1,3,0,-1,2,2,-1,0,5,2,0,-1,3,-1,2,3,3,2,2,5,1,0,-1,-1,-1,4,-1,5,5,3,5,1,0,-1,3,4,1,4,0,4,0,1,4,2
1004.56084729,-1,5,-1,5,-1,4,-1,0,1,3,3,1,3,5,1,1,4,-1,3,5,4,2,-1,-1,-1,0,4,-1,4,-1,4,5,2,1,1,2,0,2,5,3,-1,2,0,0,3,-1,3,1,4,5
1096.09867826,-1,1,-1,-1,5,3,3,2,1,1,5,2,-1,-1,3,-1,3,5,-1,1,0,4,0,2,1,3,2,-1,0,1,2,0,-1,-1,4,4,1,2,5,4,3,0,2,0,0,4,5,4,4,3
1085.02013882,1,1,1,0,2,-1,3,2,5,-1,0,2,-1,4,5,3,1,5,-1,0,4,4,5,3,3,4,-1,0,1,-1,2,5,-1,0,4,5,3,4,-1,4,3,-1,2,5,2,-1,3,0,1,0
1087.25822759,-1,0,1,0,1,4,-1,2,2,3,1,3,4,0,2,2,1,-1,4,-1,3,4,0,-1,-1,2,-1,3,-1,1,5,1,0,0,4,3,3,-1,5,3,-1,0,-1,-1,4,2,4,-1,1,2
1121.83669919,-1,0,0,3,0,3,2,5,2,-1,1,1,2,4,5,4,0,-1,2,2,4,4,1,1,5,3,2,1,-1,5,3,-1,1,-1,4,3,-1,-1,2,4,4,3,5,0,-1,1,0,-1,1,3
1069.68923069,4,1,3,3,0,-1,1,-1,0,3,4,5,2,-1,1,5,2,-1,1,0,3,-1,-1,-1,1,2,3,4,2,-1,0,-1,3,1,-1,-1,4,2,5,4,4,4,1,1,0,0,2,3,-1,2
1082.11062341,0,-1,1,5,4,-1,-1,1,3,-1,2,5,0,-1,0,0,2,3,5,2,3,2,2,3,5,2,1,5,4,4,4,2,1,1,3,4,1,5,-1,-1,0,-1,4,3,1,-1,0,0,4,3
1117.47242608,3,5,5,4,-1,4,5,-1,-1,4,2,0,4,5,-1,5,2,3,2,4,1,-1,1,2,2,2,0,4,1,3,3,0,4,5,5,0,-1,2,1,-1,1,0,-1,-1,1,0,3,1,-1,0
1098.2248626,-1,-1,1,-1,1,0,5,2,5,1,4,1,-1,0,1,5,3,3,3,4,2,1,2,-1,4,-1,0,5,-1,0,-1,2,5,3,4,-1,0,-1,5,4,2,3,3,2,2,4,1,4,0,2
1048.98690951,5,-1,4,-1,-1,3,0,1,3,3,5,-1,3,2,3,5,5,0,-1,4,-1,0,-1,2,2,0,1,-1,1,1,3,2,4,4,1,1,-1,0,2,4,0,2,3,-1,5,4,-1,-1,-1,4
1010.26797367,-1,1,-1,-1,-1,2,4,-1,2,2,4,2,-1,-1,0,3,4,5,3,1,1,-1,0,-1,3,1,4,4,-1,5,2,1,3,3,1,5,0,5,0,5,2,-1,4,4,0,-1,-1,5,3,2
1070.13684845,3,-1,2,-1,1,4,5,3,0,-1,3,2,0,4,1,5,-1,0,-1,4,1,5,1,5,-1,1,-1,0,3,0,5,2,4,0,4,0,-1,1,2,4,5,3,2,5,3,-1,2,-1,4,2
1092.74154509,-1,1,4,1,3,1,4,4,5,0,-1,-1,-1,5,3,-1,-1,4,1,2,0,5,1,-1,0,0,2,3,4,4,-1,2,0,5,2,2,2,3,3,1,-1,-1,1,3,4,1,0,0,3,-1
1069.91303957,2,-1,3,4,-1,0,-1,3,1,2,1,4,2,3,2,3,3,-1,0,-1,-1,0,2,5,2,3,5,4,-1,1,4,1,5,5,4,1,0,-1,0,4,-1,0,2,1,3,3,5,-1,0,4
1125.86525899,3,0,3,1,2,3,1,-1,-1,5,3,-1,2,4,0,4,2,1,0,-1,4,-1,1,1,3,-1,0,2,2,-1,-1,5,0,-1,3,1,1,-1,-1,4,3,4,4,0,5,4,0,2,2,-1
1124.29859685,-1,0,-1,1,3,2,0,5,4,1,3,0,-1,3,5,-1,4,1,4,4,3,3,-1,2,2,0,-1,4,1,2,3,4,5,-1,-1,2,-1,4,0,-1,0,0,1,2,0,5,1,-1,4,3
1116.35338169,5,4,5,2,-1,0,2,2,0,3,0,2,4,-1,1,1,5,2,0,0,4,1,1,3,-1,3,4,3,-1,1,-1,-1,4,0,0,-1,4,1,2,3,2,3,2,5,1,5,-1,-1,5,3
1164.13657707,0,3,4,1,1,5,1,3,3,-1,2,0,-1,2,2,-1,1,-1,0,4,2,0,5,3,4,-1,5,-1,5,4,1,4,3,-1,3,3,2,0,-1,1,0,2,5,2,0,5,1,5,4,0
1090.95107407,3,1,-1,1,1,5,-1,0,0,2,3,4,-1,2,3,0,4,1,2,5,2,3,5,0,1,3,-1,0,5,-1,-1,4,3,1,1,4,-1,2,2,4,-1,0,4,4,5,4,3,0,-1,-1
1089.16060305,5,2,2,4,4,3,3,2,-1,-1,3,4,5,-1,-1,1,1,-1,1,0,1,2,3,0,1,-1,-1,3,-1,5,1,4,4,4,3,5,-1,-1,0,0,-1,-1,3,-1,0,3,1,2,0,1
1042.27264318,3,5,4,-1,-1,4,-1,0,0,2,-1,-1,-1,2,1,1,2,1,-1,3,0,1,2,-1,2,-1,2,3,-1,3,5,5,4,3,-1,0,3,0,-1,0,4,5,5,1,-1,4,4,5,3,0
1103.14865791,-1,2,3,4,4,4,2,4,5,-1,3,3,5,-1,-1,3,4,2,0,5,-1,1,3,1,4,2,-1,1,-1,1,3,5,-1,-1,0,5,0,0,3,2,1,1,0,4,-1,0,2,5,5,2
1121.05336812,4,4,3,5,-1,-1,-1,2,0,5,-1,5,1,4,2,2,4,5,1,4,0,-1,0,0,5,2,3,3,2,4,5,1,2,3,2,3,5,1,-1,1,0,4,1,-1,2,-1,1,0,0,3
1011.27511362,3,-1,2,-1,1,0,1,4,4,1,-1,3,4,-1,-1,5,-1,5,-1,0,-1,-1,4,-1,4,4,5,-1,3,2,5,4,2,2,4,2,0,3,0,3,-1,2,2,1,5,3,0,-1,-1,1
1062.07972885,0,0,1,1,5,2,-1,2,1,0,-1,-1,5,4,1,0,4,0,1,3,-1,-1,-1,-1,4,1,-1,4,3,2,-1,3,-1,1,4,0,3,-1,5,4,5,3,1,2,0,5,2,-1,2,5
1122.50812582,1,-1,2,0,4,5,4,-1,0,0,-1,3,4,5,1,5,3,0,0,-1,1,4,1,4,3,1,2,1,-1,2,2,3,0,0,-1,3,5,3,3,2,1,-1,4,2,3,-1,5,5,4,5
1143.99377808,5,3,-1,0,1,3,4,3,2,4,-1,5,-1,3,0,-1,1,3,0,4,3,5,3,4,2,5,1,3,-1,0,1,2,0,0,-1,5,2,5,2,-1,1,5,0,1,2,0,2,1,4,4
1030.97029486,3,-1,1,5,5,0,-1,3,-1,4,2,5,0,0,4,-1,-1,1,4,-1,-1,0,1,2,1,5,4,5,3,1,2,-1,-1,2,-1,-1,5,4,2,4,-1,3,5,0,3,3,3,1,0,1
1104.26770229,1,2,1,-1,3,-1,-1,0,5,0,-1,3,0,-1,5,1,1,-1,1,-1,5,3,0,4,2,0,4,4,3,-1,4,2,2,3,3,0,2,5,-1,4,1,4,1,3,-1,2,2,5,1,0
1076.51540146,-1,4,-1,4,4,2,2,4,2,4,3,2,1,2,2,0,3,2,-1,-1,5,1,4,3,-1,0,5,0,5,5,4,1,1,-1,0,0,2,-1,0,1,1,5,1,0,-1,-1,5,3,-1,-1
1019.33223322,3,4,0,5,2,0,5,0,2,-1,0,5,4,4,-1,1,-1,5,-1,-1,3,1,-1,3,2,2,-1,5,5,-1,-1,1,1,3,4,4,0,5,2,4,3,-1,2,3,4,3,-1,-1,0,0
1103.14865791,3,5,-1,5,2,3,-1,4,4,1,1,3,0,0,1,0,3,4,2,2,1,0,1,-1,-1,1,4,1,4,-1,-1,5,4,3,3,5,5,2,0,3,3,2,1,-1,-1,-1,4,0,2,2
1112.43672633,2,4,3,-1,-1,3,1,2,0,1,5,4,2,-1,-1,1,3,5,0,0,5,4,3,3,-1,0,2,0,5,4,1,0,1,-1,-1,3,-1,4,3,5,4,2,4,1,2,-1,5,0,4,1
1085.57966101,0,3,-1,2,1,2,0,3,2,5,0,-1,4,-1,-1,2,3,3,-1,2,1,5,4,1,4,5,-1,0,4,3,4,4,-1,3,0,5,0,2,1,-1,1,-1,4,5,1,3,0,5,-1,5
1065.1011487,1,1,5,4,0,0,2,3,0,4,0,3,3,2,1,-1,-1,2,4,3,0,-1,-1,1,-1,-1,3,5,4,5,0,1,3,3,5,5,-1,2,4,5,4,-1,-1,1,4,-1,-1,2,1,5
1106.39388663,0,3,4,4,2,0,3,-1,0,-1,3,1,-1,2,-1,5,3,5,0,0,1,1,4,5,2,3,-1,-1,-1,1,1,4,-1,5,5,2,0,2,-1,2,3,3,4,-1,1,3,2,-1,0,5
1112.43672633,-1,4,-1,-1,1,5,3,5,4,5,1,1,5,4,-1,-1,4,4,4,2,0,-1,0,2,5,-1,3,0,4,-1,1,0,5,4,-1,0,3,2,-1,0,3,1,-1,2,3,2,1,3,0,0
1105.72246,3,1,-1,-1,1,-1,5,5,1,1,4,0,5,1,0,4,5,-1,4,2,2,0,3,2,2,4,2,0,5,1,4,0,3,-1,3,-1,2,3,-1,5,4,2,1,0,0,0,3,5,3,-1
1067.00352416,-1,4,1,2,3,3,-1,2,1,5,4,4,0,2,5,-1,3,-1,2,5,5,4,2,1,-1,0,1,3,2,-1,1,5,-1,5,1,4,3,4,-1,5,0,-1,2,0,3,4,0,-1,1,0
1089.83202968,4,5,-1,3,2,5,0,3,3,-1,-1,3,2,-1,2,0,1,0,0,0,-1,2,0,4,0,4,5,3,-1,5,4,1,5,1,2,2,3,5,-1,1,3,-1,4,1,4,1,3,-1,5,4
1109.7510198,-1,2,5,-1,0,4,3,-1,4,0,2,4,-1,2,0,1,4,3,1,1,3,2,-1,3,-1,0,-1,5,1,2,-1,-1,4,5,4,0,4,-1,1,2,1,4,3,0,5,3,-1,2,0,1
1088.82488974,3,3,4,0,4,4,5,3,-1,5,2,0,5,0,2,-1,3,4,-1,-1,5,1,3,0,2,3,2,-1,-1,1,0,3,5,2,1,3,1,1,0,4,-1,4,-1,0,1,5,-1,2,1,2
1082.6701456,3,4,2,0,2,5,5,5,2,1,-1,4,-1,0,1,4,4,-1,5,3,5,1,0,4,5,4,2,-1,2,1,2,5,3,1,0,4,3,0,0,-1,3,4,5,0,-1,1,3,3,-1,1
1098.2248626,-1,-1,2,-1,2,5,0,2,3,0,1,2,-1,-1,-1,4,1,5,5,4,3,1,4,4,3,2,0,-1,1,3,1,1,3,-1,5,2,5,0,3,5,2,0,3,-1,1,3,5,4,-1,4
1076.51540146,0,4,4,2,3,4,-1,5,-1,2,2,4,-1,1,-1,2,2,0,0,3,5,-1,3,5,-1,5,1,3,0,1,1,-1,-1,1,-1,5,0,1,-1,-1,4,3,3,2,4,3,4,5,5,4
1100.35104694,0,4,-1,3,2,5,5,5,4,-1,-1,0,1,-1,4,1,5,0,0,3,5,-1,-1,5,3,3,3,2,3,3,1,1,4,2,2,-1,-1,4,0,0,0,2,2,2,4,1,-1,4,0,-1
1151.15566217,0,2,3,2,4,1,1,5,-1,3,-1,0,3,2,5,2,1,4,0,4,5,-1,3,2,0,0,4,5,3,5,-1,3,0,0,-1,4,1,2,-1,5,3,-1,4,-1,1,1,2,1,0,4
1081.21538789,0,0,2,-1,-1,2,3,1,5,5,3,3,3,0,4,2,4,4,0,0,4,3,-1,-1,5,2,-1,2,3,-1,1,4,-1,0,4,3,-1,0,1,5,5,1,-1,1,1,4,5,1,-1,2
1091.39869183,3,1,2,-1,4,1,2,5,2,1,-1,-1,-1,-1,0,5,5,2,4,5,0,-1,5,2,-1,1,0,3,-1,0,1,3,4,4,0,-1,1,-1,-1,3,1,0,3,2,-1,4,3,3,4,2
1096.65820045,1,4,0,0,1,3,2,1,-1,5,2,2,4,5,4,4,-1,2,4,3,3,4,0,3,1,0,0,5,3,2,-1,3,-1,-1,1,-1,4,0,1,2,4,-1,-1,2,3,5,-1,-1,0,5
1067.33923748,0,3,5,5,4,3,4,2,3,0,3,4,2,1,-1,4,3,0,2,5,1,4,0,2,4,-1,1,3,4,-1,1,0,3,0,5,-1,1,1,-1,5,-1,-1,-1,2,2,3,-1,5,5,-1
1099.45581142,5,0,-1,-1,3,-1,3,2,-1,1,2,0,0,-1,3,2,3,5,-1,2,0,-1,1,4,4,0,4,4,2,4,1,1,2,1,-1,0,5,3,0,4,0,4,3,-1,3,1,-1,5,-1,3
1098.67248035,0,3,5,4,-1,3,1,4,0,5,2,3,4,4,3,0,-1,0,1,5,2,1,1,3,-1,-1,2,5,1,-1,1,0,3,2,3,2,4,5,5,0,-1,-1,3,-1,2,0,1,-1,-1,4
1007.24655382,2,4,0,3,4,-1,5,1,4,-1,5,0,0,3,5,-1,-1,-1,0,5,-1,4,1,-1,1,-1,-1,-1,3,4,-1,4,4,-1,2,0,5,2,-1,3,3,3,0,1,-1,3,2,2,1,5
1118.25575715,3,0,2,3,-1,0,1,4,0,1,2,2,4,5,-1,-1,1,0,1,2,4,-1,-1,1,4,5,-1,5,4,2,1,3,0,1,2,3,0,5,5,3,5,-1,2,-1,4,-1,4,-1,3,3
1117.2486172,3,3,1,4,4,4,0,2,-1,5,-1,0,5,1,4,2,5,0,2,-1,4,4,3,-1,2,1,5,3,4,0,1,0,2,2,3,3,-1,-1,0,-1,2,1,2,-1,1,3,1,0,-1,-1
1113.55577072,-1,0,-1,1,3,4,3,-1,4,-1,0,4,-1,4,-1,1,0,3,2,5,3,1,-1,1,0,2,4,1,4,5,-1,2,1,2,4,5,2,0,0,-1,2,2,3,1,-1,5,5,-1,3,2
1054.47022701,-1,4,2,0,1,1,-1,2,2,-1,0,4,5,3,4,-1,0,2,0,3,-1,1,4,5,3,0,-1,5,-1,5,1,-1,1,4,4,-1,3,4,3,-1,5,3,0,2,1,2,4,3,1,-1
1069.91303957,-1,3,0,0,4,1,1,5,2,1,1,-1,5,0,1,-1,-1,4,4,3,-1,-1,-1,5,5,1,0,2,3,2,3,4,2,2,3,2,4,-1,-1,0,-1,2,3,4,-1,5,3,4,-1,0
1103.26056235,-1,-1,3,0,2,3,-1,3,1,-1,-1,1,0,2,4,4,3,1,0,-1,2,2,-1,1,3,1,0,2,-1,0,2,2,4,0,0,5,4,5,4,5,4,4,-1,-1,1,1,-1,3,1,-1
1069.35351738,2,3,0,0,-1,5,-1,2,-1,1,-1,4,5,5,2,-1,2,-1,1,5,4,1,4,-1,-1,-1,1,3,-1,4,0,0,3,3,2,5,0,5,3,1,4,0,5,2,2,1,-1,-1,0,-1
1119.93432373,5,1,5,0,0,4,2,4,3,2,-1,1,0,5,2,4,2,-1,0,-1,4,5,3,-1,3,1,2,4,-1,1,-1,4,1,5,-1,0,5,2,-1,1,1,-1,0,0,3,3,3,1,5,3
1019.10842434,-1,0,5,5,5,3,1,-1,2,1,-1,4,1,-1,0,2,5,-1,-1,-1,-1,3,3,-1,1,-1,-1,0,-1,2,3,-1,0,2,1,2,4,1,4,5,0,2,0,4,2,-1,0,3,5,-1
1084.34871218,2,-1,1,5,2,2,-1,1,3,4,3,4,3,1,2,5,3,-1,5,3,0,-1,2,3,1,-1,4,4,2,5,0,-1,0,1,1,5,0,-1,-1,0,4,-1,-1,4,4,0,0,1,4,2
1065.99638421,3,0,2,-1,5,-1,0,1,3,2,1,0,4,4,4,-1,1,4,-1,3,4,5,1,1,0,-1,-1,5,3,-1,0,-1,5,5,3,1,-1,5,2,2,-1,3,0,4,2,0,4,2,5,2
1055.36546252,-1,4,5,5,4,-1,0,3,3,1,5,5,1,0,-1,3,5,-1,5,2,5,2,2,4,3,-1,-1,1,2,-1,4,-1,0,3,1,4,2,0,4,3,4,5,-1,-1,0,0,2,3,2,1
1104.82722449,-1,-1,1,5,2,5,0,0,-1,-1,4,3,-1,2,-1,4,-1,3,3,4,2,3,1,-1,2,-1,4,4,2,0,1,4,1,0,1,5,3,3,2,2,5,0,3,5,1,0,5,5,3,1
1070.47256177,4,2,-1,5,0,1,2,-1,5,1,1,3,-1,5,-1,2,0,2,3,0,0,0,-1,-1,-1,1,-1,0,3,4,-1,3,-1,2,2,5,4,4,1,5,3,-1,-1,-1,5,5,1,-1,2,-1
1137.39141619,1,3,5,0,5,0,-1,-1,4,3,-1,2,-1,-1,4,3,2,5,4,-1,2,1,-1,0,4,5,1,0,0,3,-1,5,3,4,4,3,2,1,1,0,0,-1,2,4,-1,1,3,-1,2,2
1090.50345632,3,-1,4,1,0,0,0,-1,3,2,-1,5,3,2,4,0,-1,-1,1,1,5,3,4,-1,4,5,2,1,-1,0,2,-1,5,3,1,0,2,5,4,-1,2,1,3,4,1,0,4,5,5,3
1105.49865112,-1,1,1,-1,3,-1,5,2,4,4,4,3,-1,4,5,3,5,-1,1,2,3,0,2,0,3,0,1,0,1,4,1,2,5,0,3,-1,-1,-1,2,4,4,5,2,0,2,3,-1,0,1,3
1088.26536754,5,0,0,-1,1,5,0,-1,-1,4,-1,-1,4,-1,3,5,3,-1,4,1,-1,2,4,0,3,3,0,3,1,1,0,1,2,2,2,5,2,-1,1,-1,5,4,4,2,0,2,3,-1,5,4
1074.27731269,1,3,2,3,0,0,-1,2,5,-1,-1,3,2,4,3,-1,4,5,-1,5,3,2,0,2,4,0,4,1,-1,3,-1,1,1,-1,1,4,0,2,1,3,5,-1,4,5,-1,4,5,3,4,0
1069.91303957,-1,5,0,3,3,0,4,3,5,5,-1,3,4,0,0,4,3,-1,-1,2,0,1,1,-1,5,1,5,-1,2,-1,-1,4,3,0,5,2,5,1,-1,2,3,2,1,4,4,1,0,3,-1,1
1059.50592676,4,2,2,1,5,3,-1,-1,2,-1,0,-1,1,4,1,0,0,5,-1,4,0,5,3,0,-1,0,4,0,4,2,2,3,2,3,3,1,-1,5,3,-1,4,-1,0,3,1,-1,-1,-1,1,5
1093.63678061,5,3,5,1,2,5,4,-1,1,0,-1,4,3,-1,5,3,5,4,-1,4,1,3,3,5,-1,-1,2,4,4,1,0,5,2,2,2,0,1,-1,-1,0,2,0,0,-1,-1,1,1,0,2,-1
1085.24394769,2,-1,-1,1,3,3,4,0,1,5,2,5,4,5,-1,1,4,0,2,3,5,0,1,2,1,0,-1,2,0,0,3,4,5,-1,0,-1,-1,-1,-1,4,3,5,3,4,-1,-1,1,4,3,1
1073.82969493,1,1,4,5,2,2,-1,0,2,1,3,-1,1,3,0,3,4,5,2,4,-1,5,5,3,4,4,-1,0,5,4,-1,-1,1,0,3,1,2,-1,1,-1,0,0,5,-1,3,0,4,5,-1,-1
1083.67728555,3,4,2,0,3,-1,-1,-1,-1,4,-1,3,1,4,-1,2,4,4,0,0,0,0,-1,5,5,5,2,5,5,1,0,5,1,1,4,1,2,1,3,3,2,-1,5,-1,3,1,-1,4,-1,4
1149.58900002,-1,2,-1,4,2,0,1,3,1,2,4,1,-1,3,4,5,0,3,2,-1,5,-1,5,0,4,4,0,2,-1,0,-1,3,1,5,3,0,2,1,5,3,4,-1,4,-1,1,2,4,3,2,1
1088.60108086,5,3,5,4,0,0,5,-1,1,-1,1,-1,2,4,2,1,1,0,2,-1,0,1,0,-1,4,3,-1,4,2,-1,3,4,-1,1,2,3,0,4,5,3,2,-1,-1,2,1,2,3,3,0,5
1081.43919677,4,2,-1,-1,-1,4,1,-1,2,1,2,2,5,2,5,3,0,4,2,3,4,-1,1,2,3,3,5,-1,0,-1,0,5,3,1,1,0,3,5,1,5,3,0,-1,-1,1,4,-1,2,5,4
1083.90109443,4,-1,0,5,-1,-1,0,1,4,2,-1,2,2,-1,5,-1,4,1,2,-1,0,4,2,-1,1,5,-1,0,-1,-1,3,3,3,4,0,2,1,3,0,0,5,1,4,5,2,2,3,-1,4,1
1146.90329349,2,3,3,1,1,4,0,2,0,4,5,1,4,1,3,-1,3,4,3,3,2,3,0,0,-1,5,0,2,5,0,1,2,4,5,5,-1,5,4,-1,2,2,-1,1,0,-1,5,-1,1,4,3
1090.27964744,3,2,-1,1,0,-1,2,1,5,-1,5,1,2,4,3,5,0,0,-1,4,4,1,3,5,-1,4,4,5,3,-1,0,1,3,3,1,4,1,0,-1,2,1,2,2,5,0,-1,-1,-1,4,-1
1000.53228749,-1,5,5,2,-1,4,-1,0,2,0,-1,1,1,3,3,-1,-1,5,-1,1,3,0,5,4,1,2,1,-1,4,-1,2,-1,3,4,3,1,0,-1,4,-1,4,2,2,-1,-1,2,3,-1,0,4
1077.97015917,4,4,-1,-1,1,2,5,4,3,0,5,4,4,0,3,0,3,-1,2,5,-1,3,5,1,2,1,-1,2,2,2,4,0,2,5,0,4,-1,3,3,0,1,-1,1,3,1,5,-1,1,-1,5
1077.41063697,3,3,-1,0,5,4,-1,2,1,-1,2,-1,4,4,5,5,-1,-1,2,4,0,0,2,3,2,3,-1,5,5,2,0,-1,1,3,3,5,-1,1,5,2,2,1,1,-1,1,4,3,0,1,1
1083.11776335,1,2,5,2,1,5,5,3,2,0,4,0,1,3,1,5,3,3,0,0,4,4,3,-1,2,2,3,2,1,5,-1,1,3,-1,0,-1,0,-1,-1,-1,5,5,-1,4,-1,2,-1,4,0,4
1050.21785834,1,3,-1,5,2,1,1,-1,-1,5,4,3,1,-1,1,2,-1,1,5,0,3,0,4,-1,2,1,4,4,2,0,0,2,3,4,2,5,0,5,-1,-1,-1,4,3,3,3,0,-1,-1,5,4
1096.65820045,-1,4,-1,2,0,5,5,0,0,3,0,5,4,3,4,1,-1,4,2,-1,4,5,1,3,4,5,1,2,2,2,1,-1,-1,2,1,-1,5,3,1,1,4,0,5,2,5,3,0,-1,4,3
1090.95107407,1,-1,-1,2,4,-1,3,3,0,-1,-1,1,5,4,4,2,2,3,3,-1,4,-1,1,-1,5,1,-1,1,3,0,2,-1,5,0,2,0,3,1,4,2,0,0,1,4,-1,0,4,-1,-1,1
1067.78685523,0,-1,4,3,2,2,1,-1,5,4,-1,4,0,2,-1,5,5,3,-1,1,2,0,3,0,0,0,-1,-1,-1,1,2,3,1,-1,-1,5,3,2,-1,3,2,-1,5,4,4,0,3,1,4,1
1076.73921034,2,3,0,1,3,5,0,4,1,-1,0,0,-1,-1,1,-1,5,5,1,4,3,2,0,-1,4,0,4,3,-1,-1,5,4,1,2,5,0,-1,4,5,5,-1,1,4,2,1,-1,2,-1,2,3
1070.36065733,4,-1,5,4,0,5,4,-1,5,2,2,1,4,2,3,0,4,-1,5,3,1,-1,4,4,3,0,-1,-1,3,1,-1,3,2,3,-1,-1,0,1,0,2,-1,0,3,1,1,0,1,-1,2,-1
1129.33429659,4,0,4,2,4,5,3,2,3,3,2,4,-1,3,2,4,3,1,2,-1,5,0,-1,0,3,5,5,3,-1,-1,4,-1,4,1,2,1,1,3,-1,1,1,0,1,0,2,-1,5,5,2,0
1086.36299208,5,1,0,0,1,2,4,-1,4,1,3,1,2,0,-1,2,-1,-1,4,4,5,-1,0,3,5,5,3,2,3,4,2,0,5,-1,1,-1,3,0,-1,-1,1,2,1,-1,3,3,5,5,0,1
1126.20097231,0,4,5,3,1,-1,4,3,0,-1,1,0,0,-1,2,-1,2,4,0,-1,1,3,0,5,2,0,2,3,4,0,-1,2,2,2,5,3,2,4,-1,4,3,1,1,-1,-1,5,-1,1,4,-1
1122.06050807,3,2,4,3,5,3,3,4,0,0,-1,2,-1,-1,0,2,0,3,0,1,0,5,4,1,5,4,0,-1,3,2,1,1,-1,5,5,-1,4,2,2,-1,2,-1,0,-1,1,-1,4,1,1,-1
1108.74387985,1,-1,0,5,-1,0,-1,0,3,-1,1,2,1,4,0,-1,1,5,4,1,4,5,2,3,-1,0,3,1,0,4,4,2,2,3,2,3,2,5,0,-1,-1,2,3,2,5,5,1,3,4,5
1096.54629602,5,0,5,2,-1,0,3,0,-1,1,1,3,3,0,2,2,5,4,4,3,4,1,1,-1,3,0,4,4,2,-1,-1,0,2,2,4,4,5,5,1,2,-1,5,1,5,3,3,0,-1,-1,1
1091.73440515,-1,4,-1,0,1,5,2,0,-1,1,3,5,0,0,5,4,-1,4,3,2,1,3,1,1,4,2,0,-1,3,-1,4,-1,-1,-1,3,2,5,1,2,3,0,2,2,3,4,5,5,-1,5,1
1101.80580464,4,1,-1,5,5,4,-1,0,2,5,0,1,0,3,1,4,2,1,-1,5,2,-1,-1,-1,2,5,0,0,3,2,-1,3,0,1,1,3,4,4,3,5,1,-1,3,4,0,3,2,2,5,2
1106.72959995,5,1,3,3,2,1,4,2,1,-1,4,4,3,5,0,1,-1,0,4,2,5,3,5,1,0,2,5,0,5,0,4,2,4,2,-1,4,4,0,-1,1,-1,0,3,1,5,2,-1,3,-1,-1
1052.00832936,2,-1,-1,1,5,2,-1,4,3,0,2,4,0,5,0,3,5,2,-1,1,4,-1,3,-1,4,1,0,-1,4,-1,3,3,2,4,1,2,3,5,5,0,1,-1,0,1,4,5,1,5,2,0
1077.1868281,3,1,3,1,1,1,5,1,4,2,2,-1,2,0,0,-1,0,3,4,5,5,-1,0,2,-1,0,1,5,-1,-1,0,2,4,2,4,-1,4,3,0,-1,3,3,-1,4,0,5,-1,-1,4,3
1089.04869861,5,4,2,1,-1,-1,4,-1,4,3,-1,-1,3,4,0,0,2,0,0,0,5,4,-1,-1,-1,2,3,5,1,1,5,1,3,5,-1,2,-1,2,4,2,0,5,-1,0,5,3,1,4,2,3
1089.27250749,-1,1,1,4,-1,5,1,-1,-1,5,-1,1,0,2,-1,3,2,5,5,-1,3,0,3,4,-1,4,3,0,5,4,0,5,3,2,-1,2,3,-1,-1,4,4,0,4,3,2,1,1,1,2,2
1075.95587927,1,4,0,-1,4,-1,2,3,1,0,4,3,0,-1,3,1,-1,2,2,-1,3,0,4,-1,2,5,-1,1,4,5,-1,1,1,-1,4,0,2,0,2,-1,2,5,2,5,5,5,5,3,3,1
1077.41063697,1,3,3,3,3,0,5,4,1,-1,0,0,2,3,1,1,0,-1,-1,1,2,2,4,5,-1,5,-1,-1,2,-1,4,-1,4,0,0,0,5,2,4,4,4,1,-1,3,3,-1,2,-1,0,5
1061.96782441,-1,4,0,1,3,-1,1,2,1,5,2,2,5,0,-1,-1,-1,-1,4,5,-1,-1,-1,1,3,0,5,2,3,5,3,4,4,-1,4,0,-1,2,0,4,4,4,1,-1,3,0,2,3,2,0
1153.61755982,3,3,-1,1,0,-1,3,4,1,5,1,4,0,3,-1,3,2,2,1,-1,3,-1,0,-1,-1,4,5,1,5,2,4,4,1,5,4,2,4,3,2,0,0,0,2,-1,1,1,0,2,4,5
1083.67728555,0,4,-1,2,4,5,-1,0,1,4,-1,0,2,4,3,5,5,-1,5,5,1,1,0,-1,1,0,4,0,1,2,3,3,1,4,3,1,-1,3,5,2,-1,-1,0,0,2,4,2,3,2,-1
1071.59160615,-1,2,4,-1,3,-1,3,3,0,4,4,1,5,5,2,-1,3,-1,2,-1,4,5,0,4,3,5,0,2,1,3,3,4,2,1,-1,2,-1,1,5,-1,2,5,2,0,1,-1,1,1,2,-1
1108.07245322,-1,1,2,2,-1,3,0,0,-1,3,0,5,0,-1,4,-1,5,1,4,2,1,4,4,1,-1,2,2,5,0,0,3,5,2,3,5,1,-1,5,-1,5,0,3,-1,4,4,4,-1,4,2,-1
1136.49618068,4,2,1,3,-1,5,-1,4,3,3,-1,0,1,5,2,0,0,1,2,-1,2,4,0,5,-1,2,2,3,4,0,-1,2,1,2,4,-1,4,4,3,1,1,0,1,5,0,-1,5,3,3,-1
1135.60094517,-1,-1,0,0,1,0,2,3,-1,3,2,4,5,4,0,4,0,5,1,-1,5,1,2,1,-1,-1,4,1,3,-1,2,2,-1,5,3,0,2,5,3,5,3,1,3,2,5,-1,4,0,1,4
1139.74140941,1,0,5,1,5,5,0,1,4,4,2,-1,5,-1,3,-1,2,-1,4,2,2,1,4,0,5,4,0,5,-1,1,3,1,4,3,3,1,3,4,-1,0,-1,3,-1,2,2,4,5,2,0,0
1077.74635029,1,1,3,-1,-1,-1,-1,4,2,0,-1,3,3,2,-1,3,2,0,5,4,0,1,1,-1,3,4,0,2,4,0,5,5,2,4,2,-1,3,3,-1,-1,0,5,5,-1,-1,0,2,4,2,1
1040.5940766,5,-1,-1,0,4,-1,2,1,1,3,5,-1,4,-1,-1,0,1,2,5,-1,3,-1,2,3,3,1,1,5,1,2,3,1,4,0,4,-1,-1,3,4,-1,4,-1,-1,3,5,4,0,0,5,0
1101.80580464,0,1,2,-1,4,5,4,-1,5,3,2,5,5,-1,-1,2,3,-1,2,2,-1,4,1,4,0,1,0,0,0,3,3,1,5,-1,4,2,-1,-1,1,1,-1,4,0,5,1,3,3,3,2,0
1089.49631637,1,5,5,1,1,2,-1,2,5,3,3,5,4,4,0,2,3,1,1,5,-1,-1,1,4,3,4,0,2,3,4,0,5,-1,0,0,2,-1,-1,0,-1,1,2,4,-1,3,1,5,-1,4,3
1148.3580512,4,1,5,0,4,3,3,-1,0,3,0,2,-1,1,4,4,1,2,0,-1,1,-1,5,1,0,-1,2,1,3,5,2,0,5,-1,4,1,2,4,4,1,-1,3,0,5,0,5,2,3,-1,5
1105.94626888,2,5,1,1,-1,1,0,3,5,4,2,1,3,1,4,4,0,0,5,4,3,-1,-1,0,4,3,4,5,1,0,-1,3,2,5,5,4,3,3,0,5,-1,-1,-1,-1,2,2,-1,5,-1,0
1105.72246,3,2,0,5,2,-1,1,-1,3,4,1,-1,5,-1,-1,4,3,2,3,5,5,0,1,5,1,1,2,5,-1,4,3,4,4,-1,0,5,0,4,2,2,1,0,1,1,4,0,3,-1,3,0
1054.02260926,1,0,2,2,-1,5,2,1,5,0,-1,2,2,-1,4,3,1,0,4,1,5,0,4,4,5,0,3,-1,0,-1,4,-1,-1,5,5,1,3,3,3,-1,-1,-1,-1,-1,3,1,4,4,2,-1
1084.57252106,1,1,4,0,2,0,5,2,0,0,4,-1,5,5,3,2,4,-1,4,5,-1,-1,3,2,-1,2,1,-1,-1,5,-1,4,5,-1,3,4,0,2,-1,0,0,1,2,3,-1,3,1,3,1,4
1072.26303279,-1,5,-1,1,2,-1,0,4,0,3,-1,3,-1,4,3,5,3,2,0,-1,3,1,-1,0,-1,2,5,3,1,4,2,5,5,-1,5,4,4,-1,-1,1,2,-1,1,3,3,5,1,-1,4,2
1108.96768873,-1,-1,2,0,-1,0,2,1,1,-1,5,2,4,2,3,-1,3,-1,2,2,-1,-1,-1,0,4,5,3,0,-1,0,5,4,4,3,-1,3,2,4,1,0,4,5,3,-1,1,-1,1,4,0,2
1070.58446621,-1,3,4,2,-1,-1,5,4,0,0,2,-1,-1,2,5,3,4,5,0,-1,-1,4,1,1,0,5,-1,-1,3,2,0,-1,4,5,0,1,5,2,1,1,3,1,4,0,-1,2,3,3,0,3
1114.11529291,-1,3,-1,1,4,2,5,1,2,4,5,0,5,2,0,1,2,-1,0,2,5,4,1,3,4,0,1,3,2,3,0,2,4,3,5,0,4,1,3,-1,-1,0,4,1,5,-1,-1,0,-1,-1
1067.6749508,-1,4,-1,3,0,4,2,-1,0,1,-1,4,-1,1,5,0,3,5,4,-1,-1,5,2,5,0,2,3,1,1,1,0,-1,3,4,3,0,-1,-1,2,-1,3,5,1,5,0,2,3,3,2,2
1100.35104694,0,3,2,-1,3,-1,-1,1,-1,5,2,5,-1,-1,3,1,1,4,0,4,3,1,2,5,1,2,0,5,3,4,5,1,-1,3,4,0,0,-1,1,0,5,-1,2,-1,2,3,4,2,5,4
1046.63691629,-1,-1,-1,2,-1,5,0,3,0,1,5,3,3,4,-1,0,4,5,2,2,3,3,1,-1,2,5,2,-1,-1,4,-1,0,2,1,4,-1,4,0,3,4,2,-1,1,0,1,0,1,-1,4,3
1051.5607116,0,1,3,4,5,1,4,2,2,-1,0,5,0,0,-1,2,-1,4,2,-1,1,2,0,1,2,2,-1,3,5,4,5,4,3,1,3,-1,2,4,5,-1,3,-1,1,3,3,0,-1,3,-1,5
1115.34624174,4,4,1,5,5,3,-1,4,-1,5,4,1,3,0,-1,-1,0,0,-1,2,2,-1,2,2,5,0,3,1,3,2,4,4,1,4,0,-1,0,-1,3,-1,3,0,3,1,2,5,1,5,0,1
1057.6035513,2,-1,-1,4,-1,-1,4,-1,3,3,3,-1,4,1,1,3,5,0,-1,2,1,3,1,2,2,-1,0,4,5,4,-1,0,1,2,3,1,1,5,5,5,-1,5,4,4,0,0,0,1,0,5
1080.20824795,2,5,5,0,0,-1,5,2,2,3,-1,3,1,-1,4,-1,-1,3,3,2,3,0,5,-1,4,2,5,4,1,4,0,-1,-1,2,5,1,1,4,0,4,2,4,5,0,1,3,1,-1,3,3
1059.50592676,1,5,5,0,-1,3,5,2,0,4,4,1,1,0,3,0,1,1,0,-1,-1,2,-1,2,2,3,-1,4,5,-1,3,-1,3,1,-1,2,2,0,5,-1,-1,4,3,2,3,1,4,-1,3,-1
1120.15813261,-1,-1,1,1,3,4,0,5,2,0,-1,-1,2,-1,-1,4,1,-1,0,1,3,3,-1,5,2,5,1,0,0,4,0,2,5,3,3,-1,0,2,1,5,4,2,3,-1,2,5,3,4,4,4
1109.7510198,4,-1,4,3,2,5,5,0,-1,-1,-1,0,1,3,4,4,2,0,-1,2,2,0,5,0,4,-1,3,3,2,3,3,1,0,5,4,0,-1,5,-1,5,2,3,5,1,-1,-1,1,1,1,4
1112.54863077,2,1,4,-1,1,2,1,1,0,2,0,3,3,3,1,4,2,0,4,4,3,-1,5,-1,-1,5,4,3,-1,3,-1,5,3,0,0,2,5,5,5,5,0,1,2,-1,-1,3,-1,1,2,0
1084.01299887,4,-1,1,5,0,-1,1,3,-1,4,0,2,5,3,-1,2,-1,-1,1,5,-1,-1,2,-1,4,2,0,3,1,2,-1,5,5,4,4,2,1,3,0,3,2,4,1,4,0,2,0,5,-1,3
1078.75349024,4,3,-1,2,2,3,0,-1,3,0,2,2,0,-1,3,4,2,4,-1,0,1,3,5,2,-1,1,1,4,5,-1,5,5,0,3,0,-1,5,1,-1,-1,1,-1,0,2,-1,1,3,4,4,1
1100.12723806,4,2,4,4,-1,0,4,1,4,-1,5,-1,-1,0,1,-1,5,0,1,2,1,1,2,3,5,5,3,-1,3,-1,5,5,0,-1,1,4,3,0,3,2,4,3,1,5,2,0,0,-1,-1,1
1128.43906108,4,3,3,5,3,-1,0,2,-1,1,5,1,1,2,0,-1,0,-1,0,3,2,2,0,-1,3,0,3,4,-1,0,0,5,4,4,2,1,-1,1,4,1,4,4,2,5,2,5,-1,3,-1,2
1089.83202968,-1,-1,2,5,1,4,-1,2,0,3,-1,0,4,4,2,5,-1,2,3,4,1,5,1,3,5,0,-1,-1,1,2,-1,5,0,5,0,3,0,0,4,2,1,5,0,2,1,4,-1,1,3,3
1075.39635708,2,-1,3,3,3,1,1,-1,-1,-1,3,1,0,1,-1,2,-1,-1,2,2,3,2,4,-1,-1,4,5,5,-1,0,4,0,2,0,-1,3,5,1,0,4,-1,2,4,-1,3,4,5,1,1,0
1058.94640457,5,1,-1,0,3,3,2,3,2,1,0,2,1,-1,2,2,1,4,-1,2,5,-1,0,5,4,1,3,4,-1,4,2,-1,1,-1,4,1,4,-1,4,5,1,-1,3,3,0,-1,-1,0,-1,0
1105.72246,2,4,5,3,2,-1,1,0,5,-1,4,5,-1,-1,2,5,4,4,-1,1,3,4,3,0,1,1,2,3,2,1,0,4,4,5,2,-1,3,3,0,3,1,-1,1,0,-1,-1,0,2,1,-1
1091.39869183,4,2,-1,1,-1,-1,4,2,4,1,0,0,0,1,1,4,5,-1,5,2,5,2,2,0,0,2,5,1,1,-1,1,3,0,4,3,5,-1,3,-1,0,3,-1,4,-1,3,2,5,3,3,4
1096.09867826,1,-1,0,0,3,5,-1,0,3,4,1,0,-1,1,4,1,4,4,4,5,0,-1,3,2,2,3,2,-1,-1,-1,-1,2,4,5,2,3,3,1,2,2,0,5,0,4,5,-1,5,0,1,3
1099.90342918,2,4,1,-1,1,3,1,0,5,-1,3,-1,2,0,1,-1,1,4,1,0,0,5,-1,5,0,0,3,4,-1,3,2,-1,-1,0,5,1,2,3,-1,4,4,2,-1,-1,1,2,-1,4,3,5
1095.6510605,-1,5,-1,3,-1,4,-1,0,2,0,1,3,1,-1,2,5,0,3,3,4,2,3,1,-1,4,1,-1,2,0,2,-1,2,3,3,5,0,1,4,-1,0,-1,4,3,1,0,2,4,-1,4,2
1121.277177,3,3,4,1,-1,0,5,4,2,0,4,3,2,5,3,-1,3,0,2,4,-1,2,3,2,4,5,5,3,0,3,5,5,4,-1,1,4,-1,2,0,1,0,1,-1,5,-1,-1,-1,1,0,2
1041.82502542,1,-1,1,-1,3,-1,3,0,1,4,0,-1,2,4,1,5,5,5,0,1,4,5,3,0,0,4,0,4,0,-1,-1,-1,-1,4,1,-1,2,3,2,2,-1,-1,1,-1,-1,5,-1,3,3,4
1113.10815296,1,-1,3,5,4,-1,-1,3,-1,0,-1,5,1,3,4,2,0,4,0,3,1,4,4,0,3,0,0,5,5,-1,5,2,2,0,-1,4,1,-1,-1,2,2,2,5,4,1,3,2,5,5,1
1076.29159259,5,1,-1,4,0,2,-1,3,4,-1,0,2,1,1,3,1,2,5,5,0,0,4,-1,5,3,-1,3,-1,4,-1,3,0,-1,2,5,3,4,2,0,1,3,-1,0,5,2,-1,4,2,4,1
1113.89148403,0,1,0,-1,-1,5,0,0,3,-1,3,0,-1,3,5,3,0,1,4,4,1,-1,4,1,-1,0,4,-1,-1,1,5,2,5,4,-1,-1,1,1,5,2,3,4,2,5,-1,-1,2,0,3,4
1107.7367399,-1,1,3,5,-1,1,1,4,2,2,3,5,0,-1,0,4,0,4,2,5,0,0,2,4,-1,1,4,0,2,1,3,1,-1,3,1,5,2,-1,-1,-1,1,4,4,-1,-1,2,3,-1,-1,3
1107.84864434,3,2,2,3,5,3,-1,2,5,2,-1,-1,0,0,-1,1,0,3,3,2,0,1,4,3,4,0,4,-1,5,1,-1,-1,0,4,5,0,2,5,-1,-1,1,-1,0,5,4,1,1,2,4,1
1084.23680774,-1,-1,0,1,4,5,0,5,3,2,-1,5,4,1,5,5,4,2,5,2,3,3,5,5,2,1,2,4,-1,0,1,3,3,-1,0,3,1,-1,4,0,1,-1,3,-1,1,2,4,2,1,-1
1122.7319347,-1,5,5,3,0,4,-1,2,3,2,4,1,-1,4,4,-1,5,5,4,0,5,1,-1,2,3,4,1,3,3,1,5,5,0,-1,2,0,3,-1,1,4,2,0,0,1,0,3,2,2,1,-1
1110.08673311,5,3,2,5,1,4,3,2,-1,-1,3,2,-1,4,4,5,5,5,0,2,1,1,2,5,-1,0,-1,2,-1,4,-1,-1,-1,0,3,0,1,1,4,3,1,0,3,4,-1,1,3,2,0,-1
1103.7081801,0,-1,3,1,5,0,-1,1,0,4,2,-1,2,0,0,2,3,4,2,5,4,-1,3,3,5,2,1,0,5,2,1,-1,3,3,4,5,4,-1,5,3,4,1,0,2,-1,-1,1,4,0,-1
1070.58446621,2,5,-1,-1,3,4,-1,-1,0,-1,-1,0,1,2,2,5,2,5,4,5,1,4,3,-1,3,-1,-1,0,-1,0,2,-1,1,3,0,4,0,1,0,2,1,5,2,1,3,2,4,3,3,4
1092.85344953,-1,2,0,4,0,-1,1,5,2,0,4,0,1,-1,-1,3,1,-1,0,1,4,2,5,5,3,4,1,-1,-1,3,5,4,2,4,-1,2,2,5,3,3,4,5,0,1,2,-1,-1,5,2,3
1088.26536754,-1,0,0,1,2,1,-1,-1,2,3,-1,-1,-1,-1,4,2,5,4,2,-1,4,5,5,-1,4,1,4,3,2,0,2,3,5,3,4,1,2,3,1,0,-1,0,1,-1,4,1,5,5,3,0
1077.97015917,-1,0,-1,0,4,-1,3,-1,0,2,0,3,4,1,4,0,4,3,2,5,2,-1,3,5,0,1,5,4,1,1,-1,-1,3,2,1,2,2,0,1,5,4,-1,5,-1,4,5,-1,5,3,2
1032.20124368,0,1,2,-1,2,3,0,-1,-1,-1,2,5,-1,-1,1,-1,5,-1,5,5,5,-1,1,5,3,3,4,4,4,2,3,4,4,1,3,1,-1,2,4,1,3,5,2,-1,-1,1,-1,3,3,0
1039.58693665,3,4,5,-1,3,2,1,-1,1,0,4,2,-1,5,0,0,1,3,4,0,2,5,3,1,5,-1,5,2,-1,-1,3,2,-1,-1,-1,4,3,4,4,-1,4,2,4,-1,1,0,1,-1,-1,-1
1096.54629602,0,3,1,-1,3,1,-1,-1,3,0,-1,0,2,0,-1,-1,0,-1,3,2,0,4,-1,-1,4,1,5,-1,4,2,5,4,0,1,1,4,3,5,5,3,3,1,5,4,3,0,2,5,1,4
1104.26770229,5,1,1,-1,-1,0,1,4,2,-1,0,4,5,2,5,3,4,2,2,3,4,-1,2,5,4,2,-1,0,1,-1,0,2,-1,3,2,0,4,1,5,3,5,4,1,3,3,1,0,4,0,-1
1113.89148403,0,3,0,-1,-1,-1,1,3,5,2,-1,4,3,4,5,0,1,-1,2,2,1,-1,1,3,2,4,-1,0,0,-1,3,-1,2,0,1,3,1,1,2,4,5,1,5,4,4,5,4,3,5,2
1125.97716343,1,3,2,3,1,3,1,2,5,5,3,4,0,0,4,4,3,-1,5,0,2,3,1,4,4,4,-1,3,1,0,5,2,-1,-1,5,-1,-1,4,-1,0,0,2,5,-1,-1,1,2,0,2,4
1091.62250071,3,1,1,-1,2,-1,0,-1,5,-1,0,0,4,2,2,2,5,4,3,5,-1,2,4,0,3,-1,3,4,-1,1,-1,4,2,2,1,-1,5,-1,1,4,0,0,0,1,3,3,-1,3,3,4
1115.68195506,-1,2,5,-1,3,1,2,3,1,2,4,5,2,0,-1,4,2,1,3,-1,4,0,3,4,1,4,1,3,-1,1,5,3,0,5,5,0,-1,0,3,4,0,5,4,-1,3,1,0,5,-1,-1
1103.7081801,2,-1,2,-1,0,0,2,1,1,1,3,2,4,3,2,2,5,0,5,3,0,5,0,-1,5,3,-1,5,3,1,4,3,1,-1,4,-1,0,4,5,0,4,-1,-1,2,5,-1,1,3,1,5
1089.94393412,0,0,4,1,3,2,4,0,-1,4,2,-1,-1,3,0,1,4,-1,3,0,4,-1,0,1,5,1,-1,2,2,5,-1,-1,5,2,1,5,0,4,2,1,3,3,3,1,5,-1,5,4,-1,-1
1043.05597425,5,-1,4,3,0,5,1,-1,1,1,5,-1,4,1,-1,2,0,5,4,-1,0,0,2,-1,2,3,2,4,-1,4,-1,-1,4,5,1,2,5,-1,3,2,5,-1,3,3,2,0,4,3,3,0
1148.46995563,1,5,3,-1,-1,5,0,5,5,0,3,0,-1,5,4,1,3,0,5,4,1,2,5,0,-1,4,4,2,2,2,3,-1,2,-1,1,2,4,3,2,1,4,0,3,0,5,3,-1,4,1,1
1106.84150439,-1,2,-1,0,2,-1,2,4,3,4,4,2,0,-1,4,3,5,1,0,-1,-1,3,4,1,5,1,0,1,-1,3,3,4,5,1,-1,0,4,5,-1,5,5,0,0,2,2,3,1,2,3,-1
1087.70584535,5,5,4,3,1,5,5,5,-1,2,-1,-1,-1,0,1,2,1,1,5,2,1,2,0,3,1,3,1,4,-1,0,2,0,-1,4,4,0,3,-1,4,2,3,-1,4,0,-1,-1,0,-1,3,4
1043.16787869,-1,3,5,1,4,4,5,-1,-1,1,2,-1,4,-1,2,3,2,-1,4,2,0,0,1,4,2,3,3,4,-1,1,-1,-1,1,-1,-1,5,5,1,2,3,2,-1,-1,3,5,4,0,-1,3,2
1061.85591998,4,1,0,3,4,-1,-1,4,0,2,-1,5,1,-1,4,0,2,3,4,1,0,5,-1,4,1,1,5,5,2,2,0,3,-1,4,2,2,0,-1,2,3,-1,1,5,5,-1,3,-1,1,3,-1
1112.21291745,-1,5,-1,2,-1,0,5,1,0,-1,2,4,-1,3,-1,2,3,2,4,1,1,1,3,2,-1,5,-1,1,4,1,5,3,4,4,-1,-1,0,0,-1,1,2,3,0,4,4,0,3,0,5,2
1158.20564181,2,3,3,5,0,0,4,0,2,-1,5,0,2,-1,3,3,1,1,2,3,1,3,4,2,0,5,5,2,-1,4,1,-1,4,1,4,1,2,4,5,0,1,-1,1,-1,0,3,-1,4,-1,0
1111.42958638,3,-1,2,0,5,2,2,3,3,0,1,3,-1,4,4,-1,1,1,5,5,0,2,1,-1,5,5,2,-1,0,4,3,-1,2,5,1,-1,-1,1,3,4,0,0,2,-1,1,4,-1,3,4,0
1063.0868688,-1,-1,-1,-1,0,3,2,2,-1,2,1,3,-1,0,2,-1,-1,4,-1,4,4,4,3,0,2,4,-1,1,2,3,5,2,1,4,1,0,0,-1,1,-1,1,0,5,1,-1,5,3,3,-1,5
1004.44894285,3,4,1,-1,-1,-1,5,3,4,3,1,4,0,5,3,5,4,-1,4,-1,5,-1,3,2,1,-1,0,0,4,2,0,1,-1,-1,1,-1,3,1,-1,-1,3,5,1,2,4,2,4,2,3,-1
1102.70104015,-1,5,-1,2,5,3,2,-1,-1,5,-1,3,4,2,0,4,-1,-1,3,3,4,5,0,-1,2,0,0,1,2,1,5,4,3,3,3,1,0,1,-1,1,1,1,-1,2,-1,3,0,-1,4,0
1145.7842491,5,5,3,5,3,1,0,-1,2,0,0,2,-1,2,-1,3,4,1,0,4,2,1,5,4,5,1,3,4,1,-1,2,3,0,1,3,0,5,-1,-1,0,4,-1,4,5,1,4,2,4,2,2
1048.98690951,1,1,4,5,4,2,2,3,5,1,2,-1,0,-1,0,-1,-1,4,4,3,-1,-1,0,-1,4,2,-1,3,5,4,5,3,0,2,-1,0,-1,1,5,-1,3,4,5,1,1,0,0,2,3,2
1080.54396126,5,3,5,-1,0,4,3,2,-1,1,4,1,1,-1,3,3,4,1,-1,2,-1,4,2,1,-1,2,4,3,5,2,5,4,2,1,0,0,0,3,5,-1,2,-1,-1,4,-1,0,-1,0,1,2
1108.63197541,0,3,2,3,1,2,-1,5,4,-1,3,4,4,1,0,4,2,-1,3,1,4,5,5,2,0,3,-1,4,1,5,1,0,2,0,0,5,1,5,0,5,4,4,2,-1,2,3,-1,3,1,3
1103.59627566,0,1,5,-1,0,-1,4,4,-1,1,0,0,-1,2,5,4,1,2,1,1,-1,-1,5,0,-1,1,3,5,3,-1,5,4,-1,3,2,2,5,3,0,-1,2,2,1,3,1,2,3,-1,2,4
1055.47736696,5,4,0,5,2,0,-1,2,0,-1,2,-1,1,2,3,2,2,-1,-1,5,5,4,0,-1,1,-1,1,3,0,1,2,1,0,4,3,4,-1,0,-1,5,1,3,-1,-1,1,-1,3,3,-1,5
1135.04142297,-1,4,-1,0,4,0,2,-1,0,3,5,1,0,3,5,-1,5,-1,0,-1,3,2,0,5,3,3,1,0,2,-1,1,4,3,-1,2,1,2,4,4,3,2,1,3,4,5,2,1,1,-1,0
1075.84397483,4,-1,5,0,3,1,5,-1,1,2,-1,2,1,1,5,0,4,2,-1,5,3,-1,2,3,-1,4,4,3,2,2,5,1,5,4,-1,2,-1,0,0,0,-1,3,1,-1,4,1,0,3,-1,4
1101.91770908,2,3,2,1,-1,1,3,3,-1,-1,0,3,-1,2,1,0,0,2,2,-1,-1,4,-1,1,4,4,-1,5,1,5,4,-1,-1,1,0,0,3,5,4,3,5,2,5,4,0,5,5,0,3,1
1112.66053521,1,5,2,3,-1,2,1,0,4,2,4,3,4,1,3,5,3,2,5,-1,4,0,2,2,4,4,5,1,-1,1,3,1,0,5,3,1,-1,0,4,5,-1,0,-1,3,2,0,5,0,-1,-1
1078.52968136,4,5,2,-1,-1,1,1,4,3,0,5,1,0,5,2,4,2,3,5,1,3,3,4,-1,2,3,-1,1,-1,0,-1,3,-1,-1,0,1,1,2,-1,3,4,5,2,4,-1,0,2,0,2,5
1090.95107407,5,1,-1,1,5,4,-1,3,1,2,-1,3,-1,4,3,3,-1,4,5,0,4,-1,2,-1,-1,4,5,4,1,1,0,2,2,2,3,1,0,0,0,5,2,2,5,-1,3,3,0,1,4,4
1073.1582683,-1,1,2,4,-1,2,2,5,3,-1,1,1,1,3,5,3,5,4,1,-1,0,2,1,-1,2,1,-1,4,0,-1,4,5,2,0,0,5,0,-1,0,3,5,4,1,5,3,2,-1,4,4,5
1072.48684167,4,-1,1,0,0,3,3,-1,1,3,2,-1,5,4,4,-1,-1,1,-1,4,-1,-1,4,0,2,0,0,0,3,1,5,-1,1,2,3,-1,1,0,5,5,4,1,3,2,2,-1,5,3,-1,2
1098.44867148,2,5,4,2,-1,4,0,0,4,4,2,4,2,5,4,3,-1,4,1,-1,0,3,2,0,-1,1,-1,1,5,5,-1,-1,2,1,3,2,0,3,3,-1,-1,-1,0,1,5,0,1,1,0,5
1112.88434409,5,1,1,4,2,5,1,2,3,-1,1,3,-1,0,4,2,2,3,1,5,2,0,3,4,0,0,5,-1,0,4,4,0,4,0,1,3,3,2,-1,-1,1,5,3,5,-1,-1,-1,2,-1,3
1117.2486172,4,-1,1,3,0,0,0,0,5,2,-1,5,2,4,5,0,3,3,1,1,3,1,0,-1,1,-1,-1,3,5,4,3,-1,4,1,1,4,-1,5,2,3,3,0,5,2,5,2,2,4,4,5
1098.78438479,4,0,2,5,3,4,-1,0,4,1,-1,5,3,-1,5,5,3,-1,4,3,2,-1,2,4,3,0,5,0,3,4,-1,2,3,0,0,0,5,2,1,1,2,-1,1,-1,2,2,-1,1,1,4
1111.2057775,1,0,2,-1,-1,0,2,1,1,2,4,2,1,-1,3,5,3,-1,3,1,5,0,-1,5,3,1,3,0,-1,4,-1,1,2,3,0,5,4,3,2,4,0,-1,4,5,4,2,0,5,3,-1
1070.69637064,4,5,-1,0,0,5,0,5,2,3,1,4,-1,1,0,2,1,3,-1,5,-1,2,3,-1,4,0,-1,1,2,3,3,2,-1,4,1,5,1,4,3,1,-1,-1,4,0,2,0,2,4,5,5
1041.60121655,1,0,4,1,-1,4,5,5,3,0,2,0,1,2,1,3,1,-1,4,4,5,-1,-1,4,5,5,-1,-1,-1,-1,3,-1,2,0,-1,4,2,1,3,2,0,3,5,1,4,-1,5,3,-1,2
1098.67248035,0,2,-1,4,-1,2,3,-1,-1,0,4,4,1,-1,0,4,4,5,3,5,4,-1,2,2,0,1,0,-1,3,5,3,1,1,-1,4,2,5,3,3,0,5,1,4,3,1,2,5,5,1,2
1106.05817332,1,0,3,5,0,5,4,-1,0,1,0,2,1,5,5,2,3,2,4,2,0,0,1,-1,2,-1,-1,2,5,4,4,0,-1,3,4,4,1,2,1,3,5,4,2,3,3,-1,-1,-1,3,1
1034.43933246,-1,1,5,5,3,-1,2,5,-1,2,0,2,1,1,2,4,3,-1,0,0,1,4,1,-1,2,4,2,4,-1,4,3,3,5,0,0,-1,-1,3,-1,-1,5,2,-1,3,-1,3,5,1,1,-1
1066.66781085,5,5,3,3,5,-1,3,2,0,5,3,0,2,1,3,4,-1,-1,1,1,-1,0,1,-1,4,4,4,1,2,3,2,2,4,4,0,3,0,-1,-1,-1,4,0,1,1,0,1,-1,-1,5,2
1040.25836328,5,-1,4,1,0,2,3,-1,1,3,2,-1,0,2,-1,1,-1,1,-1,3,2,-1,3,-1,5,3,0,2,1,5,-1,4,5,0,3,1,-1,-1,4,5,0,3,1,2,-1,4,5,-1,0,2
1073.60588605,-1,0,3,5,-1,5,-1,1,0,2,-1,5,0,2,-1,-1,4,2,4,0,1,5,-1,3,2,0,4,5,4,4,3,2,1,3,3,5,2,1,4,1,-1,0,-1,0,1,3,2,3,-1,4
1144.10568252,4,4,-1,0,2,4,0,3,-1,-1,0,3,-1,0,5,5,1,2,2,1,2,1,3,5,3,-1,3,1,-1,0,2,-1,-1,3,5,4,1,2,4,1,5,3,-1,4,4,1,0,-1,5,0
1086.25108764,1,3,5,-1,3,1,2,-1,0,5,3,5,-1,1,0,4,1,-1,-1,5,4,1,5,-1,2,5,4,4,4,0,-1,0,3,-1,1,4,5,2,3,2,0,-1,3,-1,1,3,0,0,1,2
1122.50812582,2,0,5,0,-1,1,5,1,-1,-1,-1,3,-1,3,-1,4,3,2,0,0,1,2,4,4,1,5,5,3,-1,4,3,0,4,-1,3,3,4,1,0,4,2,2,5,1,1,-1,5,2,3,2
1075.84397483,-1,2,-1,0,5,5,2,2,3,1,-1,-1,5,-1,5,2,5,0,0,2,4,4,-1,2,-1,4,1,3,0,-1,0,3,4,0,-1,3,1,4,-1,4,-1,3,-1,1,0,5,4,-1,3,2
1108.40816653,0,5,-1,1,-1,4,4,5,5,0,1,-1,-1,5,4,2,1,0,4,1,3,2,5,3,4,5,-1,0,3,1,-1,3,1,-1,0,-1,2,2,2,1,4,2,4,0,0,-1,4,-1,3,3
1116.35338169,5,4,5,0,2,-1,0,1,1,-1,0,1,3,3,-1,1,2,3,2,1,3,-1,2,-1,-1,2,5,3,4,-1,3,0,-1,3,2,0,4,2,2,4,4,5,1,-1,0,4,5,1,0,1
1093.52487617,1,3,3,3,5,1,0,-1,1,4,4,-1,3,2,0,2,2,-1,4,-1,0,-1,5,-1,4,-1,5,1,3,4,1,1,2,-1,0,4,5,5,0,2,0,2,0,3,-1,1,4,0,-1,5
1103.26056235,3,5,5,5,4,1,-1,2,1,1,3,4,5,1,0,-1,5,-1,2,0,2,2,3,1,5,3,0,-1,-1,0,4,3,0,-1,1,4,4,3,2,0,-1,4,0,3,2,2,-1,1,2,4
1024.03221965,2,4,4,2,5,3,-1,-1,-1,0,3,-1,3,0,4,1,4,-1,4,3,3,2,5,1,5,5,-1,2,5,0,0,-1,4,-1,0,3,-1,4,1,5,-1,-1,1,1,3,1,0,-1,2,4
1112.77243965,5,-1,-1,-1,5,1,5,3,-1,0,0,5,2,4,2,0,-1,3,3,-1,0,-1,2,1,1,0,2,1,3,1,5,4,3,1,0,4,4,5,4,3,2,4,-1,4,5,2,1,2,2,0
1075.50826151,-1,5,4,3,-1,5,5,-1,5,-1,0,2,3,4,5,3,2,-1,-1,-1,2,3,1,1,4,0,1,4,0,-1,5,1,-1,4,2,3,1,3,-1,0,2,0,4,1,1,-1,5,2,0,0
1074.16540825,3,0,1,1,0,3,4,1,3,3,-1,5,-1,5,2,2,-1,-1,5,0,-1,5,-1,5,3,-1,4,-1,4,0,4,3,2,-1,0,5,4,1,1,3,4,0,0,-1,5,2,2,-1,1,2
1105.16293781,-1,5,-1,1,-1,5,1,-1,-1,5,2,3,4,3,3,4,4,4,-1,5,-1,1,2,4,2,1,2,0,3,5,-1,2,4,0,3,-1,0,3,3,0,2,0,2,4,0,-1,1,1,0,1
1093.30106729,3,5,5,0,-1,-1,-1,4,2,2,5,0,-1,1,4,3,-1,4,0,1,0,0,0,3,-1,5,1,3,-1,1,2,4,-1,4,-1,3,2,2,3,-1,4,1,-1,4,5,3,0,2,5,1
1117.58433052,4,5,2,0,-1,4,-1,4,0,1,3,0,-1,0,3,1,1,0,3,4,-1,2,-1,5,5,-1,5,1,2,1,-1,1,3,4,4,3,-1,5,3,-1,0,0,4,-1,3,0,2,1,2,3
1085.13204325,1,3,3,3,0,2,2,4,0,3,5,-1,5,2,1,-1,-1,2,-1,-1,4,2,0,5,0,0,-1,0,4,1,-1,1,5,-1,-1,2,1,2,5,0,3,-1,4,4,4,0,-1,3,3,1
1113.55577072,4,3,5,5,5,3,-1,3,-1,-1,-1,0,5,2,2,0,5,2,3,1,4,-1,-1,0,4,3,4,3,1,2,-1,-1,0,1,4,2,-1,5,4,3,1,1,0,1,-1,0,0,4,0,3
1067.89875967,1,0,-1,2,5,5,2,0,3,4,-1,4,1,4,-1,0,2,-1,3,-1,-1,-1,3,0,3,-1,2,3,1,4,0,4,-1,-1,5,1,-1,-1,5,4,1,-1,2,-1,1,2,1,3,5,0
1069.68923069,1,1,-1,0,-1,4,3,1,4,3,2,0,4,5,5,0,4,-1,2,3,1,-1,0,-1,2,3,-1,4,3,-1,4,-1,1,2,1,2,5,0,-1,0,-1,5,2,3,-1,1,2,4,1,-1
1010.82749587,-1,5,1,-1,-1,-1,2,3,-1,-1,1,4,5,5,0,-1,-1,0,-1,0,3,2,5,-1,0,1,4,3,1,4,3,-1,4,2,2,5,-1,4,3,-1,2,5,2,5,1,0,1,4,0,3
1052.1202338,4,0,1,-1,5,2,-1,4,1,5,0,2,1,5,-1,0,3,2,4,-1,2,3,2,4,0,-1,-1,1,0,4,0,3,1,4,1,5,3,3,-1,-1,1,-1,0,5,5,1,-1,-1,-1,3
1080.99157902,2,4,-1,1,2,-1,-1,3,5,3,1,5,0,5,0,1,3,4,0,1,3,-1,2,5,0,-1,4,2,-1,1,4,5,1,-1,-1,-1,-1,0,2,3,3,2,0,4,4,3,5,-1,0,3
1076.29159259,0,1,4,-1,4,1,1,5,-1,0,0,5,5,4,3,-1,-1,-1,3,-1,4,2,2,3,5,1,5,-1,4,2,1,3,1,1,-1,2,-1,4,-1,3,3,5,3,-1,0,2,0,3,5,0
1099.23200255,0,3,5,4,-1,-1,-1,1,1,2,-1,-1,-1,1,4,-1,3,1,4,5,1,5,3,0,0,3,0,3,1,2,3,4,4,4,0,3,-1,2,5,-1,3,0,4,1,0,2,2,-1,2,2
1093.86058948,3,-1,1,4,5,2,3,3,1,0,4,-1,4,-1,3,0,2,-1,1,5,5,2,1,-1,3,0,0,0,-1,-1,1,4,3,5,-1,2,0,-1,4,0,-1,2,4,-1,2,4,1,5,3,1
1097.88914928,0,2,-1,-1,5,3,2,2,2,1,0,-1,-1,-1,4,0,3,1,1,5,-1,3,3,-1,0,3,0,4,3,5,1,3,2,4,5,1,2,4,2,-1,1,-1,4,-1,0,4,1,-1,0,4
1085.46775657,0,3,3,-1,-1,0,4,2,-1,5,1,0,1,4,1,0,1,1,2,3,5,5,-1,-1,2,2,5,2,-1,0,1,2,4,-1,3,3,-1,4,5,5,-1,4,0,2,2,3,1,4,3,4
1088.04155866,3,4,-1,4,2,3,-1,4,0,4,-1,5,4,-1,2,-1,2,-1,0,5,-1,1,4,5,3,1,3,0,5,-1,3,3,0,1,5,5,2,5,1,2,0,0,2,0,-1,4,2,0,-1,3
1093.07725841,2,3,5,4,-1,2,4,1,2,-1,-1,4,4,4,0,0,5,5,4,1,-1,1,-1,3,1,5,3,3,1,2,-1,5,3,0,-1,-1,0,0,2,5,1,0,4,2,3,4,5,0,-1,3
1069.57732626,4,4,1,2,0,-1,-1,4,5,0,0,3,-1,1,1,1,2,-1,3,1,4,3,-1,-1,-1,-1,2,-1,3,5,5,2,2,0,0,2,4,4,1,-1,3,0,-1,-1,2,3,5,4,2,3
1045.85358522,-1,5,3,-1,1,-1,0,4,3,-1,0,4,0,0,1,5,1,-1,5,-1,1,2,1,4,1,1,-1,3,-1,4,-1,-1,-1,2,3,5,2,3,-1,4,0,0,3,3,4,2,-1,5,0,4
1060.84878003,2,-1,2,0,-1,-1,2,1,0,-1,1,5,5,4,4,3,0,-1,-1,1,3,4,0,0,-1,1,5,1,-1,2,-1,5,0,3,4,4,1,2,-1,3,-1,4,0,1,4,-1,3,5,2,-1
1105.49865112,2,0,-1,3,1,2,-1,0,5,0,5,3,-1,5,1,-1,1,4,1,3,2,3,4,1,1,1,3,-1,4,5,0,-1,3,-1,-1,4,4,1,5,4,0,-1,3,-1,4,0,5,-1,2,2
1102.92484903,2,2,5,-1,5,-1,4,4,0,3,1,3,5,4,4,4,0,3,0,3,-1,0,0,-1,5,-1,5,5,0,2,1,4,-1,1,2,3,0,3,2,4,5,-1,1,1,0,-1,3,2,1,1
1084.90823438,1,3,-1,0,3,1,2,0,-1,0,4,2,5,3,-1,5,3,4,4,0,-1,5,3,-1,5,1,-1,2,-1,5,3,1,0,4,5,2,2,4,2,-1,1,1,5,4,2,3,-1,3,0,-1
1043.95120976,4,-1,5,3,0,5,1,2,-1,-1,0,4,-1,5,-1,4,4,2,0,0,3,1,4,-1,3,-1,3,-1,3,3,0,2,1,2,4,-1,-1,-1,-1,-1,4,1,2,5,-1,3,-1,2,0,2
1115.34624174,-1,1,4,4,3,5,2,1,2,0,4,-1,0,4,-1,5,1,3,3,3,0,2,1,3,1,-1,0,0,-1,-1,-1,0,1,5,-1,3,5,2,1,-1,0,-1,1,-1,3,5,4,4,2,2
1089.94393412,3,3,5,5,5,0,4,3,4,5,0,4,-1,2,1,0,2,0,-1,1,5,2,4,1,0,3,0,5,-1,-1,1,-1,-1,-1,1,2,4,2,1,3,4,4,-1,3,0,2,2,1,3,4
1055.36546252,1,3,1,2,-1,4,4,0,-1,-1,-1,3,1,4,4,0,5,5,2,2,-1,1,0,-1,1,2,-1,-1,4,3,3,3,5,-1,3,5,0,4,0,5,2,-1,0,2,1,3,2,1,3,4
1078.6415858,2,3,1,5,-1,5,-1,0,1,4,4,2,3,5,4,4,0,-1,5,4,-1,1,-1,0,2,0,3,2,0,-1,0,4,1,-1,2,3,2,3,5,5,-1,-1,1,2,3,2,1,3,4,1
1117.47242608,4,5,3,2,-1,1,5,2,1,-1,2,1,2,-1,-1,4,4,3,0,-1,0,0,5,3,4,3,5,1,-1,2,4,-1,0,-1,1,3,-1,5,-1,4,1,3,0,-1,4,1,0,0,2,0
1125.3057368,-1,0,2,3,-1,0,1,3,1,4,5,2,4,-1,1,3,4,2,1,-1,1,0,1,5,5,-1,-1,0,-1,2,3,0,2,4,4,4,1,4,-1,-1,0,3,2,-1,2,0,-1,1,3,2
1128.55096552,1,0,5,-1,3,-1,0,4,4,-1,3,5,4,-1,-1,2,3,3,0,0,1,-1,2,0,2,4,0,4,2,0,-1,1,-1,-1,-1,3,4,2,5,4,-1,2,2,1,1,3,1,5,1,5
1113.66767516,2,2,0,5,3,4,1,5,-1,3,4,1,5,4,3,2,2,4,1,0,3,2,5,-1,2,3,5,4,1,-1,-1,0,0,5,0,-1,3,3,-1,4,0,-1,4,-1,0,1,-1,1,2,1
1114.33910179,-1,-1,5,4,0,4,0,1,5,5,-1,3,2,1,1,4,1,0,-1,4,0,3,2,0,4,1,-1,2,5,3,3,2,-1,4,5,-1,0,1,2,-1,3,1,-1,4,-1,1,3,3,2,2
1102.92484903,-1,0,1,4,0,-1,-1,1,0,5,3,4,2,3,1,3,2,4,3,2,5,2,1,5,4,-1,0,-1,0,3,5,4,4,0,2,1,1,-1,4,-1,0,1,5,5,2,-1,3,2,4,-1
1049.77024058,0,4,3,0,0,1,-1,-1,2,2,4,5,-1,2,-1,2,5,3,2,2,0,1,3,-1,3,4,2,-1,4,-1,5,4,3,1,3,4,3,5,0,-1,5,5,5,1,0,0,5,1,-1,4
1079.64872575,1,0,3,5,-1,2,5,4,0,-1,2,0,4,3,3,0,1,5,5,4,3,5,-1,2,1,0,5,2,3,-1,0,2,-1,1,0,1,4,-1,-1,2,-1,3,4,4,1,-1,5,2,0,4
1112.21291745,5,-1,0,5,2,1,4,-1,2,3,4,0,1,-1,-1,0,5,-1,-1,5,3,1,4,3,2,4,3,1,3,2,-1,3,1,2,5,0,-1,1,2,0,4,5,4,-1,1,5,0,4,0,2
1117.58433052,5,2,4,2,2,-1,0,0,3,-1,-1,4,1,-1,5,-1,4,-1,5,5,1,2,1,-1,4,1,1,3,0,3,-1,-1,-1,3,4,2,3,2,3,4,1,0,1,4,0,5,0,4,3,0
1077.1868281,5,3,-1,0,1,3,1,5,0,3,5,-1,4,4,5,1,5,1,2,3,-1,5,4,0,0,3,-1,0,1,4,3,2,-1,2,2,2,-1,5,-1,-1,3,4,1,-1,-1,4,0,0,1,-1
1172.75321886,1,-1,5,3,0,2,2,4,3,-1,3,1,4,1,0,1,0,1,1,4,3,3,5,2,-1,5,-1,0,0,3,4,2,4,0,-1,3,2,5,-1,4,0,5,-1,-1,5,5,2,2,4,0
1104.71532005,3,2,1,-1,2,4,-1,3,0,2,1,4,-1,2,1,-1,5,1,5,5,3,-1,5,0,-1,-1,0,2,3,0,4,1,1,0,-1,5,0,-1,4,5,0,4,1,2,3,-1,-1,4,3,2
1132.13190756,1,5,3,2,0,-1,0,0,4,-1,3,2,5,1,5,1,4,-1,3,5,0,-1,3,4,3,0,4,3,5,1,4,-1,2,1,5,0,1,-1,0,4,2,2,2,5,1,2,3,-1,4,-1
1108.29626209,1,0,5,2,0,5,-1,0,-1,5,4,2,0,1,2,0,2,2,-1,3,5,1,0,4,2,3,4,2,1,-1,3,1,1,-1,2,1,4,5,3,-1,2,5,5,3,3,0,4,4,-1,3
1149.02947783,5,4,-1,-1,1,2,0,3,1,0,2,2,4,5,-1,4,3,3,0,-1,2,2,3,2,1,1,5,4,0,0,1,2,3,5,3,4,0,1,-1,3,-1,5,-1,4,0,3,1,4,5,5
1130.34143654,-1,4,3,3,1,4,2,3,4,0,2,5,5,3,2,0,1,2,0,-1,1,0,-1,2,-1,1,-1,2,-1,5,1,4,5,2,0,0,4,0,5,1,3,-1,5,1,3,3,4,-1,4,3
1060.17735339,1,-1,5,-1,2,1,2,4,4,4,-1,-1,1,3,-1,3,0,3,-1,2,4,3,5,0,0,3,0,-1,-1,-1,4,1,-1,1,0,5,4,0,-1,1,1,-1,4,5,0,0,2,2,5,3
1073.1582683,-1,0,1,5,-1,-1,4,5,3,5,-1,3,4,4,5,-1,3,2,2,2,2,-1,3,-1,1,-1,4,4,1,-1,-1,3,-1,0,0,-1,1,2,1,1,3,0,0,2,3,2,0,3,4,1
1074.05350381,5,5,3,-1,0,-1,1,0,1,3,1,1,4,5,0,5,0,0,2,0,-1,-1,2,-1,1,5,2,4,-1,-1,3,4,0,5,3,4,1,-1,4,-1,2,5,-1,2,3,3,2,-1,2,2
1058.16307349,5,-1,2,0,4,4,4,2,1,0,-1,4,1,-1,0,5,1,1,1,3,4,-1,0,2,2,3,-1,4,0,-1,-1,5,-1,1,5,5,-1,-1,1,-1,3,5,2,5,2,0,2,-1,0,4
1104.82722449,1,-1,5,3,-1,3,3,3,0,-1,-1,4,2,-1,5,3,4,4,3,1,0,2,5,5,4,-1,1,1,0,5,2,0,3,-1,2,0,1,4,4,0,5,5,3,2,-1,2,1,-1,2,4
1105.49865112,1,4,1,-1,4,-1,0,5,2,1,3,1,-1,0,3,2,2,3,5,4,5,2,1,-1,-1,5,-1,0,3,2,-1,-1,0,0,5,5,-1,4,2,0,1,2,1,-1,-1,3,0,3,-1,4
1105.61055556,3,5,2,-1,-1,-1,4,4,4,5,-1,2,1,3,5,3,2,-1,2,-1,0,1,2,0,1,2,3,1,-1,5,-1,-1,1,4,0,0,0,5,3,0,0,5,-1,4,1,3,4,5,4,1
1115.12243286,1,1,2,0,0,3,-1,3,-1,-1,5,3,3,1,0,-1,3,-1,2,3,5,-1,0,0,4,0,1,5,2,4,4,-1,5,5,4,1,5,2,2,0,3,4,1,2,-1,3,4,5,2,-1
1104.60341561,0,-1,-1,-1,4,0,5,0,1,-1,-1,1,4,4,4,4,3,5,-1,5,2,2,3,5,2,4,1,5,1,0,3,0,0,1,2,2,1,5,3,-1,1,3,-1,3,4,5,2,-1,2,0
1083.56538111,0,3,0,4,2,3,4,5,-1,0,-1,5,-1,5,-1,2,1,-1,3,5,5,1,-1,5,5,2,4,4,3,-1,1,4,2,2,0,3,-1,3,1,0,4,2,2,4,1,0,3,1,-1,5
1102.92484903,1,-1,1,-1,5,0,-1,0,2,-1,3,0,-1,4,4,5,0,1,3,5,2,0,0,3,4,0,3,1,1,4,-1,3,4,2,-1,2,3,2,1,-1,2,2,5,3,-1,5,-1,4,-1,-1
1105.61055556,3,5,-1,-1,1,-1,1,3,4,-1,3,0,2,2,1,-1,1,4,3,2,-1,2,1,-1,2,0,0,1,3,5,0,4,4,5,-1,5,0,-1,0,4,4,3,2,4,0,-1,2,1,3,5
1115.45814618,1,4,5,1,-1,3,4,2,5,0,0,2,5,-1,2,3,4,-1,5,1,0,4,4,5,3,5,0,2,1,3,2,4,3,0,4,-1,0,3,-1,2,1,-1,-1,1,0,5,-1,1,3,2
1092.1820229,0,2,-1,4,-1,-1,1,0,0,1,3,-1,1,-1,3,3,1,0,5,2,4,5,2,1,0,2,-1,2,5,4,4,3,2,3,5,2,-1,0,4,4,4,1,0,5,1,5,-1,-1,3,5
1092.85344953,-1,0,5,2,4,0,5,2,3,3,-1,3,0,-1,4,4,1,4,3,2,0,3,5,5,0,0,4,3,5,1,0,-1,1,-1,3,1,2,4,1,-1,-1,-1,-1,-1,-1,1,3,2,4,1
1075.84397483,-1,4,5,4,2,0,4,4,5,2,-1,2,3,5,1,2,2,5,0,1,5,0,-1,-1,-1,0,-1,1,2,-1,0,3,3,-1,5,-1,4,3,0,3,4,-1,1,5,-1,3,1,4,1,3
1066.22019309,3,5,2,-1,2,3,5,4,3,-1,-1,5,-1,1,0,-1,3,0,2,-1,0,1,3,1,5,-1,2,-1,3,4,2,0,0,-1,-1,-1,4,0,4,1,0,-1,4,-1,-1,3,-1,5,2,5
1060.84878003,2,2,-1,0,4,-1,4,4,-1,3,5,3,5,-1,3,1,0,5,5,5,4,3,4,-1,-1,5,4,-1,1,0,5,2,3,-1,3,1,1,-1,2,4,2,1,2,1,1,0,-1,3,3,-1
1053.46308706,2,3,1,-1,1,-1,2,-1,5,4,2,5,2,1,0,0,4,0,4,-1,2,3,4,-1,-1,4,2,0,-1,5,1,3,3,5,3,-1,1,4,4,-1,5,0,4,0,1,5,3,-1,5,3
1129.22239216,-1,3,3,1,0,-1,0,5,-1,-1,-1,3,2,-1,0,4,0,-1,2,5,3,1,2,4,4,3,2,4,5,3,1,4,4,5,2,1,3,-1,0,0,2,2,5,0,4,3,1,1,5,-1
1103.82008454,3,0,1,0,3,5,2,4,1,4,2,-1,0,2,5,0,-1,4,0,-1,1,4,5,4,1,-1,-1,5,5,2,0,3,2,-1,-1,-1,2,0,5,3,1,3,4,-1,1,-1,3,1,5,2
1055.14165365,0,0,0,1,0,4,0,-1,5,0,5,5,-1,4,3,-1,2,4,3,-1,1,5,3,5,3,-1,5,-1,-1,-1,2,3,2,4,2,1,5,2,-1,-1,1,-1,3,-1,3,4,1,3,0,-1
1059.17021344,-1,4,5,3,1,5,-1,4,-1,1,-1,2,5,2,3,-1,1,4,-1,0,4,4,4,2,3,5,0,5,3,2,-1,5,0,3,1,0,0,-1,1,3,-1,2,1,1,2,4,-1,-1,2,-1
1113.2200574,3,0,1,-1,4,5,1,2,0,3,0,5,2,-1,0,3,0,-1,1,-1,3,5,5,5,1,2,2,4,0,2,-1,0,4,4,0,-1,2,-1,-1,3,1,5,5,1,-1,4,3,4,4,2
1032.20124368,-1,4,0,5,1,-1,5,3,4,0,2,-1,2,4,3,2,2,4,3,3,1,1,-1,-1,4,0,5,-1,4,5,3,5,5,1,1,1,3,4,0,5,-1,-1,0,0,2,3,-1,-1,1,2
1150.93185329,3,5,5,-1,4,3,1,2,2,3,-1,5,5,2,-1,0,0,4,3,0,1,1,4,5,4,1,-1,0,1,4,4,0,0,2,3,2,-1,2,5,3,0,5,2,4,0,-1,3,-1,1,1
1053.23927819,4,1,1,1,3,5,3,-1,4,3,-1,-1,-1,3,2,5,2,0,5,5,3,2,3,4,5,1,5,5,-1,4,4,-1,4,-1,2,0,1,-1,1,-1,3,0,2,0,-1,2,0,4,2,-1
1075.1725482,-1,-1,3,3,0,3,-1,1,1,0,0,2,-1,5,2,-1,2,5,4,4,1,2,0,-1,0,-1,3,2,0,-1,1,3,4,3,1,0,2,5,5,4,5,2,-1,4,1,4,-1,-1,2,5
1138.73426946,2,3,5,-1,1,3,1,1,1,3,3,5,4,4,-1,2,2,5,0,0,0,5,-1,4,4,5,2,3,1,5,1,-1,2,5,-1,0,2,4,-1,0,-1,0,4,3,0,4,-1,1,2,-1
1112.88434409,0,3,5,2,5,4,-1,2,0,0,-1,1,2,-1,0,1,1,0,5,3,2,4,3,4,1,5,-1,0,1,2,1,0,5,2,-1,3,-1,4,1,3,2,5,-1,3,4,-1,4,-1,1,-1
1053.79880038,3,5,-1,-1,-1,2,0,1,2,2,0,0,3,-1,1,4,5,3,-1,1,1,2,4,-1,-1,3,0,3,-1,4,4,0,3,5,0,1,5,2,1,4,5,-1,5,4,4,5,5,3,1,-1
1077.85825473,-1,-1,5,5,4,-1,3,-1,1,4,0,3,4,-1,0,1,5,5,0,4,3,0,1,1,2,2,2,2,2,4,-1,-1,0,1,3,5,3,-1,1,3,-1,0,1,-1,-1,-1,5,2,-1,0
1085.02013882,-1,3,0,0,1,0,2,4,2,-1,-1,4,5,2,-1,0,4,-1,4,2,2,-1,5,3,1,-1,0,1,3,4,0,4,2,4,1,2,1,3,-1,3,4,-1,1,-1,1,1,5,-1,5,-1
1139.62950497,-1,1,3,0,0,4,3,0,4,3,-1,-1,2,-1,2,2,0,4,-1,-1,5,0,5,0,3,4,-1,1,0,4,5,2,2,3,-1,-1,1,-1,1,2,3,4,4,5,1,1,2,1,3,1
1094.1963028,-1,0,1,-1,2,0,-1,0,-1,0,3,-1,4,3,0,4,0,4,3,1,4,5,5,1,1,3,3,-1,1,4,5,2,-1,2,-1,5,1,0,-1,-1,5,4,0,3,1,5,3,2,2,4
1143.7699692,0,1,4,-1,0,1,3,-1,0,4,-1,3,4,1,4,-1,3,0,0,0,4,0,-1,2,2,-1,4,3,2,-1,5,5,2,1,5,5,4,3,5,2,3,2,3,1,1,-1,1,3,2,5
1094.64392055,1,-1,5,3,1,4,-1,3,4,5,0,4,-1,3,-1,0,1,5,2,1,3,2,2,2,0,0,5,5,4,0,0,4,0,-1,-1,2,1,-1,5,2,4,-1,1,1,3,2,3,4,-1,-1
1106.39388663,-1,5,0,1,2,2,4,5,4,-1,4,-1,3,3,0,3,5,1,4,3,2,-1,1,1,2,1,0,1,1,5,4,2,0,-1,2,0,4,5,-1,-1,3,3,-1,5,4,2,0,3,2,-1
1081.21538789,4,-1,5,4,-1,0,1,2,4,-1,-1,4,-1,2,0,2,5,1,-1,1,0,3,1,-1,4,3,2,0,5,1,0,3,1,-1,2,3,2,5,0,2,4,5,3,4,4,5,3,1,-1,-1
1080.6558657,3,3,4,4,-1,5,3,2,2,1,3,-1,4,5,3,1,2,5,1,-1,1,0,0,-1,2,4,2,5,0,-1,-1,0,4,3,0,1,-1,4,1,-1,2,-1,4,5,0,5,5,1,2,0
1081.77491009,-1,-1,-1,-1,0,-1,0,5,3,2,1,1,3,4,4,-1,-1,5,0,4,0,0,0,1,4,3,-1,0,-1,4,1,2,-1,3,4,4,5,3,5,2,2,5,5,2,2,1,1,5,-1,2
1125.41764123,1,1,4,4,-1,-1,5,1,2,-1,1,2,1,-1,-1,5,2,1,0,-1,3,3,0,0,0,-1,3,4,2,3,4,4,1,0,2,3,4,5,4,3,-1,2,0,2,-1,0,-1,5,0,2
1070.13684845,0,-1,5,1,0,4,1,4,2,-1,3,-1,1,4,-1,-1,-1,0,4,4,0,-1,1,2,0,-1,-1,1,5,2,-1,5,1,0,-1,3,3,3,3,4,-1,5,-1,2,5,2,1,0,5,2
1040.5940766,3,4,2,3,0,3,2,4,0,-1,0,-1,3,1,5,-1,-1,5,5,2,-1,1,0,1,0,2,-1,0,-1,0,5,5,-1,2,4,3,3,-1,-1,-1,1,4,5,5,4,4,1,4,2,-1
1115.12243286,2,1,5,4,5,2,2,5,-1,3,-1,0,3,3,5,4,5,0,-1,1,1,-1,4,-1,3,3,1,3,0,0,1,2,1,4,-1,-1,2,0,5,2,4,-1,5,2,4,-1,0,4,4,0
1092.85344953,5,2,5,1,-1,2,0,3,-1,3,5,3,1,1,-1,-1,-1,3,3,1,4,3,4,0,-1,5,-1,4,2,4,4,5,4,1,3,-1,3,-1,-1,2,0,2,1,4,2,5,2,5,1,0
1077.63444585,2,5,2,2,-1,4,3,2,4,2,5,0,1,1,3,1,3,4,0,-1,3,3,0,5,-1,0,-1,5,1,-1,4,3,4,2,3,3,-1,1,-1,-1,1,-1,1,-1,0,0,5,0,4,4
1101.24628245,0,0,-1,4,1,1,2,1,2,5,0,3,-1,1,3,2,5,5,4,-1,3,-1,4,-1,1,0,1,4,0,4,-1,3,4,-1,3,0,2,2,1,3,-1,0,-1,2,4,4,5,-1,2,-1
1067.89875967,3,1,1,1,5,-1,5,2,4,0,-1,-1,3,3,-1,4,3,5,1,2,-1,0,3,-1,2,0,4,2,-1,0,-1,-1,0,3,2,2,1,-1,-1,-1,4,2,1,4,0,5,1,5,4,3
1104.49151117,1,0,4,4,4,5,5,1,5,-1,4,-1,3,4,5,5,0,4,-1,1,0,2,4,-1,1,2,-1,1,0,-1,-1,2,1,0,2,0,5,3,2,3,3,-1,5,3,-1,0,2,2,0,1
1090.39155188,3,4,2,1,1,0,2,0,4,-1,3,0,4,0,0,-1,3,5,4,-1,5,3,5,2,-1,-1,3,5,2,3,-1,-1,1,-1,0,-1,2,-1,4,2,2,-1,4,1,0,4,1,-1,5,3
1126.64859006,2,4,-1,-1,-1,4,1,-1,2,5,1,2,4,1,0,3,4,-1,0,3,3,0,5,1,2,-1,2,5,3,4,0,1,0,-1,4,5,3,3,2,5,0,5,1,-1,3,1,5,4,0,0
1093.07725841,3,0,0,-1,1,0,3,1,-1,3,3,1,-1,-1,3,-1,-1,-1,0,4,2,1,2,-1,4,-1,1,2,4,4,5,5,2,-1,3,1,1,2,5,5,5,-1,5,4,4,0,-1,0,3,0
1125.41764123,-1,4,5,4,5,3,1,4,4,0,5,4,1,0,-1,5,4,1,3,-1,3,5,3,2,1,4,-1,0,-1,2,0,2,3,1,3,-1,0,2,2,1,4,-1,2,-1,3,3,0,2,1,0
1095.31534719,4,3,2,4,4,1,-1,3,2,5,3,0,-1,5,-1,0,1,5,0,3,-1,3,3,4,-1,0,1,2,-1,2,5,-1,4,0,-1,5,1,5,2,4,-1,3,-1,-1,0,1,0,0,-1,2
1098.67248035,5,4,3,2,5,-1,2,4,4,2,4,1,-1,0,-1,-1,1,-1,0,3,0,3,3,5,4,1,1,1,0,5,-1,-1,4,2,-1,-1,5,4,0,-1,3,3,1,3,1,0,2,2,-1,5
1090.39155188,0,-1,-1,4,2,3,5,5,4,5,0,3,5,4,1,0,4,4,4,1,2,1,2,3,-1,4,-1,0,3,2,-1,1,0,1,3,0,5,0,1,-1,5,-1,2,-1,-1,2,4,3,3,5
1110.08673311,4,3,4,1,3,1,1,1,-1,0,2,4,3,4,1,1,-1,-1,2,5,2,4,4,5,-1,2,-1,2,-1,0,-1,0,0,3,0,-1,3,-1,2,5,2,1,0,4,5,2,3,0,3,-1
1108.52007097,3,5,4,1,5,-1,-1,5,0,0,3,4,1,5,3,-1,-1,4,3,4,3,1,5,0,-1,0,1,2,2,4,5,2,-1,2,3,5,1,2,-1,0,0,2,3,-1,1,4,-1,1,3,0
1112.66053521,2,4,3,3,1,2,-1,3,-1,1,3,-1,0,1,1,0,0,4,3,3,1,5,0,5,4,2,-1,0,4,2,1,5,4,5,1,5,2,5,-1,-1,2,2,0,-1,4,4,-1,0,3,0
1049.88214502,5,3,3,-1,4,0,-1,5,3,4,-1,1,2,2,1,-1,-1,0,4,1,-1,2,4,5,0,2,4,3,-1,5,1,-1,5,0,2,5,1,-1,1,5,3,1,0,3,4,0,2,4,2,3
1108.85578429,4,3,-1,1,2,-1,1,4,0,-1,1,5,5,1,4,0,4,-1,0,4,2,4,1,0,0,-1,3,-1,3,3,-1,2,5,-1,2,-1,2,2,1,2,0,1,4,0,5,-1,3,3,-1,3
1092.51773622,-1,0,1,0,5,5,4,5,1,3,2,5,3,-1,2,2,2,2,5,1,4,2,0,1,0,0,4,0,-1,3,5,5,3,-1,-1,0,-1,0,1,3,-1,4,5,1,-1,-1,-1,3,2,3
1072.48684167,-1,3,4,0,-1,5,2,4,0,4,4,3,1,-1,3,1,4,-1,5,-1,2,2,0,-1,5,1,-1,2,4,2,1,0,5,0,1,5,0,3,5,2,2,-1,3,-1,1,3,3,1,4,3
1127.76763445,1,1,2,0,-1,-1,1,-1,3,0,-1,1,5,2,-1,4,5,4,4,5,0,5,0,4,5,3,4,0,2,3,0,4,-1,-1,2,1,-1,-1,2,1,1,3,1,3,5,2,2,3,3,0
1093.18916285,-1,0,-1,2,-1,-1,3,1,5,3,0,1,4,0,3,5,0,1,2,5,4,0,2,-1,5,3,4,5,1,-1,0,2,4,2,3,-1,-1,1,1,4,5,4,3,1,4,2,2,-1,0,5
1075.62016595,0,-1,-1,2,2,0,-1,2,3,4,2,4,0,4,3,2,5,1,1,3,-1,0,-1,-1,1,2,-1,2,5,5,3,5,3,-1,1,3,4,1,-1,-1,0,0,4,1,3,0,5,1,5,1
1051.78452048,-1,5,3,3,5,2,2,5,5,0,3,3,3,1,0,-1,0,4,-1,-1,1,-1,0,-1,3,4,5,2,-1,0,5,1,4,4,4,4,-1,1,2,-1,1,-1,0,-1,1,3,5,1,0,4
1038.13217894,-1,3,5,-1,-1,-1,4,1,2,-1,1,2,0,1,-1,0,5,2,2,2,2,-1,4,0,4,0,2,3,3,5,4,5,-1,-1,1,3,-1,1,-1,3,4,4,3,3,-1,4,5,-1,0,2
1049.65833614,2,0,1,2,1,3,-1,1,4,5,2,3,5,-1,3,-1,5,1,0,3,-1,4,3,-1,0,0,3,0,2,-1,-1,5,-1,4,4,2,-1,4,-1,0,-1,5,5,2,-1,4,1,4,3,-1
1139.40569609,3,3,0,5,5,2,2,2,1,-1,1,2,-1,5,-1,-1,0,0,1,-1,-1,4,-1,2,0,0,1,2,4,2,4,-1,5,5,-1,0,1,5,0,1,3,-1,4,3,4,4,3,3,4,1
1048.091674,3,0,3,1,4,-1,5,0,2,3,-1,4,-1,1,-1,3,4,-1,-1,2,1,0,-1,0,5,4,5,0,5,-1,3,0,4,1,3,-1,2,1,2,5,-1,2,2,-1,2,-1,4,4,-1,4
1122.50812582,0,5,-1,2,1,0,1,1,0,4,-1,1,2,4,5,-1,2,2,1,-1,3,4,0,0,-1,5,-1,3,0,-1,5,-1,5,3,1,1,-1,4,-1,3,2,4,2,3,3,2,2,0,-1,3
1089.60822081,5,2,3,-1,4,-1,5,5,-1,3,3,3,1,2,-1,1,-1,4,0,2,1,5,2,-1,1,0,4,5,2,5,5,-1,1,3,1,0,0,-1,4,2,4,1,0,4,0,4,2,-1,0,3
1108.29626209,0,4,0,-1,0,3,2,-1,5,2,0,4,-1,-1,1,3,2,2,3,2,0,1,2,4,0,1,3,1,1,5,5,-1,-1,2,-1,5,5,5,-1,4,4,4,-1,3,-1,3,1,1,4,4
1103.7081801,2,0,3,2,0,4,5,4,-1,3,5,5,2,5,2,-1,4,-1,3,-1,4,5,1,-1,3,4,1,2,4,0,0,-1,-1,3,4,1,1,0,1,-1,0,5,3,2,1,-1,3,1,4,0
1111.87720414,0,2,3,1,5,0,-1,-1,2,-1,1,2,5,0,4,0,3,-1,4,0,3,4,5,4,3,4,1,0,1,-1,-1,2,1,3,3,4,-1,-1,0,2,3,-1,2,2,5,4,3,1,1,2
1077.74635029,-1,3,-1,1,4,-1,3,3,2,1,2,4,-1,1,2,3,-1,4,3,0,-1,-1,-1,2,0,5,0,3,2,0,-1,2,4,5,2,1,-1,4,3,1,-1,5,3,0,0,5,4,0,4,1
1117.13671276,1,0,5,-1,4,0,-1,0,2,-1,4,2,1,-1,-1,-1,0,3,5,0,3,2,1,-1,1,0,3,0,2,4,4,-1,5,2,5,3,3,5,-1,1,4,3,-1,4,3,2,1,0,1,5
1092.29392734,-1,3,4,5,1,4,3,3,4,3,-1,2,1,-1,-1,1,0,0,4,5,2,0,0,-1,5,0,2,4,5,2,2,-1,3,-1,1,3,-1,0,0,5,3,5,-1,2,4,1,-1,2,3,1
1131.01286318,-1,1,1,1,0,0,0,-1,2,3,5,-1,2,5,0,5,1,3,0,0,0,4,4,5,-1,2,-1,3,1,2,3,4,4,1,-1,3,-1,5,-1,-1,3,4,2,-1,1,5,2,4,2,3
1118.25575715,0,3,4,-1,5,5,2,3,-1,4,2,3,1,4,5,-1,0,4,2,-1,2,-1,0,-1,3,3,-1,5,3,2,-1,2,0,4,-1,0,0,1,2,0,5,-1,0,1,1,3,4,3,1,1
1045.07025415,1,0,-1,4,0,0,4,-1,4,-1,3,0,-1,5,3,3,0,0,-1,2,2,3,2,2,1,0,-1,-1,5,3,3,-1,5,2,-1,5,-1,4,4,2,-1,5,3,4,-1,0,-1,2,-1,1
1133.58666527,4,4,4,3,0,-1,3,4,1,5,3,-1,-1,0,2,2,5,3,2,2,0,5,3,-1,2,1,0,2,0,2,5,4,4,-1,0,1,1,1,1,0,1,4,-1,-1,3,3,-1,5,-1,2
1088.26536754,4,2,4,1,-1,5,2,1,3,5,1,3,5,1,-1,1,-1,4,1,0,0,0,-1,-1,5,2,-1,-1,-1,-1,3,-1,2,3,3,4,4,0,2,0,3,4,3,2,0,5,2,0,4,1
1103.59627566,0,5,2,4,-1,0,-1,-1,2,2,-1,4,4,3,0,2,0,4,1,1,2,3,-1,1,-1,2,3,-1,1,5,3,4,5,-1,0,2,3,4,-1,1,4,1,0,5,5,0,5,-1,3,1
1121.38908144,0,5,2,-1,2,0,3,4,2,4,1,-1,5,-1,-1,3,2,3,0,4,1,4,2,3,5,3,2,5,0,0,1,5,5,2,4,1,-1,-1,-1,3,0,-1,-1,1,-1,0,5,4,1,1
1068.34637743,-1,1,-1,0,-1,3,5,0,4,0,3,2,-1,0,2,5,2,4,-1,2,-1,4,-1,-1,3,2,0,3,3,-1,1,1,-1,4,-1,2,0,2,5,4,1,1,4,1,-1,3,5,3,2,4
1044.28692308,0,-1,4,2,-1,-1,0,0,0,0,1,0,3,1,1,2,-1,-1,-1,2,4,3,2,-1,5,5,2,3,4,5,1,5,0,-1,3,-1,2,2,5,4,4,1,4,3,3,-1,5,-1,1,-1
1068.90589962,5,4,5,3,2,1,-1,1,3,5,2,-1,5,-1,4,0,4,3,1,0,-1,2,5,5,4,4,2,4,-1,2,-1,1,-1,1,-1,0,3,-1,3,-1,4,0,-1,1,0,1,0,2,3,4
1064.54162651,2,5,3,4,3,-1,0,4,3,1,2,2,4,1,2,3,-1,5,4,5,5,2,-1,-1,4,-1,0,1,-1,0,-1,5,-1,5,4,1,-1,5,1,1,3,2,0,0,2,3,-1,-1,3,0
1050.77738053,-1,0,-1,-1,2,0,-1,5,5,2,5,5,4,2,-1,4,1,4,5,0,-1,0,1,-1,-1,0,4,1,1,0,5,5,4,2,5,1,-1,3,-1,3,4,-1,3,1,4,3,3,2,-1,0
1034.99885466,1,2,-1,0,-1,-1,5,1,3,0,0,5,1,5,4,2,4,5,-1,-1,4,2,1,5,0,4,2,2,-1,3,3,3,-1,2,4,4,1,3,-1,0,4,-1,-1,0,5,2,3,-1,-1,0
1154.28898645,1,1,-1,3,5,1,4,1,2,1,4,1,2,4,0,-1,1,0,0,2,0,-1,5,5,4,5,4,4,2,0,3,5,0,-1,3,5,2,3,-1,-1,4,3,4,-1,0,1,3,-1,0,3
1110.75815975,5,1,3,3,-1,2,3,5,3,3,0,1,-1,1,0,2,5,4,3,5,5,3,2,4,1,0,-1,5,2,-1,1,2,4,2,-1,0,0,0,-1,5,2,4,4,4,1,0,1,-1,4,1
1109.7510198,1,2,3,3,-1,-1,2,5,0,0,-1,0,3,0,3,1,1,2,5,-1,1,1,2,1,0,2,4,0,4,-1,2,3,1,5,2,4,-1,-1,5,3,3,4,4,-1,0,4,5,4,2,-1
1083.22966779,2,3,1,2,-1,1,2,-1,-1,5,4,3,1,4,0,3,4,2,2,-1,-1,3,0,0,0,4,1,5,-1,0,-1,0,3,-1,5,3,4,5,4,2,1,-1,-1,1,1,4,5,5,-1,3
1117.58433052,0,4,1,5,3,1,0,0,3,5,-1,5,0,3,3,2,5,1,2,3,4,2,1,5,1,-1,4,-1,4,3,2,-1,2,-1,4,0,4,1,-1,5,1,0,-1,3,2,5,4,-1,2,2
1074.94873932,5,0,5,1,5,3,0,3,5,0,4,2,1,4,2,5,-1,-1,0,-1,1,4,0,-1,-1,0,3,1,-1,-1,-1,3,1,2,-1,-1,2,1,-1,-1,4,2,4,2,4,1,2,3,3,4
1085.91537433,3,2,-1,-1,0,1,4,5,-1,2,1,3,1,-1,0,4,2,2,3,5,5,-1,5,-1,2,2,4,5,0,3,-1,4,1,5,4,3,-1,0,-1,1,2,-1,1,4,-1,2,1,0,5,0
1065.54876646,5,0,3,5,-1,2,-1,3,1,4,5,0,3,2,4,0,4,2,-1,2,0,3,2,0,4,4,2,0,-1,-1,3,-1,4,-1,2,4,1,0,1,5,-1,-1,-1,4,5,3,5,1,0,3
1123.2914569,-1,3,1,1,3,0,4,4,2,1,-1,-1,-1,4,2,-1,5,2,2,-1,3,3,2,5,1,-1,1,0,0,4,2,5,0,3,5,1,4,0,-1,4,2,0,5,0,-1,5,4,5,3,3
1129.55810547,4,5,2,1,0,0,4,3,-1,-1,2,4,2,0,1,4,3,5,0,2,0,3,3,3,2,5,-1,1,-1,3,4,1,4,5,3,-1,-1,0,-1,2,2,1,-1,1,5,5,1,4,-1,0
1078.52968136,1,2,4,5,2,-1,2,5,0,-1,-1,-1,0,3,3,0,2,-1,2,4,0,5,4,4,0,4,-1,1,-1,1,0,0,1,3,2,3,2,4,5,1,3,-1,3,3,-1,-1,1,-1,4,-1
1120.60575036,3,2,4,0,-1,1,0,4,-1,-1,-1,5,2,5,-1,5,3,1,2,5,0,0,4,2,0,0,2,-1,4,1,2,3,5,3,1,-1,4,4,-1,3,0,5,1,1,5,-1,3,3,4,0
1115.2343373,0,-1,2,0,3,5,4,2,1,5,-1,3,4,0,5,-1,2,-1,1,3,4,-1,-1,1,3,4,3,1,0,2,4,1,0,3,2,5,5,0,5,3,-1,4,4,5,2,1,1,-1,-1,2
1105.05103337,-1,1,3,-1,0,4,0,5,-1,3,5,1,5,3,0,-1,2,4,-1,5,-1,5,3,4,4,0,4,5,1,2,-1,2,4,2,2,3,-1,1,1,0,2,-1,2,2,3,0,0,1,3,4
1082.33443228,0,-1,2,2,3,3,1,1,1,4,5,2,3,4,2,0,1,1,-1,-1,2,-1,-1,-1,4,-1,1,0,5,0,4,5,-1,4,1,3,-1,4,0,-1,3,3,5,2,-1,0,-1,2,0,3
1101.91770908,-1,0,4,0,-1,-1,0,0,2,1,1,0,-1,5,-1,3,4,1,1,2,5,-1,5,3,1,4,0,2,3,3,2,5,-1,4,4,3,2,-1,-1,0,5,-1,5,1,3,2,5,5,4,3
1049.32262283,2,2,5,4,3,4,3,-1,3,2,-1,-1,-1,0,4,1,1,5,3,5,-1,5,1,4,0,-1,2,1,3,-1,3,3,0,2,0,2,1,4,0,-1,-1,1,5,-1,5,-1,4,-1,5,2
1100.2391425,5,5,-1,3,-1,4,-1,5,3,4,1,4,2,3,0,4,2,1,2,1,0,-1,4,0,4,0,-1,4,2,1,1,-1,5,1,-1,5,5,2,-1,3,0,2,3,5,3,3,-1,0,0,3
995.832301063,1,4,0,3,-1,1,4,0,1,1,0,-1,2,4,-1,-1,-1,-1,-1,4,-1,3,0,-1,3,1,-1,5,1,4,-1,5,3,4,0,4,1,5,2,-1,3,-1,3,3,2,3,2,0,2,-1
1114.22719735,4,4,5,-1,4,0,0,-1,3,5,0,-1,4,4,1,3,0,2,1,-1,-1,2,3,5,3,0,5,2,4,3,1,-1,2,0,2,0,4,3,1,1,5,-1,1,2,-1,1,2,3,-1,1
1104.26770229,-1,3,0,1,1,-1,4,2,4,2,-1,2,5,-1,2,3,1,-1,3,0,2,2,0,1,1,0,3,-1,-1,4,2,1,1,3,4,4,5,3,4,5,0,-1,0,5,0,-1,-1,0,3,4
1059.95354452,5,0,1,2,4,2,4,4,0,1,3,-1,0,3,-1,-1,4,-1,2,1,4,0,0,0,-1,5,3,0,5,3,1,4,-1,2,3,4,2,-1,2,5,1,-1,2,5,-1,-1,-1,5,-1,-1
1138.06284282,4,-1,2,-1,4,5,1,-1,3,0,1,1,-1,1,2,3,2,-1,0,-1,4,3,5,5,-1,-1,5,2,-1,0,1,4,0,2,4,3,0,2,3,5,0,0,0,4,5,4,3,1,1,2
1054.80594033,5,0,3,1,4,3,-1,1,4,-1,0,-1,1,3,-1,0,-1,2,3,5,1,2,-1,-1,2,3,4,5,5,0,1,4,4,0,0,1,1,4,5,-1,0,2,-1,2,5,-1,-1,4,-1,2
1082.6701456,4,0,5,0,2,4,1,-1,1,1,4,0,3,1,5,-1,5,5,3,-1,3,3,5,-1,-1,0,-1,3,4,-1,2,5,4,1,1,0,5,2,-1,0,2,4,-1,0,5,2,2,3,1,-1
1090.83916963,4,-1,3,4,0,5,-1,-1,5,-1,1,3,-1,4,3,1,0,1,3,-1,3,4,3,-1,3,-1,0,2,2,4,-1,0,5,3,4,2,2,0,2,-1,0,2,1,5,2,1,0,4,5,-1
1115.45814618,5,4,0,-1,1,3,0,3,2,4,3,-1,0,-1,-1,2,0,-1,3,5,3,2,0,1,-1,-1,1,0,4,0,-1,3,-1,4,4,3,1,5,2,-1,-1,4,-1,-1,1,2,2,1,2,1
1148.80566895,1,2,0,4,3,2,0,4,-1,-1,-1,5,1,3,-1,2,0,4,0,-1,4,4,-1,1,1,4,1,3,2,-1,5,0,3,-1,4,2,2,3,3,5,2,-1,1,3,0,-1,0,1,5,0
1122.17241251,2,-1,2,3,4,5,3,3,-1,4,0,2,2,-1,-1,2,1,-1,1,4,-1,-1,1,4,0,3,0,1,0,5,2,1,3,1,3,4,5,0,-1,1,2,0,0,5,3,-1,-1,4,5,3
1071.59160615,3,3,4,2,5,0,3,3,4,2,-1,5,2,2,5,3,-1,3,-1,0,0,-1,0,4,1,-1,-1,1,2,1,-1,5,-1,5,5,-1,4,1,4,-1,1,1,2,3,4,5,0,0,4,1
1098.33676704,5,5,0,3,-1,1,2,1,5,-1,1,0,-1,3,-1,1,1,1,4,2,2,3,-1,-1,5,3,2,3,2,2,4,0,3,0,-1,5,3,4,5,4,0,-1,3,4,4,5,-1,-1,2,4
1089.27250749,0,-1,0,3,2,0,-1,1,4,5,2,3,0,1,5,-1,1,5,-1,-1,5,3,3,4,4,0,4,1,2,2,4,5,3,-1,3,-1,1,-1,4,0,5,1,4,-1,1,-1,2,1,-1,2
1092.96535397,3,1,3,-1,-1,-1,-1,2,1,0,2,0,5,5,4,-1,0,-1,2,-1,-1,1,1,4,4,2,4,2,4,4,3,4,5,3,0,0,2,0,-1,-1,5,0,2,-1,3,1,3,2,0,1
1071.47970172,4,5,4,2,4,0,5,0,3,-1,5,0,2,1,1,3,-1,-1,1,4,-1,0,2,2,3,1,3,-1,4,1,5,-1,3,-1,2,2,-1,-1,5,0,1,-1,3,3,5,2,1,1,-1,4
1086.25108764,-1,-1,4,5,3,-1,2,4,1,4,3,5,1,-1,5,0,-1,-1,0,2,1,2,2,0,-1,2,1,3,-1,4,3,3,0,-1,-1,2,0,2,4,0,-1,1,0,-1,1,4,5,3,-1,4
1057.49164686,3,1,2,1,3,2,-1,2,5,0,5,3,5,1,3,-1,0,-1,4,4,5,3,-1,-1,1,4,-1,4,3,1,5,-1,4,4,3,2,2,0,0,-1,1,-1,0,1,5,5,-1,4,4,2
1096.88200933,2,-1,2,-1,2,5,1,4,0,-1,4,2,0,-1,-1,-1,1,2,4,3,0,-1,2,5,-1,1,3,3,4,0,-1,-1,5,1,-1,0,-1,4,3,2,-1,1,1,-1,4,0,1,3,4,0
1108.29626209,-1,5,3,1,5,2,4,-1,-1,0,4,5,2,1,3,3,2,3,3,-1,5,4,5,3,1,-1,0,1,0,4,3,2,0,-1,4,1,-1,-1,5,-1,2,4,1,-1,2,2,0,2,1,0
1082.33443228,-1,0,3,4,1,3,-1,0,3,1,2,4,1,0,3,3,3,2,-1,4,1,1,3,-1,0,1,4,-1,5,0,-1,5,-1,-1,0,0,5,2,5,5,0,5,3,2,1,-1,2,4,4,2
1097.77724484,0,0,2,2,5,0,1,0,1,-1,3,2,1,-1,1,4,4,4,-1,5,2,-1,2,5,1,-1,0,0,3,4,2,4,-1,4,5,-1,5,1,3,0,-1,5,-1,1,3,-1,4,2,3,3
1054.35832257,1,5,3,3,1,1,5,-1,3,-1,0,4,-1,4,2,2,4,-1,2,-1,1,5,2,-1,-1,5,5,1,0,2,3,3,2,-1,-1,5,4,1,0,-1,4,-1,4,1,0,-1,4,0,4,3
1044.73454083,0,3,3,2,1,-1,0,2,1,0,-1,1,3,2,-1,0,4,-1,-1,2,3,1,0,4,3,5,1,-1,0,4,-1,2,2,5,4,5,-1,-1,3,-1,4,4,4,1,5,4,-1,5,-1,3
1097.21772265,4,-1,0,-1,2,4,3,1,4,2,-1,1,-1,-1,-1,4,2,3,1,2,3,-1,5,2,5,-1,3,2,0,1,1,1,0,5,1,-1,5,0,-1,-1,5,4,3,0,4,-1,2,5,0,3
1120.7176548,5,4,3,1,4,5,4,0,3,5,-1,5,4,1,1,0,0,2,1,1,-1,-1,3,4,2,2,5,1,-1,-1,2,3,0,0,5,-1,2,0,3,3,2,-1,0,2,0,3,4,1,4,1
1075.06064376,2,1,3,1,5,-1,5,2,-1,4,-1,4,3,1,1,0,3,3,1,0,-1,5,-1,4,2,-1,-1,5,4,4,2,4,3,0,-1,0,-1,2,0,2,-1,0,1,-1,1,4,2,-1,-1,3
1126.98430338,-1,1,3,2,3,3,2,4,2,-1,0,1,0,4,3,2,0,-1,1,-1,0,2,-1,1,0,5,-1,0,5,0,-1,-1,-1,3,3,4,2,4,4,5,0,5,3,5,-1,-1,4,1,4,1
1089.72012525,-1,-1,3,2,5,2,0,0,0,-1,1,3,2,5,0,0,4,-1,5,4,4,-1,1,3,4,5,1,2,5,2,-1,5,2,1,3,2,3,-1,4,3,-1,4,1,1,3,-1,0,-1,1,0
1075.73207039,4,0,2,3,5,3,4,2,4,0,-1,-1,0,-1,5,0,2,5,-1,-1,-1,2,2,3,-1,1,2,4,-1,5,0,4,-1,1,0,1,2,3,1,4,3,4,3,-1,-1,1,1,0,1,3
1091.62250071,3,0,1,-1,-1,3,5,0,-1,-1,-1,4,4,1,2,3,3,5,5,0,5,4,-1,2,0,2,1,4,1,2,1,4,3,5,3,0,1,4,2,-1,4,-1,4,5,3,0,0,3,2,-1
1144.44139584,4,3,2,0,4,0,1,2,1,2,-1,5,-1,3,4,-1,0,2,3,1,3,0,4,5,5,5,1,1,-1,1,0,0,4,3,0,-1,3,2,2,5,3,3,4,-1,5,-1,5,1,4,4
1119.93432373,0,4,3,-1,4,3,0,-1,1,3,0,2,-1,-1,4,5,4,-1,2,0,3,4,1,2,2,2,-1,0,1,3,5,5,2,1,-1,-1,3,5,4,2,0,0,4,5,-1,-1,1,1,-1,5
1081.43919677,2,-1,-1,5,4,2,2,5,3,2,5,4,3,-1,1,2,4,-1,2,5,4,1,3,0,-1,-1,1,0,-1,1,0,1,4,2,5,4,5,0,4,1,-1,3,0,3,-1,3,0,-1,-1,-1
1093.97249392,3,3,3,-1,5,1,4,2,-1,-1,-1,1,0,4,3,1,0,2,0,5,2,-1,-1,4,4,-1,0,2,-1,-1,3,3,5,1,2,-1,3,-1,4,-1,1,0,1,2,2,0,0,5,2,5
1079.53682131,2,1,0,0,0,5,3,5,1,-1,-1,4,1,-1,4,3,1,-1,0,-1,2,-1,-1,3,3,1,5,3,4,2,0,1,4,2,4,3,-1,-1,1,-1,4,3,4,0,2,-1,4,-1,-1,0
1099.6796203,-1,2,2,3,4,2,5,3,3,0,-1,3,-1,4,2,5,2,1,0,5,1,4,4,4,1,0,0,-1,-1,1,5,2,5,1,4,5,0,-1,3,2,5,-1,1,0,-1,3,-1,3,3,0
1100.35104694,1,3,-1,-1,-1,1,4,4,0,2,4,2,5,-1,3,3,4,4,-1,5,1,0,1,0,2,-1,0,0,3,-1,1,5,3,0,5,2,5,3,2,3,2,2,1,4,-1,0,-1,-1,5,1
1104.82722449,3,-1,0,-1,1,5,-1,-1,1,0,4,2,2,3,-1,5,3,2,2,-1,2,-1,5,1,4,-1,1,3,0,5,4,-1,2,1,4,-1,0,4,0,1,3,4,2,-1,0,3,2,4,3,3
1094.86772943,3,3,3,4,4,0,5,-1,2,0,5,0,2,-1,-1,-1,-1,5,2,0,-1,2,1,0,1,4,1,2,1,5,-1,3,1,3,2,4,2,0,-1,4,1,-1,3,4,5,1,-1,0,-1,2
1025.59888179,0,3,3,-1,-1,5,1,-1,1,4,3,1,2,-1,1,0,-1,-1,5,2,-1,5,3,4,3,4,0,4,3,-1,0,4,0,-1,3,1,-1,2,1,5,-1,2,2,5,2,4,4,0,5,5
1106.72959995,3,0,3,-1,3,4,-1,4,-1,4,-1,5,1,1,0,1,2,-1,0,1,0,4,0,2,3,-1,-1,0,1,5,5,2,1,5,3,3,2,5,0,-1,0,-1,4,2,3,2,4,2,4,-1
1098.67248035,0,3,0,-1,3,-1,0,3,0,2,1,-1,5,-1,1,1,4,3,0,2,-1,5,2,2,1,1,4,2,4,-1,-1,1,-1,1,-1,-1,0,2,3,0,5,4,3,3,4,2,5,4,5,4
1127.87953889,3,0,5,1,-1,1,-1,1,2,0,3,2,5,2,4,-1,1,3,5,5,2,-1,2,1,4,3,0,-1,1,0,5,1,4,2,0,0,-1,0,4,-1,4,4,5,3,4,2,3,4,3,2
1045.51787191,3,-1,4,4,1,0,-1,3,-1,-1,4,-1,0,-1,3,-1,-1,4,5,-1,2,3,5,0,3,2,5,1,5,2,5,4,0,4,2,-1,0,3,1,-1,3,1,1,2,5,0,2,5,2,-1
1131.01286318,-1,4,3,1,1,2,4,-1,5,3,4,3,3,1,5,2,3,2,1,5,5,4,-1,4,-1,0,0,1,0,2,2,2,4,-1,2,-1,5,-1,3,1,-1,1,5,-1,4,0,5,0,0,0
1091.95821402,-1,5,3,3,1,4,3,5,0,0,4,-1,2,-1,4,-1,3,-1,-1,5,2,0,1,1,2,5,3,5,2,2,5,-1,0,4,-1,1,4,-1,2,4,0,1,-1,1,1,-1,0,2,4,3
1092.85344953,-1,1,1,3,-1,0,1,2,4,-1,-1,5,1,-1,2,5,3,1,4,2,2,-1,4,-1,3,3,5,-1,0,2,-1,4,5,3,0,4,3,0,5,3,0,5,0,-1,4,2,0,5,3,1
1096.54629602,1,5,4,2,2,3,2,5,1,5,-1,3,0,5,5,3,0,5,1,4,-1,3,5,3,4,0,-1,4,1,2,1,4,-1,-1,4,1,3,-1,-1,0,0,-1,4,-1,-1,2,1,0,-1,2
1119.71051485,3,-1,5,4,0,5,0,0,-1,4,3,4,1,5,2,-1,2,1,4,-1,0,4,2,4,-1,1,-1,0,4,1,3,3,0,2,1,5,5,3,5,-1,2,1,-1,1,5,3,2,0,-1,3
1085.24394769,5,4,4,2,-1,-1,0,0,2,3,-1,5,0,4,3,1,4,-1,3,-1,2,3,4,0,3,2,5,0,1,-1,0,2,5,1,5,-1,2,3,5,4,-1,3,4,0,2,1,1,5,1,-1
1080.99157902,-1,-1,2,3,0,3,-1,2,2,-1,1,5,4,1,3,5,4,1,3,1,2,3,2,-1,0,2,0,1,0,1,5,5,-1,3,0,4,-1,5,-1,0,-1,3,1,-1,-1,0,5,5,2,4
1110.98196862,0,2,0,1,4,1,3,4,2,-1,-1,2,3,0,4,2,2,-1,3,1,4,-1,1,-1,2,2,-1,0,2,5,1,-1,3,5,4,0,1,5,1,5,3,-1,5,3,4,3,5,0,0,3
1074.613026,-1,1,4,-1,-1,3,0,0,4,3,5,1,4,2,5,0,-1,5,4,4,3,-1,-1,2,0,3,4,0,-1,5,2,-1,1,2,3,0,-1,-1,2,3,0,1,5,5,3,-1,1,-1,5,2
1102.36532683,0,1,-1,2,1,-1,1,2,1,2,4,1,2,5,3,2,1,2,1,5,5,5,0,0,3,-1,4,4,4,5,0,4,-1,3,-1,5,2,3,1,3,-1,-1,-1,4,4,0,3,-1,3,-1
1108.63197541,-1,-1,2,-1,4,2,1,3,4,4,3,2,4,3,2,0,3,5,4,3,3,-1,0,0,-1,1,0,1,-1,5,-1,-1,5,0,-1,3,-1,1,1,4,1,2,0,2,5,0,1,4,5,2
1119.48670598,2,0,1,4,4,5,3,3,2,-1,5,4,0,-1,3,1,0,1,0,-1,5,4,-1,0,3,1,4,5,0,-1,3,3,-1,2,3,4,1,-1,2,5,5,4,2,5,2,0,-1,2,1,0
1112.10101301,5,1,1,-1,2,1,4,-1,4,0,0,5,5,5,4,-1,4,4,3,-1,2,1,1,0,3,5,4,4,2,-1,3,0,-1,3,2,2,4,0,0,1,2,-1,3,3,2,-1,3,1,2,5
1056.37260247,2,0,-1,1,5,0,4,3,4,0,5,-1,0,4,4,-1,5,5,4,4,-1,-1,2,-1,1,1,0,2,2,3,5,-1,1,3,-1,1,-1,0,-1,1,-1,4,-1,1,2,3,3,3,3,5
1123.62717021,0,0,0,-1,2,4,0,2,2,5,-1,0,1,1,-1,2,3,0,-1,1,3,3,1,4,-1,5,1,3,4,5,-1,5,4,5,-1,4,3,4,1,2,2,3,-1,-1,0,-1,2,5,5,3
1063.42258212,4,1,4,-1,5,-1,1,4,5,-1,-1,-1,1,5,3,1,-1,5,0,2,3,2,4,4,-1,2,1,3,0,1,3,0,0,2,3,0,2,-1,-1,3,-1,5,0,-1,4,-1,-1,-1,3,3
1101.80580464,-1,4,2,3,-1,1,2,5,-1,5,5,-1,3,0,1,-1,5,3,3,-1,1,5,0,2,-1,3,4,2,1,1,-1,4,5,0,2,3,4,4,0,4,5,2,4,3,1,0,0,1,-1,2
1055.81308028,2,4,5,5,1,-1,4,2,0,5,2,1,0,1,0,3,1,-1,-1,5,1,3,3,-1,3,-1,1,4,3,2,-1,5,5,4,4,4,0,4,-1,-1,-1,2,0,-1,1,1,0,-1,5,2
1094.30820724,-1,5,4,2,3,0,-1,4,2,4,-1,2,0,3,4,2,0,0,2,-1,1,-1,5,4,0,1,2,2,5,3,0,1,-1,-1,3,1,5,0,3,-1,1,-1,3,-1,5,5,3,-1,1,1
1117.02480832,4,-1,3,5,-1,2,2,3,4,2,1,1,5,5,2,5,4,0,2,-1,4,5,3,-1,3,4,-1,4,3,1,0,0,0,2,0,5,3,-1,3,1,4,0,2,-1,1,4,1,1,-1,0
1050.88928497,2,1,4,0,2,1,3,0,1,2,-1,-1,-1,5,-1,3,4,2,5,4,2,0,-1,-1,5,3,4,5,-1,3,5,1,5,-1,0,3,4,0,1,-1,-1,2,4,1,-1,3,5,3,4,0
1066.22019309,-1,3,3,-1,-1,5,-1,2,5,4,-1,4,2,0,5,1,5,0,1,3,0,-1,1,-1,2,0,0,3,3,4,-1,0,2,4,4,-1,1,4,1,5,2,-1,3,3,-1,0,1,-1,2,2
1091.39869183,-1,1,2,3,4,0,-1,3,0,0,0,5,-1,3,-1,1,2,3,1,1,4,3,0,1,4,5,4,1,2,-1,5,-1,5,2,4,5,0,-1,-1,-1,3,4,1,2,5,-1,3,2,0,5
1031.64172149,5,-1,-1,0,-1,2,-1,-1,-1,-1,2,4,5,1,3,3,3,0,-1,-1,3,1,5,4,0,4,4,5,1,0,-1,2,5,-1,3,-1,3,1,4,0,-1,4,1,5,1,2,2,2,5,1
1069.1297085,-1,2,2,1,4,2,-1,1,0,5,5,5,5,-1,4,3,-1,4,0,3,0,-1,2,3,-1,-1,-1,0,3,4,0,3,-1,1,4,-1,4,2,-1,2,2,0,1,5,5,-1,1,0,4,-1
1023.92031521,3,-1,-1,2,1,4,-1,5,2,3,0,4,2,1,4,5,4,2,-1,-1,0,-1,1,-1,1,2,5,0,-1,0,0,3,1,-1,1,-1,3,-1,2,3,-1,0,3,2,-1,3,4,5,5,4
1081.43919677,3,-1,-1,-1,2,-1,3,1,3,-1,2,1,-1,5,-1,5,1,4,5,-1,5,0,1,-1,0,0,2,2,4,-1,0,3,0,1,2,4,0,2,4,3,4,1,3,3,1,2,5,-1,4,0
1086.36299208,2,2,3,-1,5,3,2,-1,2,5,3,2,2,1,4,0,4,3,1,5,3,5,1,0,2,1,4,-1,-1,1,3,-1,2,-1,4,-1,4,0,-1,4,0,5,0,1,0,0,-1,4,3,4
1078.75349024,4,-1,-1,0,1,-1,2,3,5,-1,2,-1,2,-1,2,5,1,1,3,4,2,3,4,3,-1,-1,5,1,0,-1,4,4,0,-1,0,3,4,3,1,5,1,0,5,3,1,0,-1,-1,4,-1
1038.5797967,4,0,2,5,-1,-1,5,0,1,-1,3,-1,-1,1,1,3,2,-1,5,1,-1,1,2,0,4,2,0,-1,2,-1,3,3,3,2,1,4,2,-1,-1,5,3,-1,3,4,4,5,0,5,0,5
1118.7033749,2,0,4,5,3,2,4,1,-1,1,0,0,1,-1,0,-1,3,-1,0,5,-1,1,5,-1,-1,1,0,-1,2,3,3,5,0,-1,-1,-1,3,4,2,5,3,1,1,4,3,3,4,2,4,0
1113.55577072,3,2,-1,4,0,2,4,3,5,5,4,2,3,5,2,0,0,2,1,4,-1,0,1,1,1,-1,-1,0,0,-1,3,5,4,5,3,2,5,2,-1,3,-1,-1,1,1,0,1,1,3,5,-1
1100.46295137,3,5,5,2,3,-1,5,0,-1,-1,0,-1,4,3,2,2,3,2,3,0,0,3,-1,4,1,2,4,-1,1,1,2,5,3,4,0,4,1,4,1,0,-1,2,5,0,3,5,1,-1,-1,5
1065.21305314,5,1,4,3,4,2,5,-1,3,-1,0,4,2,1,0,3,-1,-1,5,2,1,4,4,4,5,3,3,-1,1,-1,0,2,-1,1,-1,0,0,1,1,0,-1,2,5,-1,2,2,-1,3,4,3
1052.1202338,3,4,5,3,-1,0,2,4,1,4,-1,-1,2,0,4,-1,1,-1,-1,0,4,-1,-1,1,3,-1,3,4,0,0,4,5,-1,3,5,2,5,5,-1,2,5,1,4,1,0,1,-1,2,3,3
1099.90342918,5,0,0,-1,2,2,2,1,-1,4,2,1,-1,0,4,1,2,-1,3,5,4,-1,1,0,4,1,-1,4,-1,4,1,-1,1,-1,-1,2,-1,3,5,3,0,3,1,5,2,-1,3,5,0,5
1105.05103337,-1,0,4,2,4,3,1,-1,2,-1,3,5,3,5,-1,2,1,4,-1,4,1,2,-1,0,1,-1,-1,3,4,-1,0,0,0,0,5,3,1,4,2,0,-1,2,2,3,-1,5,1,1,5,3
1096.32248714,4,3,-1,2,-1,2,-1,-1,1,5,2,1,1,4,5,5,4,5,1,0,4,1,2,5,5,-1,3,4,3,-1,4,0,3,2,0,0,2,4,1,-1,4,0,3,3,0,3,2,-1,0,1
1114.33910179,3,2,5,5,-1,2,2,4,5,1,5,1,4,-1,4,3,2,1,0,1,-1,1,-1,4,3,1,5,-1,-1,2,-1,0,0,0,0,4,4,3,5,4,3,2,3,2,3,0,-1,0,3,1
1106.39388663,-1,2,0,2,3,-1,3,4,1,4,3,5,-1,1,3,1,5,4,2,2,-1,-1,4,2,1,2,4,3,0,-1,4,0,5,5,2,1,0,-1,3,3,5,0,0,5,2,1,5,1,0,5
1061.6321111,0,5,3,-1,3,4,5,0,2,2,-1,4,-1,3,2,5,4,4,-1,3,-1,-1,-1,1,-1,-1,0,5,1,1,0,5,4,0,-1,4,1,2,-1,1,3,-1,4,-1,2,2,4,0,3,2
1123.85097909,3,1,5,3,2,0,-1,5,0,2,0,2,2,3,-1,4,4,-1,0,4,2,-1,3,-1,5,3,0,1,0,5,2,2,1,4,1,5,4,-1,4,1,4,-1,1,-1,1,1,3,5,0,3
1105.49865112,-1,2,0,5,5,3,-1,5,2,4,2,4,5,-1,3,2,4,1,0,0,2,3,-1,1,2,-1,-1,2,0,1,-1,5,4,-1,4,1,5,-1,4,-1,1,0,4,-1,3,0,4,0,3,1
1088.60108086,3,0,-1,2,2,2,3,4,5,-1,0,1,-1,-1,-1,4,3,4,4,2,5,0,0,1,-1,2,1,5,-1,1,5,0,2,-1,4,1,0,4,5,5,-1,-1,4,-1,1,5,2,3,1,-1
1090.39155188,4,4,0,-1,1,-1,4,-1,3,2,4,5,5,1,2,-1,5,4,0,-1,1,5,-1,1,3,2,4,2,-1,0,5,3,2,0,1,4,0,0,3,3,5,-1,0,3,1,-1,2,5,-1,1
1107.1772177,4,2,1,0,-1,-1,-1,5,0,2,2,-1,2,-1,5,1,3,1,3,-1,1,0,2,0,0,3,1,3,0,0,4,1,-1,3,-1,2,4,-1,4,4,3,-1,5,3,1,2,5,3,4,4
1074.72493044,-1,-1,0,4,-1,3,3,2,2,0,5,-1,3,-1,1,-1,-1,0,-1,-1,1,5,2,4,3,1,0,0,2,1,4,-1,2,3,3,0,5,4,5,4,2,2,4,3,4,1,5,1,1,-1
1058.38688237,0,-1,-1,-1,5,-1,2,5,0,2,3,1,-1,5,3,0,2,-1,3,4,0,4,5,5,5,-1,0,5,1,0,3,2,-1,-1,3,2,2,1,2,1,-1,-1,4,3,4,-1,4,4,0,-1
1117.2486172,2,2,-1,1,2,-1,2,4,0,5,0,3,5,0,0,4,1,3,3,1,-1,3,1,1,2,-1,1,1,3,4,4,4,0,-1,3,-1,3,5,5,-1,2,-1,0,4,5,4,0,-1,2,3
1090.61536076,-1,-1,3,1,-1,0,0,0,-1,-1,2,0,5,3,2,4,2,-1,5,4,-1,2,-1,0,5,5,5,4,0,5,1,1,0,2,-1,-1,3,5,-1,3,-1,1,4,2,3,1,1,2,4,3
1077.29873254,3,4,4,-1,1,-1,-1,-1,-1,1,-1,-1,-1,3,5,0,4,-1,4,5,0,4,4,3,3,1,0,4,2,5,5,0,1,2,1,5,3,1,5,3,0,3,2,-1,-1,-1,2,0,1,0
1102.2534224,-1,3,2,5,3,2,0,5,3,4,0,-1,5,5,1,1,4,3,0,3,2,-1,-1,1,5,0,1,4,2,4,0,-1,4,4,0,-1,5,1,-1,-1,3,3,0,2,0,5,4,-1,1,1
1062.86305993,4,4,3,4,2,1,-1,3,1,5,5,3,1,4,0,-1,4,-1,3,2,-1,5,4,-1,1,1,0,1,0,0,5,2,-1,0,4,-1,5,-1,-1,-1,2,2,3,4,-1,5,2,3,1,0
1095.6510605,0,5,4,1,1,3,-1,5,3,-1,-1,2,0,5,3,5,4,5,0,-1,-1,2,4,4,-1,-1,2,2,0,3,3,5,2,0,1,1,4,4,0,4,-1,3,0,1,5,1,-1,1,2,3
1139.74140941,3,1,1,0,4,0,1,4,-1,4,-1,3,2,4,3,2,0,-1,2,-1,4,-1,0,5,2,4,2,1,-1,5,0,-1,-1,3,5,1,1,5,0,5,1,3,3,-1,1,2,0,4,3,2
1066.77971528,-1,4,4,-1,-1,-1,3,3,1,3,0,4,2,5,3,2,0,5,5,0,4,-1,-1,5,2,2,1,2,5,-1,0,-1,3,5,4,1,1,5,4,1,3,4,3,0,3,0,2,1,1,-1
1094.30820724,5,-1,5,0,-1,2,1,1,3,-1,4,1,2,1,4,-1,1,2,5,-1,3,1,2,-1,4,2,3,1,-1,0,0,5,5,-1,-1,0,3,-1,2,-1,0,3,-1,1,-1,0,0,5,4,2
1113.2200574,4,0,5,4,1,5,1,5,-1,-1,1,4,4,5,2,3,4,-1,0,0,4,2,0,5,3,-1,-1,2,1,2,-1,0,-1,3,-1,2,3,3,5,-1,4,1,2,-1,4,2,1,3,2,0
1073.38207718,4,5,1,1,1,3,4,5,-1,0,0,3,5,0,2,0,4,5,5,2,4,-1,3,-1,4,5,2,4,1,4,2,5,3,-1,0,-1,3,-1,0,1,5,-1,1,3,2,3,2,2,1,-1
1106.05817332,5,3,4,1,5,2,0,-1,5,2,-1,1,-1,2,-1,4,0,0,-1,0,4,1,1,3,-1,-1,0,4,1,-1,3,3,1,4,-1,2,3,5,4,-1,2,5,0,-1,4,-1,2,5,1,1
1077.85825473,2,2,0,1,0,5,3,5,2,1,3,4,4,-1,2,0,-1,-1,4,2,4,5,1,4,1,4,-1,-1,5,1,5,-1,1,3,2,1,3,5,3,0,2,-1,-1,0,3,-1,0,3,2,-1
1035.55837685,2,0,3,-1,5,-1,-1,1,3,-1,-1,1,1,5,4,3,3,-1,3,0,-1,2,4,5,0,4,-1,-1,-1,1,4,1,-1,0,-1,3,-1,4,5,2,5,0,5,4,0,2,2,1,1,2
1073.71779049,2,5,2,2,2,4,3,3,3,4,1,1,-1,4,4,1,-1,5,0,0,5,5,-1,1,5,3,1,5,1,0,0,3,0,4,1,-1,-1,-1,-1,-1,4,5,0,4,-1,3,3,-1,-1,2
998.182294279,-1,4,3,0,4,-1,-1,-1,3,5,-1,-1,0,0,5,4,-1,4,2,2,-1,-1,1,4,0,1,-1,4,5,1,2,5,5,4,5,-1,3,3,1,2,-1,1,1,0,1,3,2,2,2,-1
1136.2723718,-1,0,2,-1,5,4,2,5,3,3,2,-1,5,1,1,-1,0,0,1,5,1,3,3,4,-1,4,4,1,1,0,-1,3,4,4,2,0,-1,5,3,0,1,-1,5,2,0,2,-1,-1,0,4
1106.05817332,4,2,3,-1,-1,5,3,2,0,-1,1,4,0,0,-1,0,5,0,4,4,1,-1,2,-1,-1,-1,2,2,3,4,3,5,3,5,1,2,0,5,4,0,1,2,1,4,1,1,1,5,-1,3
1110.42244643,4,3,-1,3,-1,5,2,4,5,1,0,3,2,-1,3,1,2,5,5,3,4,-1,0,4,5,2,4,2,0,2,0,1,1,-1,2,-1,0,-1,5,5,0,1,-1,-1,-1,1,3,0,3,1
1089.60822081,3,0,-1,-1,-1,0,1,4,0,-1,0,5,0,0,-1,1,4,5,2,5,2,2,3,4,5,4,2,-1,2,3,4,3,-1,3,4,4,3,2,0,5,1,1,5,-1,-1,3,2,1,5,-1
1070.13684845,2,1,4,-1,-1,4,0,3,-1,1,1,0,1,5,-1,3,1,3,4,-1,-1,3,0,-1,0,-1,2,3,4,-1,0,4,0,5,2,4,4,5,-1,2,1,2,2,5,5,2,-1,-1,3,3
1113.7795796,4,0,4,0,1,4,-1,1,1,-1,1,3,-1,1,4,4,2,-1,1,3,2,2,3,5,2,3,-1,2,1,3,5,0,-1,0,5,-1,5,5,0,2,0,4,2,-1,-1,4,2,5,3,-1
1109.86292424,-1,1,5,5,-1,4,3,4,1,2,2,3,2,3,4,5,0,1,4,-1,3,0,-1,5,2,2,3,2,5,1,4,0,-1,-1,0,2,-1,1,-1,0,0,4,-1,3,3,1,-1,4,0,1
1082.89395448,-1,0,-1,-1,4,-1,1,-1,3,3,5,-1,3,5,0,0,5,0,0,0,-1,1,5,2,5,0,-1,2,-1,1,3,4,4,-1,2,1,3,5,3,4,4,1,2,5,5,-1,2,1,3,1
1107.62483546,-1,3,4,-1,-1,0,5,1,-1,0,2,3,-1,2,3,2,0,1,0,3,1,2,-1,5,4,5,4,5,1,3,1,5,-1,-1,2,5,3,0,1,0,-1,4,4,-1,4,2,-1,1,3,2
1049.77024058,0,2,4,4,2,2,1,1,1,-1,4,3,-1,3,-1,1,4,-1,-1,3,4,3,3,5,1,2,5,0,-1,-1,5,5,-1,-1,0,0,5,5,0,4,2,4,-1,-1,3,3,1,0,2,-1
1109.41530648,3,5,-1,-1,2,2,2,1,2,-1,0,0,3,1,4,0,0,5,0,1,5,4,5,5,-1,-1,-1,4,-1,5,0,3,4,0,3,4,4,2,4,1,1,3,2,3,-1,1,1,5,-1,3
1086.81060984,4,3,1,2,0,-1,5,2,-1,0,3,-1,2,1,2,-1,4,5,5,-1,-1,-1,0,1,4,4,2,3,3,1,-1,3,1,4,4,0,0,5,4,5,4,0,2,1,2,0,3,-1,5,-1
1085.13204325,1,3,4,-1,4,0,3,2,3,-1,3,-1,-1,1,5,2,4,2,-1,1,3,5,2,0,4,-1,0,2,5,-1,-1,-1,2,3,1,-1,5,4,-1,0,1,4,2,5,5,4,1,2,0,0
1075.1725482,2,1,5,1,3,-1,-1,3,2,-1,4,0,1,-1,0,2,3,5,-1,1,2,-1,0,4,1,4,-1,3,3,2,-1,0,0,-1,3,5,3,0,5,0,-1,4,2,5,2,0,4,4,5,3
1110.19863755,4,2,-1,-1,0,2,4,-1,5,3,-1,1,4,0,2,0,0,0,1,-1,4,1,5,0,3,3,-1,2,4,0,3,2,-1,5,1,4,5,-1,2,1,-1,5,2,-1,5,1,3,5,4,3
1105.16293781,4,1,3,4,0,-1,-1,4,2,2,2,5,1,0,2,4,1,4,0,0,3,3,1,-1,5,3,5,2,2,3,5,1,3,-1,0,5,5,1,2,-1,1,5,1,-1,0,4,-1,-1,4,0
1101.47009132,5,2,3,5,4,1,0,5,-1,3,5,1,-1,-1,0,2,-1,0,5,2,1,5,3,1,4,0,3,3,2,3,-1,3,4,1,-1,-1,4,0,2,-1,1,2,-1,0,4,0,5,-1,4,4
1035.22266353,-1,4,-1,0,4,5,-1,-1,3,3,1,-1,1,5,0,4,5,5,4,2,2,-1,4,2,4,-1,0,4,0,3,-1,5,1,0,0,-1,-1,1,2,2,5,3,1,1,1,2,-1,4,3,-1
1096.09867826,1,2,-1,5,0,1,2,-1,3,0,-1,5,-1,5,4,5,0,0,4,3,3,2,-1,-1,5,-1,3,4,5,2,2,5,-1,1,2,3,3,-1,0,1,1,1,-1,-1,3,1,2,4,-1,4
1092.07011846,-1,2,-1,4,1,4,1,5,2,0,3,1,4,3,-1,2,-1,5,0,-1,0,1,4,5,0,3,0,5,-1,3,4,0,5,1,3,-1,4,3,0,1,-1,5,4,2,2,1,3,5,2,-1
1107.40102658,3,0,4,4,3,3,5,3,0,2,1,4,-1,1,2,2,5,4,3,2,1,1,0,0,-1,2,5,-1,-1,1,4,0,-1,-1,5,-1,1,4,-1,0,5,3,2,2,1,-1,0,5,4,3
1087.25822759,-1,2,5,4,-1,4,-1,1,3,-1,5,5,5,3,1,5,2,0,0,-1,1,0,5,-1,3,-1,2,2,2,4,3,3,0,2,2,0,1,5,-1,-1,-1,4,2,0,4,1,0,1,3,4
1122.95574358,3,-1,0,4,1,-1,0,-1,5,5,3,0,2,4,0,1,1,-1,2,-1,3,-1,2,4,3,5,1,2,0,4,2,-1,3,5,4,0,4,1,5,1,2,-1,1,-1,2,2,5,-1,0,4
1126.7604945,3,3,4,5,3,3,-1,0,5,5,2,0,4,-1,0,3,5,1,-1,4,5,1,1,1,2,2,2,1,-1,0,4,2,-1,0,5,1,5,3,0,1,3,2,4,-1,-1,-1,2,4,5,0
1034.66314134,1,2,0,5,5,3,0,3,0,1,-1,2,0,0,4,1,-1,2,2,5,-1,5,3,1,4,0,-1,-1,-1,4,1,-1,-1,-1,1,5,3,4,-1,-1,2,0,4,-1,5,1,-1,4,3,3
1085.02013882,0,4,4,-1,3,5,2,3,-1,0,3,5,1,1,5,1,2,0,-1,4,-1,0,-1,-1,4,4,-1,2,0,3,2,5,5,2,1,5,1,1,1,4,5,3,-1,2,3,4,2,0,3,5
1055.92498472,3,-1,5,0,1,0,-1,-1,2,0,2,3,-1,5,1,-1,4,-1,4,-1,1,-1,3,1,4,-1,5,-1,4,5,3,1,2,-1,4,0,4,2,0,3,5,0,2,4,4,-1,-1,1,2,1
1072.71065054,4,3,-1,-1,2,0,4,1,0,-1,2,4,2,3,0,-1,4,2,5,-1,1,-1,0,5,1,4,5,1,2,1,1,-1,2,-1,3,5,3,-1,0,0,4,0,1,4,-1,5,5,-1,-1,5
1071.25589284,3,3,-1,0,1,2,1,2,5,-1,-1,-1,1,-1,4,5,4,0,5,2,1,-1,4,4,5,0,3,2,0,3,3,5,2,-1,0,5,3,2,2,4,-1,-1,5,4,0,5,-1,1,0,-1
1083.90109443,5,1,3,3,-1,4,0,5,1,1,5,0,5,0,2,4,0,1,3,1,-1,-1,-1,-1,4,-1,-1,-1,2,4,4,2,-1,3,1,3,0,4,-1,0,2,2,3,0,2,0,-1,-1,3,2
1130.00572323,-1,2,5,1,4,5,0,2,-1,4,4,0,5,0,-1,1,1,3,-1,0,1,2,2,5,3,1,4,3,-1,3,-1,3,0,4,1,-1,2,5,4,-1,2,0,3,3,0,1,1,5,2,2
1091.28678739,-1,0,-1,-1,1,0,5,-1,5,4,0,3,-1,1,3,3,4,0,4,3,3,4,5,1,-1,0,3,1,4,2,0,0,5,-1,4,4,2,-1,2,2,4,2,-1,3,2,5,5,-1,-1,2
1081.21538789,0,4,2,3,-1,2,1,5,2,-1,3,1,1,4,-1,-1,4,5,4,0,-1,4,4,1,3,2,-1,0,5,0,3,1,2,5,4,-1,-1,2,0,3,4,3,1,-1,3,4,-1,2,1,-1
982.068055086,1,5,0,3,-1,4,3,5,1,-1,5,-1,2,4,-1,-1,-1,3,4,3,-1,5,3,1,5,1,-1,1,2,-1,-1,0,-1,4,2,-1,2,2,-1,-1,5,0,4,3,-1,3,2,4,0,5
1107.7367399,-1,4,-1,3,4,0,2,1,-1,3,2,0,1,1,1,3,5,4,0,0,-1,-1,1,0,1,2,3,0,5,-1,-1,0,2,5,1,4,4,2,5,5,3,-1,0,4,1,3,5,4,-1,2
1077.41063697,4,2,-1,-1,4,0,3,1,4,5,4,-1,0,2,5,2,2,-1,3,-1,5,1,4,3,1,1,4,3,2,5,-1,5,1,0,2,-1,5,0,1,-1,1,3,3,5,2,-1,0,3,-1,2
1107.96054878,1,2,5,-1,4,4,2,4,2,-1,2,3,-1,2,3,-1,4,5,2,-1,3,3,-1,1,4,0,-1,2,1,0,0,2,3,4,1,5,-1,-1,0,5,4,0,3,-1,0,5,1,5,3,1
1108.63197541,3,2,3,0,-1,0,-1,3,-1,1,4,0,0,1,4,-1,0,4,-1,4,0,-1,-1,4,2,1,2,5,1,5,4,5,2,1,-1,-1,2,5,-1,2,1,3,1,2,0,5,0,3,-1,3
1109.1914976,5,-1,1,4,2,1,0,0,4,5,3,-1,-1,-1,1,-1,3,3,5,0,-1,3,3,4,5,4,0,0,3,5,4,5,3,0,-1,1,1,2,-1,-1,0,2,2,5,1,4,1,2,4,-1
1091.51059627,2,5,5,2,-1,4,-1,5,4,2,1,3,4,0,1,1,0,-1,2,0,0,2,-1,1,3,1,1,5,4,-1,-1,2,0,-1,3,4,0,4,5,5,-1,2,0,3,3,1,5,-1,0,-1
1055.5892714,1,-1,2,3,4,5,-1,0,3,-1,0,-1,2,1,-1,1,1,-1,5,-1,-1,-1,-1,1,0,4,2,1,4,-1,2,0,3,0,3,-1,3,5,4,1,3,0,5,2,5,2,4,3,3,4
1099.90342918,5,4,-1,1,3,-1,1,4,2,1,1,-1,-1,0,-1,-1,5,4,0,5,4,0,5,-1,1,1,3,5,4,2,5,2,0,2,-1,4,2,3,1,-1,3,3,0,2,2,4,0,-1,0,3
1108.29626209,1,1,2,3,0,4,2,3,-1,5,-1,2,2,1,1,2,1,4,3,5,-1,0,-1,4,1,2,1,4,0,-1,0,0,3,5,0,3,4,-1,3,4,-1,3,-1,1,5,4,2,-1,5,5
1149.70090446,4,0,0,5,2,4,1,4,-1,1,4,-1,5,3,5,-1,2,0,1,5,0,-1,2,1,0,4,0,2,1,3,-1,2,3,3,3,4,4,3,2,5,-1,-1,0,-1,5,5,1,3,1,2
1107.40102658,1,1,-1,4,-1,-1,2,3,2,3,2,2,5,3,1,-1,1,5,0,4,0,0,0,-1,5,4,-1,-1,3,0,4,1,-1,0,1,5,-1,3,5,2,3,1,-1,4,4,-1,3,2,1,2
1064.20591319,1,5,2,-1,1,-1,0,1,-1,0,3,2,5,4,4,-1,-1,2,0,5,2,4,2,5,-1,0,4,5,3,-1,3,-1,5,0,2,-1,3,-1,4,1,-1,3,4,1,1,3,0,-1,5,2
1112.32482189,2,-1,0,5,3,0,3,3,1,0,-1,3,5,-1,2,4,2,2,1,0,2,-1,3,2,4,-1,0,4,4,1,5,3,4,-1,0,-1,5,5,-1,1,1,4,5,-1,-1,4,3,-1,2,1
1090.7272652,0,0,5,4,5,4,4,-1,4,1,3,3,0,3,3,3,4,2,3,5,-1,1,2,-1,1,-1,-1,2,0,-1,2,0,1,-1,-1,-1,4,4,0,2,2,3,-1,1,-1,5,1,1,2,2
1069.57732626,-1,-1,1,-1,-1,1,4,0,-1,3,-1,2,3,2,-1,3,5,2,4,4,2,-1,4,2,4,5,5,0,5,0,3,0,5,-1,2,2,4,1,3,5,3,-1,2,1,1,3,0,-1,4,0
1082.6701456,0,2,2,-1,5,-1,-1,3,1,4,0,5,4,2,1,4,-1,5,1,2,3,3,2,2,0,-1,5,1,3,1,2,5,-1,5,0,3,0,0,1,1,4,-1,-1,3,-1,0,4,3,4,-1
1086.92251428,4,1,3,4,5,-1,3,-1,2,2,0,4,1,1,0,5,0,1,1,1,5,-1,-1,5,3,0,0,4,3,-1,3,2,4,-1,4,-1,5,-1,4,0,2,5,0,3,2,1,-1,-1,2,2
1121.05336812,5,0,4,-1,1,3,5,4,1,-1,-1,1,4,2,4,-1,3,5,2,2,2,-1,1,2,4,-1,2,0,2,4,3,5,3,1,0,3,-1,5,1,1,5,3,0,0,0,5,4,0,0,-1
1056.37260247,4,4,-1,0,1,1,4,1,5,0,5,1,3,3,-1,2,-1,-1,0,4,-1,2,1,-1,2,0,5,2,4,-1,0,0,1,-1,1,5,3,3,4,-1,3,3,1,5,4,-1,-1,3,2,5
1026.82983062,0,4,-1,-1,4,-1,3,3,0,3,-1,5,1,5,2,0,5,2,3,1,-1,-1,0,-1,1,3,5,5,3,-1,2,2,0,4,3,5,-1,-1,1,1,2,5,2,0,0,2,4,4,-1,1
1115.45814618,-1,5,-1,2,3,1,1,2,5,-1,4,-1,2,-1,0,2,0,4,0,4,-1,4,0,0,3,2,-1,3,5,3,-1,2,0,3,-1,5,4,3,1,3,1,5,0,1,-1,0,-1,2,0,4
1078.30587248,0,1,0,-1,3,5,4,2,3,0,5,1,3,4,-1,2,2,0,-1,4,1,4,0,1,0,-1,3,-1,1,4,5,1,1,-1,0,-1,3,2,-1,-1,1,-1,5,5,2,2,4,3,5,-1
1058.94640457,5,5,3,-1,0,3,0,3,-1,3,2,3,-1,5,4,-1,2,-1,4,4,5,5,0,0,4,2,4,2,-1,5,2,1,2,-1,0,4,0,1,-1,2,5,-1,-1,1,-1,4,1,3,3,-1
1063.0868688,1,3,0,2,3,-1,-1,3,1,0,4,0,-1,0,1,2,3,-1,2,-1,5,3,1,4,3,5,-1,4,1,2,4,2,4,5,0,4,1,2,5,4,1,-1,-1,0,5,3,-1,-1,3,-1
1091.51059627,-1,-1,0,0,1,0,4,2,0,2,3,3,4,-1,5,1,3,-1,3,5,0,2,3,1,1,3,5,-1,4,2,5,0,4,-1,1,1,2,4,3,-1,5,5,4,3,2,0,-1,5,4,1
1130.00572323,2,4,0,4,-1,-1,3,0,4,3,3,1,-1,4,4,5,1,-1,1,2,0,0,-1,5,1,5,1,5,-1,2,0,0,0,1,3,-1,-1,3,4,2,1,5,3,2,4,2,-1,3,1,1
1071.03208396,2,-1,-1,2,2,-1,4,0,2,0,-1,3,3,4,1,1,5,-1,3,5,3,1,0,5,-1,0,4,1,1,5,-1,5,4,-1,2,5,0,3,2,3,4,4,-1,1,-1,3,5,2,4,1
1083.78918999,3,4,1,5,3,0,3,0,4,0,2,-1,1,3,1,4,2,0,4,2,4,4,0,-1,2,5,5,5,1,4,1,0,1,2,-1,5,-1,5,3,5,-1,2,0,-1,-1,3,-1,-1,2,3
1056.93212467,-1,3,4,4,5,5,0,3,1,-1,1,2,3,-1,2,0,4,4,-1,2,-1,-1,1,4,0,3,4,3,2,2,-1,0,1,5,3,-1,-1,-1,1,2,2,1,-1,3,5,-1,0,4,-1,1
1112.43672633,-1,3,1,-1,1,5,1,0,0,2,-1,1,-1,1,4,3,3,-1,0,0,4,2,0,3,0,2,3,1,5,5,-1,4,4,5,2,-1,-1,3,5,4,2,0,-1,1,2,3,-1,-1,0,2
1140.52474048,2,2,4,1,2,4,3,1,5,-1,-1,1,-1,1,1,2,4,-1,1,-1,0,3,2,2,1,1,5,5,5,0,-1,0,0,-1,-1,5,4,0,2,4,1,-1,4,0,3,-1,3,3,3,0
1150.03661778,-1,0,3,2,-1,4,4,4,1,-1,5,3,1,-1,1,-1,0,3,5,-1,5,4,4,2,2,3,0,2,0,1,5,1,1,1,5,3,4,2,5,2,0,0,0,3,2,-1,5,-1,0,4
1109.63911536,2,0,-1,-1,-1,1,0,1,3,3,3,-1,1,2,4,-1,3,4,4,-1,5,3,0,5,1,5,2,3,4,0,0,0,2,5,0,4,-1,1,-1,2,1,3,4,2,-1,-1,1,4,2,4
1101.91770908,0,0,1,4,3,4,3,3,0,2,5,-1,5,5,-1,1,1,-1,1,4,3,0,2,4,0,2,4,5,-1,-1,2,1,3,5,2,2,3,1,5,1,4,0,-1,-1,-1,0,-1,4,-1,2
1071.92731947,-1,1,4,3,-1,3,5,5,3,-1,0,1,1,4,0,2,2,4,-1,5,-1,5,4,-1,0,0,4,1,3,3,-1,2,2,5,1,0,5,1,3,2,3,-1,4,1,1,0,0,4,-1,2
1144.10568252,3,1,5,0,-1,1,0,-1,-1,0,2,5,5,-1,3,2,2,-1,3,3,1,0,5,0,5,4,4,4,-1,5,5,4,2,1,3,4,4,3,1,0,0,-1,-1,2,3,2,2,1,3,1
1162.12229717,1,0,1,5,3,2,0,3,3,2,4,0,2,2,4,1,2,5,1,5,4,1,5,0,-1,3,-1,0,2,-1,-1,2,5,5,-1,3,0,-1,5,3,4,4,0,-1,4,0,1,4,1,-1
1146.00805798,-1,0,5,2,-1,5,-1,1,1,3,4,0,1,-1,4,4,0,1,2,5,3,2,2,1,1,0,0,-1,5,0,4,0,0,5,3,3,-1,-1,4,3,3,1,2,2,2,5,4,2,4,3
1071.25589284,5,3,4,3,-1,-1,4,-1,2,1,-1,5,5,1,2,5,3,-1,-1,1,4,-1,0,1,1,-1,0,4,3,1,3,-1,1,4,2,0,2,0,0,3,2,4,-1,0,2,-1,5,2,5,2
1130.90095874,5,2,-1,4,2,0,3,0,5,5,3,4,-1,4,4,2,0,1,1,5,3,3,0,-1,-1,2,-1,3,3,0,0,5,1,5,4,4,4,-1,2,1,5,-1,3,1,0,4,1,-1,1,2
1093.52487617,5,3,1,-1,-1,4,2,2,0,0,0,3,2,-1,-1,5,5,1,3,5,4,-1,4,2,1,-1,1,3,3,3,2,5,3,4,1,-1,4,4,5,0,4,5,0,1,2,3,0,1,2,-1
1027.0536395,1,-1,0,1,-1,-1,-1,0,2,1,2,-1,5,1,3,-1,2,1,-1,3,1,5,1,5,-1,3,4,3,5,0,-1,0,-1,4,0,2,-1,4,-1,3,4,5,0,3,-1,2,-1,0,5,2
1095.98677382,-1,1,0,1,4,3,0,-1,-1,1,-1,0,2,3,-1,0,1,2,-1,1,-1,0,2,2,-1,3,3,3,-1,-1,4,4,-1,3,-1,1,5,2,5,0,4,0,2,5,4,4,3,2,-1,4
1123.51526577,1,0,0,1,3,-1,4,5,5,1,4,-1,2,3,-1,5,0,5,2,5,4,-1,4,-1,1,0,0,5,5,2,0,3,0,-1,4,2,1,2,-1,1,0,3,4,-1,4,-1,3,2,3,4
1061.18449334,-1,1,-1,3,0,2,5,2,2,-1,5,5,4,5,-1,-1,3,5,5,2,1,-1,5,1,3,0,2,1,4,5,-1,3,4,-1,2,4,3,0,-1,3,4,-1,0,2,-1,0,1,0,3,4
1126.53668562,-1,4,4,-1,0,4,0,4,2,0,5,1,4,1,3,2,1,2,0,3,5,0,2,-1,1,2,3,-1,2,-1,-1,1,0,5,5,5,1,-1,1,3,2,1,4,5,3,-1,-1,0,4,3
1085.24394769,-1,0,-1,3,5,-1,1,0,2,-1,5,3,4,-1,0,-1,0,-1,2,-1,2,-1,4,2,5,3,2,1,-1,3,1,2,4,-1,1,3,5,0,4,4,5,1,4,3,1,-1,0,1,3,-1
1106.17007775,2,4,1,-1,0,5,-1,-1,1,-1,3,4,-1,5,3,5,4,3,0,-1,4,2,0,1,0,5,3,3,4,3,4,2,2,-1,3,1,2,5,2,1,0,-1,5,1,-1,0,4,0,4,2
1127.43192113,2,2,2,3,-1,-1,5,-1,5,-1,0,1,4,-1,1,1,4,3,1,1,5,5,-1,3,0,4,1,0,-1,3,4,1,4,4,-1,0,2,0,3,2,0,-1,3,-1,1,3,2,-1,0,2
1010.49178255,-1,0,1,5,-1,3,-1,3,2,5,0,3,-1,2,4,4,5,-1,2,3,5,4,-1,5,2,0,3,2,-1,-1,3,1,5,4,2,4,-1,-1,3,-1,1,1,4,2,-1,1,0,4,0,-1
1092.74154509,3,3,-1,0,2,1,2,5,2,-1,5,5,3,4,4,1,1,1,0,-1,1,3,4,-1,4,-1,1,3,0,-1,-1,0,-1,0,0,3,-1,4,0,4,2,-1,-1,2,-1,5,1,4,2,-1
1069.35351738,-1,0,2,-1,0,-1,-1,3,1,1,2,5,5,-1,-1,3,2,1,5,4,-1,1,0,-1,2,4,4,1,3,-1,3,5,0,5,0,2,0,0,3,4,4,-1,4,1,0,2,2,5,3,3
1131.90809869,2,2,2,3,4,5,1,5,3,2,4,5,0,4,-1,-1,0,1,2,0,4,-1,4,5,1,3,0,-1,5,3,-1,0,1,4,-1,3,3,5,2,1,1,-1,0,3,-1,-1,1,4,0,2
1087.59394091,1,2,5,3,0,2,3,-1,-1,-1,-1,1,1,0,5,0,4,-1,3,1,3,0,2,2,1,4,5,0,1,-1,4,4,3,3,2,2,3,-1,2,0,-1,-1,0,5,1,5,-1,-1,-1,4
1049.5464317,1,3,-1,-1,2,3,5,2,5,-1,4,-1,-1,5,1,0,5,4,-1,2,3,-1,5,1,-1,2,-1,2,4,0,2,1,1,3,5,0,-1,0,3,3,4,1,2,5,3,4,-1,5,4,4
1133.25095195,4,2,-1,2,-1,0,1,0,0,3,3,0,1,0,1,3,3,4,1,4,-1,3,3,5,2,0,0,3,2,1,-1,-1,5,4,0,-1,5,4,1,5,2,2,4,-1,-1,-1,1,-1,4,2
1077.97015917,5,0,5,3,3,0,4,1,-1,-1,1,-1,3,4,4,3,1,3,5,-1,0,4,2,1,3,0,2,2,-1,-1,3,1,5,-1,5,-1,1,4,1,5,4,4,-1,2,0,5,-1,2,2,2
1126.31287675,0,5,-1,3,5,-1,0,3,0,4,0,0,4,5,3,3,0,-1,5,3,5,4,2,5,-1,3,1,4,3,2,1,1,0,4,2,2,1,2,5,-1,2,-1,0,-1,2,2,1,4,4,1
1150.03661778,5,0,1,5,1,2,0,2,5,-1,-1,2,-1,3,2,5,3,-1,0,3,1,-1,-1,2,2,4,2,2,4,1,4,0,4,0,-1,-1,0,4,5,3,1,4,3,3,1,5,1,-1,5,4
1063.19877324,1,0,4,3,-1,-1,4,2,1,3,0,2,-1,3,5,1,-1,5,2,-1,0,-1,4,4,-1,3,5,2,2,4,0,0,1,2,-1,4,5,-1,-1,5,-1,-1,3,3,1,2,3,0,1,1
1055.02974921,1,1,-1,3,4,-1,3,1,4,5,1,4,-1,0,2,3,-1,5,3,4,2,1,0,4,0,5,-1,-1,0,-1,4,1,3,-1,2,0,3,2,5,-1,2,5,-1,0,1,0,2,-1,-1,2
1041.15359879,1,-1,0,1,4,0,-1,-1,-1,1,-1,4,4,5,5,5,1,0,4,4,3,2,-1,1,-1,0,-1,3,2,5,4,3,-1,1,1,2,5,-1,3,2,3,5,3,0,-1,-1,-1,-1,3,3
1129.44620103,5,4,1,1,-1,5,2,5,1,0,3,5,1,2,0,0,0,1,4,5,0,4,4,2,4,2,2,3,-1,-1,3,2,2,4,4,0,-1,4,5,-1,0,3,3,-1,3,1,3,-1,0,1
1114.33910179,3,0,2,5,4,0,3,-1,1,-1,5,4,2,-1,-1,3,4,5,4,-1,1,1,3,3,2,5,5,0,4,-1,2,4,1,0,-1,1,2,0,1,5,0,2,3,1,-1,0,3,2,-1,4
1092.74154509,1,0,1,2,0,-1,1,4,-1,2,5,4,5,-1,-1,-1,4,2,4,3,4,-1,3,3,0,4,5,2,3,-1,-1,-1,-1,2,1,0,5,1,0,1,0,-1,3,5,4,5,0,3,5,3
1087.14632315,-1,2,-1,0,1,-1,3,2,0,4,-1,4,0,4,4,5,2,3,-1,5,-1,2,0,2,5,2,1,3,1,3,1,4,4,-1,-1,-1,3,4,3,5,1,0,2,-1,1,-1,5,0,1,5
1119.2628971,1,-1,-1,0,4,3,5,0,3,1,-1,1,0,1,4,-1,5,-1,0,3,3,5,2,2,2,2,0,0,4,5,3,4,5,1,2,3,-1,4,4,-1,0,3,0,1,-1,-1,1,2,4,2
1132.46762088,0,0,3,4,1,-1,-1,0,3,-1,0,1,5,1,1,4,0,-1,0,5,2,5,1,4,3,5,3,4,1,3,2,2,4,4,0,2,-1,1,3,4,3,2,0,-1,2,2,5,5,-1,-1
1129.89381879,-1,-1,2,2,2,-1,1,3,4,-1,1,0,4,1,0,5,1,-1,0,4,1,4,3,3,0,5,-1,4,2,1,0,4,0,3,-1,-1,0,5,5,0,2,-1,3,-1,3,1,-1,3,2,4
1083.78918999,1,2,4,4,-1,5,0,0,3,0,2,4,3,4,5,0,3,0,1,-1,3,1,1,-1,4,1,-1,0,1,5,5,-1,2,2,5,3,-1,2,-1,-1,3,-1,5,5,2,3,-1,1,3,4
1049.88214502,5,0,-1,2,0,0,-1,4,-1,3,-1,-1,3,-1,5,5,3,1,-1,5,1,0,5,4,4,4,-1,3,0,1,0,-1,2,2,4,4,5,3,1,4,3,3,-1,2,0,5,-1,1,-1,-1
1071.70351059,1,2,-1,0,5,4,2,-1,5,1,0,0,2,3,3,4,2,-1,1,0,3,3,1,5,0,2,-1,4,-1,3,0,1,4,5,-1,-1,-1,4,5,0,5,-1,2,2,-1,-1,3,1,5,4
1115.34624174,1,-1,4,1,4,4,5,4,2,5,-1,3,-1,3,0,4,0,1,-1,1,4,5,-1,5,-1,2,-1,3,2,2,0,5,4,2,-1,3,3,0,3,2,5,0,0,1,1,1,0,3,2,3
1100.79866469,-1,-1,3,4,3,2,-1,-1,1,-1,2,3,-1,4,4,5,0,-1,2,3,4,-1,0,5,0,1,1,0,5,-1,3,5,2,3,2,1,2,1,0,4,1,0,3,-1,0,2,0,5,2,-1
1111.87720414,0,0,5,5,4,3,0,4,4,5,-1,0,-1,5,5,2,4,1,3,0,-1,1,1,4,3,3,-1,-1,2,0,3,-1,1,1,2,3,3,-1,2,0,5,-1,2,2,4,1,4,2,3,5
1092.07011846,2,3,2,4,-1,-1,3,5,4,2,-1,2,-1,2,3,3,1,4,0,-1,1,4,0,-1,5,-1,3,2,5,4,-1,0,-1,-1,5,1,-1,1,5,0,4,1,0,3,0,2,1,1,-1,3
1128.55096552,3,1,5,0,0,4,4,1,5,-1,1,0,0,5,2,-1,-1,2,1,4,5,-1,0,4,3,5,-1,0,5,3,5,2,3,-1,4,0,3,2,4,2,3,1,-1,-1,3,1,2,1,3,-1
1115.90576393,4,-1,0,5,0,0,1,-1,1,-1,-1,0,5,3,3,-1,2,3,5,4,4,2,-1,4,2,5,-1,4,1,3,5,-1,2,5,1,0,1,0,1,0,4,4,3,3,2,2,2,-1,2,5
1111.98910857,4,2,3,2,0,5,5,4,5,0,3,2,1,0,1,4,1,1,0,-1,1,3,2,5,2,0,2,4,-1,5,-1,3,0,-1,5,2,3,-1,5,-1,-1,2,3,3,-1,4,4,0,1,4
1117.13671276,-1,5,1,3,2,0,0,2,2,5,3,4,0,1,-1,4,0,2,1,1,2,-1,3,0,-1,-1,-1,5,2,3,1,3,5,2,1,4,0,3,4,5,-1,4,5,3,4,-1,1,-1,4,5
1053.35118262,1,2,-1,2,0,1,5,4,3,-1,5,4,3,-1,5,4,2,5,1,1,2,3,0,5,1,-1,4,3,4,-1,2,-1,3,-1,4,0,-1,-1,-1,2,4,2,-1,3,-1,0,5,0,5,4
1135.93665849,0,-1,0,3,4,4,1,0,2,-1,1,3,-1,-1,3,2,0,0,1,3,1,4,5,4,2,0,1,4,1,-1,5,4,2,1,5,2,2,-1,3,3,2,-1,-1,2,-1,0,5,-1,3,5
1049.43452727,1,2,4,-1,4,-1,1,-1,5,4,-1,1,5,0,2,0,-1,4,3,5,2,4,1,-1,5,2,3,-1,1,3,3,5,1,-1,5,3,4,5,-1,0,0,-1,2,2,-1,-1,2,3,3,2
1090.50345632,2,4,1,5,3,-1,5,1,-1,1,-1,4,-1,4,-1,2,0,4,-1,2,-1,-1,-1,2,4,3,3,4,0,2,3,5,5,-1,5,4,1,0,0,3,0,-1,3,5,1,2,0,-1,1,0
1068.68209075,2,-1,5,-1,0,0,3,1,3,5,3,5,0,4,1,1,2,-1,-1,-1,2,4,0,-1,2,2,4,0,4,-1,3,5,4,3,1,1,2,5,2,0,-1,-1,2,1,0,4,1,3,4,5
1131.90809869,2,0,1,2,5,-1,5,0,3,4,2,-1,3,0,0,5,5,3,0,-1,1,-1,0,1,1,1,4,4,3,5,2,4,2,-1,3,1,0,-1,2,1,2,5,-1,-1,5,4,0,-1,4,3
1112.99624852,4,5,-1,2,-1,5,5,3,4,2,-1,1,-1,-1,0,1,2,2,0,4,4,5,5,0,1,5,-1,4,4,3,1,-1,2,1,0,1,2,-1,-1,3,1,0,5,-1,0,2,4,0,0,5
1135.71284961,2,5,0,4,1,4,1,2,3,2,4,2,1,3,5,5,4,2,0,2,0,1,0,-1,-1,1,3,1,4,-1,0,2,0,3,4,-1,-1,0,-1,3,0,4,5,5,1,3,5,-1,5,-1
1101.47009132,5,-1,4,2,5,4,3,4,3,4,0,0,2,3,1,-1,1,0,3,5,5,1,1,3,3,-1,-1,5,5,0,0,-1,-1,0,2,5,2,1,4,2,1,2,0,3,2,-1,-1,4,-1,1
1117.02480832,5,4,0,1,0,4,2,3,4,-1,4,3,1,0,2,4,0,2,5,0,-1,4,2,5,-1,1,-1,2,1,2,5,4,-1,5,3,-1,3,-1,5,0,0,3,2,-1,3,-1,1,-1,1,3
1092.85344953,-1,-1,1,1,0,5,3,5,-1,3,1,2,0,3,-1,0,2,4,1,-1,1,0,1,5,3,2,2,-1,-1,4,1,0,2,3,5,5,2,3,4,3,5,-1,0,-1,0,2,4,-1,4,4
1141.97949818,2,5,5,4,2,-1,5,3,-1,5,5,1,0,4,-1,5,0,1,0,3,-1,4,2,3,1,2,2,3,1,4,-1,-1,1,-1,0,4,-1,2,0,0,5,1,3,4,-1,2,1,4,0,0
1096.99391377,0,1,4,5,5,-1,0,4,-1,0,3,0,1,2,4,4,5,-1,-1,2,-1,1,3,3,2,0,3,2,-1,5,0,4,-1,1,3,3,5,1,4,1,1,5,5,4,-1,0,2,2,3,2
1080.32015238,5,5,-1,0,1,2,-1,-1,2,2,3,0,1,1,4,0,-1,-1,0,1,5,3,4,4,1,0,3,2,5,2,3,5,-1,5,2,4,-1,4,3,0,1,-1,-1,0,2,0,3,4,4,5
1102.47723127,-1,1,5,3,3,4,4,-1,5,1,2,1,4,2,2,-1,5,1,4,-1,-1,0,0,5,0,1,-1,0,1,2,2,2,5,3,2,3,-1,1,-1,4,0,-1,4,3,4,3,0,0,0,5
1084.34871218,2,-1,-1,5,1,-1,2,-1,0,4,4,0,4,4,1,-1,0,4,0,3,2,-1,1,3,-1,1,-1,-1,1,-1,-1,3,5,0,2,5,1,2,2,5,3,0,-1,1,-1,5,2,3,0,4
1080.20824795,3,3,0,4,5,5,0,3,0,0,4,1,1,3,0,-1,3,2,-1,2,0,-1,2,0,-1,-1,-1,1,2,-1,3,3,-1,1,5,2,-1,4,2,5,3,4,5,-1,1,4,5,4,5,4
1102.92484903,-1,3,5,-1,-1,1,2,-1,5,3,4,3,5,-1,1,3,-1,2,2,4,2,-1,3,-1,4,2,4,1,2,0,1,4,0,3,2,0,2,0,5,0,4,-1,1,1,0,3,0,1,-1,5
1091.73440515,2,4,3,0,5,4,4,5,-1,3,2,2,3,3,1,-1,0,5,2,3,0,4,3,1,0,5,-1,3,-1,1,1,0,2,-1,0,2,2,0,4,-1,-1,5,5,5,0,1,-1,1,-1,-1
1098.44867148,0,3,-1,-1,2,1,1,5,2,4,-1,4,3,0,-1,-1,3,0,3,5,-1,0,2,1,0,0,2,4,5,1,-1,3,3,4,4,5,1,5,-1,5,3,2,2,-1,3,4,2,-1,0,-1
1079.31301243,5,5,3,1,-1,-1,4,2,3,2,3,0,2,-1,0,-1,-1,4,2,1,2,5,3,0,0,1,5,1,5,-1,4,3,5,1,2,3,-1,-1,0,2,3,4,0,1,5,4,1,-1,-1,0
1064.42972207,-1,2,-1,5,2,-1,4,-1,1,3,-1,4,2,0,3,1,3,1,1,5,3,0,0,0,-1,0,5,-1,4,3,0,-1,-1,2,3,5,-1,5,0,3,5,2,4,2,1,1,-1,4,5,1
1064.42972207,-1,1,5,1,-1,-1,4,2,-1,0,4,5,5,2,4,0,4,2,1,-1,3,2,3,-1,1,1,4,-1,5,5,0,1,5,3,-1,5,2,-1,3,0,-1,0,0,2,3,4,3,3,2,4
1071.81541503,4,4,1,4,-1,5,3,1,2,5,4,4,5,2,-1,1,0,3,-1,1,3,-1,0,2,4,4,5,3,2,0,0,-1,-1,1,-1,5,4,-1,-1,2,3,2,3,0,5,-1,0,1,3,-1
1044.0631142,-1,4,3,-1,5,3,0,5,0,2,5,-1,3,2,4,4,5,0,-1,4,1,2,2,0,-1,-1,5,-1,-1,1,0,5,3,5,2,3,4,1,-1,1,4,2,3,1,-1,4,-1,2,4,1
1038.24408338,-1,5,2,5,3,-1,0,4,5,-1,4,0,5,0,0,2,-1,3,-1,1,-1,1,4,-1,-1,2,5,3,5,-1,1,3,1,2,1,5,4,3,-1,-1,0,0,1,0,3,1,4,3,0,4
1147.12710237,4,1,3,4,5,4,0,3,4,-1,0,4,5,2,5,-1,0,5,1,-1,-1,1,1,2,-1,0,-1,2,5,-1,2,2,0,4,1,3,1,-1,3,3,0,1,-1,3,0,4,2,0,3,1
1131.23667205,0,4,-1,4,1,4,-1,5,1,3,2,0,-1,3,3,0,1,-1,1,1,0,2,4,-1,5,5,-1,2,4,0,3,2,0,5,0,3,5,2,4,2,2,4,-1,3,0,3,-1,1,1,5
1077.97015917,2,-1,-1,-1,5,2,3,2,4,0,3,3,4,3,5,0,-1,1,-1,-1,0,2,5,-1,0,1,-1,2,4,1,2,3,2,1,0,-1,0,1,4,0,4,3,1,3,-1,5,4,5,4,1
1110.75815975,3,0,2,5,-1,5,3,1,1,2,-1,1,-1,2,5,4,-1,4,1,4,-1,1,0,5,0,-1,0,0,0,1,-1,3,-1,4,2,1,3,5,4,5,0,3,2,-1,2,5,-1,4,2,3
1125.75335455,-1,-1,-1,3,5,5,4,0,-1,4,1,0,1,-1,1,4,0,0,3,-1,2,1,0,2,3,3,-1,0,3,3,2,5,0,2,-1,5,4,4,5,-1,3,4,1,2,3,0,1,2,1,5
1067.6749508,-1,3,2,2,2,2,4,3,-1,-1,1,0,4,5,4,4,3,-1,-1,4,3,5,2,-1,0,1,0,4,1,5,5,1,5,0,1,-1,1,3,4,3,-1,-1,2,2,3,3,0,0,-1,0
1138.39855614,5,3,3,1,2,2,-1,-1,0,5,2,0,2,4,3,0,0,1,1,3,4,1,4,1,5,5,-1,5,1,-1,5,-1,0,-1,4,-1,3,4,4,3,0,0,5,-1,-1,1,2,0,2,3
1025.37507292,4,1,-1,2,3,-1,4,-1,-1,4,4,-1,1,-1,5,5,4,5,3,2,5,-1,-1,1,1,-1,-1,5,2,4,0,3,5,-1,2,3,2,-1,2,0,1,-1,3,0,3,0,0,3,-1,2
1071.1439884,0,5,-1,1,1,5,5,1,2,-1,0,1,1,3,4,2,3,0,4,-1,3,2,-1,-1,3,4,-1,2,3,2,-1,-1,0,-1,3,-1,5,5,1,-1,-1,3,2,4,3,2,0,0,4,0
1109.52721092,2,5,1,2,3,4,4,1,0,-1,-1,2,-1,3,4,-1,2,-1,5,3,2,3,0,0,1,0,1,-1,3,5,4,4,2,5,3,-1,2,1,1,0,4,-1,4,-1,3,0,2,5,4,1
1120.49384593,3,1,4,1,5,5,4,4,1,5,5,1,2,3,4,4,1,0,4,0,3,3,2,-1,0,4,-1,2,5,3,-1,1,4,0,1,0,2,2,-1,2,0,-1,3,1,2,-1,3,5,0,-1
1084.57252106,4,-1,2,4,0,3,-1,5,2,4,-1,-1,1,2,1,-1,0,5,3,4,3,1,2,3,4,0,-1,-1,-1,1,0,3,5,5,-1,0,2,-1,2,3,1,5,1,3,0,5,2,5,0,1
1082.22252784,2,0,0,4,3,1,5,-1,5,0,-1,-1,3,1,2,-1,4,3,4,0,3,4,1,-1,1,0,2,2,-1,1,2,3,4,-1,5,4,1,-1,3,4,5,-1,4,5,5,1,0,2,2,3
1100.57485581,1,2,4,-1,5,4,0,-1,3,-1,3,2,-1,0,3,4,2,1,-1,0,0,5,-1,1,5,-1,-1,3,2,0,2,1,1,2,2,3,1,3,1,-1,3,-1,3,5,5,4,4,2,4,4
1144.66520471,4,1,-1,4,4,2,4,2,-1,1,1,4,4,5,-1,-1,1,0,1,3,3,3,1,2,2,0,5,3,3,0,0,1,-1,0,1,3,2,5,-1,0,2,2,4,3,5,0,-1,-1,5,-1
1125.97716343,5,-1,2,3,2,1,2,1,0,-1,3,4,-1,5,2,0,2,3,0,-1,3,0,5,-1,2,-1,5,1,-1,1,4,5,4,5,-1,2,1,1,4,0,0,-1,1,4,3,3,4,3,0,-1
1130.7890543,1,3,2,-1,0,2,1,3,3,2,1,5,4,-1,0,4,-1,0,2,4,3,2,5,0,4,5,3,2,1,4,-1,0,5,-1,4,5,-1,5,4,3,1,2,5,-1,0,3,-1,1,5,0
1178.46034524,1,1,3,1,-1,4,0,0,2,4,-1,4,2,4,4,-1,0,3,3,5,2,2,5,4,5,0,0,0,4,0,-1,2,3,5,-1,1,1,1,5,2,5,3,-1,-1,3,-1,1,2,5,3
1059.6178312,1,3,-1,1,0,0,4,3,5,1,-1,4,0,2,1,-1,4,0,2,-1,5,3,2,-1,2,5,-1,-1,-1,2,0,4,4,1,0,-1,4,2,5,5,2,3,0,3,3,5,2,5,-1,3
1094.30820724,-1,3,3,3,4,2,2,-1,4,3,3,0,0,5,0,-1,-1,1,-1,5,2,-1,2,-1,1,0,4,2,0,1,5,-1,1,4,1,3,0,1,5,0,2,4,-1,2,5,5,-1,2,1,5
1134.2580919,-1,1,2,5,2,4,5,0,-1,-1,3,-1,-1,1,1,-1,2,5,3,2,2,3,3,0,5,0,4,5,0,1,-1,2,5,3,4,-1,-1,2,1,0,0,4,1,3,5,1,0,5,3,4
1104.26770229,4,-1,1,2,3,5,5,1,0,3,4,4,4,2,2,-1,3,3,1,2,-1,1,5,3,5,4,5,0,3,1,0,2,-1,4,-1,2,0,1,5,-1,-1,4,0,0,1,3,0,5,-1,2
1101.47009132,1,5,2,5,0,-1,0,5,4,2,1,2,5,-1,0,3,5,3,0,4,4,-1,-1,-1,0,1,4,1,3,2,4,2,2,4,4,5,-1,2,3,-1,-1,1,0,-1,-1,1,0,5,0,3
1078.52968136,1,1,3,0,1,5,3,2,-1,5,4,3,4,-1,4,-1,4,1,4,2,2,0,3,3,1,-1,-1,3,5,0,1,-1,-1,5,-1,3,2,1,0,4,-1,5,-1,2,0,4,5,-1,-1,2
1123.17955246,2,0,4,0,-1,-1,1,4,5,-1,-1,3,-1,0,-1,5,-1,1,0,1,2,4,1,1,4,2,3,5,5,3,2,-1,3,4,2,4,0,2,1,-1,1,5,0,3,2,-1,3,0,0,3
1136.38427624,-1,5,0,0,5,3,1,4,2,5,-1,5,3,4,0,-1,3,-1,0,1,0,4,2,3,1,5,-1,5,2,1,2,-1,4,-1,0,1,5,1,2,3,2,4,0,2,3,3,0,4,4,1
1123.73907465,5,4,5,5,1,4,4,3,-1,0,0,1,-1,2,-1,0,3,1,2,-1,3,-1,-1,1,0,4,2,0,3,3,0,2,-1,2,3,5,2,2,5,1,1,4,3,-1,4,-1,-1,0,4,5
1075.73207039,5,2,-1,4,-1,2,1,3,4,-1,2,5,-1,4,0,5,0,2,3,-1,1,1,5,-1,-1,0,1,3,5,3,3,-1,-1,-1,4,1,0,4,-1,1,0,2,1,2,2,-1,5,4,-1,5
1066.66781085,3,2,4,0,3,-1,5,1,4,-1,0,-1,2,1,2,5,5,0,3,-1,5,3,4,1,0,4,1,2,-1,2,0,-1,5,4,1,0,1,2,-1,5,-1,-1,3,0,1,4,3,4,3,-1
1038.69170114,4,2,-1,-1,5,2,4,4,3,3,3,3,2,1,-1,1,-1,5,0,5,-1,2,-1,0,5,0,1,-1,-1,-1,2,2,4,3,5,1,-1,4,-1,3,4,0,1,1,4,-1,5,3,1,2
1059.95354452,-1,3,3,3,0,0,5,1,-1,-1,-1,1,-1,1,5,1,4,2,4,5,4,0,3,0,1,-1,-1,3,5,4,-1,-1,5,2,2,2,5,-1,-1,4,4,0,-1,2,4,-1,4,3,3,0
1103.03675347,3,0,5,3,-1,2,5,1,0,3,5,2,-1,0,0,-1,2,4,-1,4,0,-1,5,5,3,4,-1,3,4,1,4,-1,1,2,2,4,4,0,1,1,5,-1,1,3,-1,3,2,1,0,0
1069.91303957,1,2,2,5,5,1,5,0,3,1,-1,3,0,-1,3,1,-1,2,4,5,-1,-1,2,4,3,3,1,0,3,2,2,0,1,-1,5,3,3,0,-1,-1,-1,0,4,2,5,5,4,4,4,-1
1096.88200933,3,5,4,-1,-1,0,1,-1,1,3,0,-1,2,-1,4,5,2,3,3,4,1,3,0,5,1,2,4,0,2,2,0,3,-1,5,4,-1,4,-1,1,5,0,4,2,-1,0,5,1,3,2,5
1099.34390699,1,0,0,4,-1,4,-1,5,-1,0,-1,1,2,1,-1,-1,3,3,1,-1,5,4,2,3,1,-1,3,1,1,-1,1,3,-1,4,4,4,2,5,-1,0,3,3,2,0,0,0,5,2,4,2
1060.40116227,-1,1,-1,4,3,3,5,5,2,3,2,0,-1,1,2,5,4,0,5,-1,5,-1,5,1,-1,4,-1,-1,3,2,1,1,2,0,-1,0,0,-1,-1,-1,0,0,-1,1,2,1,-1,4,3,4
1105.27484224,1,2,0,2,4,0,4,0,3,3,-1,1,3,5,3,0,-1,5,3,1,1,4,3,-1,5,2,1,0,-1,5,1,-1,3,4,3,-1,2,0,4,2,5,-1,0,-1,2,2,4,5,1,5
1107.96054878,0,4,3,0,5,5,1,2,1,-1,1,1,2,3,5,1,0,1,4,4,2,-1,5,-1,3,4,-1,0,-1,4,-1,5,-1,3,3,4,0,1,2,0,2,3,4,2,4,0,5,-1,3,-1
1115.2343373,1,1,-1,1,-1,0,5,4,-1,5,2,4,0,-1,4,-1,3,1,3,-1,0,0,-1,-1,2,4,0,3,-1,3,4,2,2,4,5,2,5,2,3,4,1,1,-1,1,-1,0,2,3,0,5
1099.90342918,2,5,0,0,1,1,2,5,-1,2,0,-1,2,-1,2,5,-1,3,4,-1,3,-1,1,4,2,3,3,5,5,1,4,2,3,1,4,0,5,5,0,-1,3,4,4,-1,1,3,1,4,0,3
1072.82255498,5,4,2,1,-1,5,-1,-1,2,3,-1,1,2,0,5,5,-1,-1,0,3,4,3,3,1,-1,0,4,1,4,4,0,1,3,1,-1,4,4,3,-1,-1,0,2,2,0,0,1,-1,0,5,3
1101.91770908,4,0,5,0,0,5,4,1,-1,0,3,2,-1,3,2,-1,3,-1,2,-1,0,1,1,2,-1,4,5,-1,-1,2,2,-1,1,5,1,0,4,1,0,-1,4,3,1,2,3,5,-1,-1,1,4
1131.57238537,3,4,0,4,4,1,2,0,0,5,1,5,-1,0,2,5,2,2,3,3,2,-1,1,0,5,4,1,2,-1,5,-1,4,-1,3,1,4,3,2,1,0,1,5,0,-1,3,5,-1,-1,2,4
1114.33910179,0,-1,5,4,3,3,0,2,-1,0,1,2,-1,2,2,0,-1,3,1,-1,4,3,5,-1,1,2,2,1,1,0,1,5,-1,0,-1,3,3,-1,5,1,4,-1,5,4,4,5,4,2,2,3
1096.09867826,5,3,5,5,-1,1,3,4,1,4,1,2,0,-1,3,-1,5,4,0,-1,-1,-1,1,3,3,0,4,1,1,2,2,-1,-1,0,4,-1,-1,1,2,2,3,0,-1,3,-1,2,0,0,4,3
1066.77971528,0,4,0,2,5,-1,-1,4,-1,-1,1,3,5,3,3,3,1,-1,5,4,1,5,-1,-1,3,2,1,5,3,0,2,3,0,-1,3,4,2,2,4,0,1,5,5,4,-1,-1,1,2,-1,-1
1149.8128089,0,2,4,-1,0,-1,2,1,-1,3,2,-1,5,3,4,4,2,2,1,4,1,0,4,1,-1,0,2,1,1,0,2,1,-1,4,0,3,5,3,-1,3,1,-1,0,5,3,5,5,-1,4,5
1072.26303279,3,-1,5,-1,4,4,2,4,5,-1,0,4,5,2,1,0,2,0,4,5,-1,4,4,2,-1,5,1,1,0,0,2,3,1,1,-1,1,-1,5,3,-1,5,2,2,3,-1,1,3,-1,-1,-1
1044.39882752,3,1,2,4,4,2,1,1,1,1,-1,0,4,-1,3,2,-1,5,-1,5,0,-1,3,-1,-1,-1,5,5,5,3,3,5,1,4,4,4,2,0,3,2,-1,-1,5,2,4,0,-1,0,1,2
1120.38194149,1,5,4,2,3,4,1,-1,0,-1,1,3,2,2,2,-1,5,2,4,5,0,5,0,3,-1,3,1,0,-1,1,5,5,-1,3,5,4,2,1,2,-1,0,0,-1,0,4,3,3,-1,4,0
1062.86305993,5,-1,-1,2,-1,1,-1,4,4,-1,3,4,2,5,4,-1,0,-1,5,0,2,1,3,-1,-1,1,-1,2,5,0,1,2,0,3,-1,3,2,0,-1,5,5,3,0,4,4,4,3,1,0,1
1111.09387306,1,2,5,2,-1,0,0,-1,3,3,2,1,5,-1,-1,-1,-1,4,0,1,4,2,4,1,3,0,-1,4,3,-1,0,0,1,1,5,4,4,5,0,3,2,2,5,3,-1,4,5,1,-1,3
1067.78685523,0,4,-1,1,3,2,5,4,3,1,5,3,5,0,0,-1,0,-1,5,3,2,3,-1,5,0,-1,4,4,5,1,2,2,-1,0,-1,2,-1,1,1,-1,4,4,4,0,-1,4,1,3,2,-1
1118.14385271,4,0,3,1,3,1,2,5,0,4,2,4,3,2,5,-1,4,-1,-1,0,3,4,3,1,-1,1,-1,1,0,0,3,-1,0,2,5,2,1,0,-1,2,1,-1,4,-1,5,3,-1,5,5,4
1117.80813939,2,2,3,5,-1,0,0,4,4,4,0,3,1,5,5,3,0,5,5,-1,-1,5,4,-1,3,1,2,0,1,2,3,-1,-1,5,1,4,3,4,2,1,0,1,1,0,3,4,-1,-1,2,2
1096.65820045,-1,4,2,5,3,0,0,3,1,2,0,5,-1,1,3,4,4,4,-1,5,0,1,-1,1,5,-1,0,4,2,5,2,3,3,2,0,1,4,4,3,-1,2,3,1,5,-1,0,-1,-1,2,5
1099.12009811,-1,3,5,0,2,1,2,3,0,1,5,0,0,2,0,3,-1,4,1,2,0,-1,-1,3,4,-1,4,4,-1,1,2,1,-1,-1,2,3,3,-1,4,5,1,4,-1,3,-1,0,4,2,1,5
1088.7129853,-1,5,5,-1,4,3,5,2,4,-1,-1,0,-1,-1,3,0,3,4,1,5,-1,3,1,-1,2,0,-1,2,0,5,4,2,1,3,1,3,1,4,0,0,1,-1,4,0,2,2,1,1,3,-1
1057.6035513,1,0,5,-1,3,3,5,0,4,-1,3,2,5,-1,2,4,4,2,-1,3,1,-1,4,-1,1,1,4,-1,2,4,-1,2,5,5,0,2,-1,0,1,5,4,0,-1,2,0,-1,1,3,4,1
1110.98196862,2,0,-1,2,5,3,-1,5,0,1,4,2,3,-1,1,4,3,4,1,-1,0,-1,3,1,-1,3,-1,2,1,2,-1,5,3,1,-1,0,4,0,5,5,3,5,5,-1,4,0,2,-1,3,0
1107.7367399,2,0,-1,-1,-1,0,0,-1,4,1,1,4,-1,1,4,5,5,3,5,-1,3,0,2,3,1,-1,2,5,3,2,2,-1,5,4,1,5,3,2,4,1,4,4,4,1,0,5,0,0,3,2
1104.15579786,1,1,4,3,2,5,1,-1,0,2,1,3,4,1,0,4,3,5,2,0,3,5,2,1,2,5,3,3,4,4,-1,0,5,2,-1,5,3,0,-1,4,-1,2,-1,3,1,-1,-1,5,-1,0
1048.20357844,2,3,1,-1,1,4,3,4,4,0,1,-1,0,0,3,5,0,5,5,1,4,3,2,-1,3,1,-1,4,1,4,-1,0,3,-1,3,2,2,-1,-1,-1,5,4,2,5,-1,5,0,5,2,-1
1098.33676704,-1,3,-1,-1,-1,0,-1,5,3,5,3,-1,4,4,4,5,5,2,4,1,0,1,2,1,4,2,0,1,-1,1,0,0,3,-1,2,-1,0,3,3,0,2,1,2,4,3,4,-1,4,5,2
1100.01533362,0,5,0,3,0,1,4,-1,3,2,5,2,2,1,5,-1,1,-1,5,3,0,0,4,-1,5,3,4,-1,2,-1,1,2,1,4,3,4,-1,0,5,3,2,4,5,1,1,-1,2,3,1,4
1056.03688916,4,1,-1,5,3,0,-1,2,3,1,0,3,-1,0,-1,1,4,5,0,2,-1,4,-1,5,1,2,1,2,-1,5,-1,3,-1,3,4,3,0,-1,1,2,-1,4,4,3,4,2,5,1,-1,2
1137.72712951,5,-1,5,2,3,5,4,4,5,3,3,5,-1,3,3,1,1,2,2,0,3,3,0,2,4,4,1,1,0,4,4,-1,1,0,-1,-1,5,1,2,2,-1,1,0,4,5,-1,-1,0,2,0
1069.46542182,1,1,5,3,4,-1,5,3,2,5,5,-1,0,-1,0,-1,0,5,1,3,3,4,2,5,1,2,-1,-1,-1,3,4,2,1,1,2,-1,1,-1,4,0,2,4,4,2,-1,2,0,-1,3,3
1111.98910857,0,4,4,3,0,2,0,2,1,-1,5,0,0,1,2,5,1,4,1,-1,-1,1,3,5,-1,2,5,2,-1,5,0,2,4,1,2,-1,2,0,3,-1,-1,1,5,4,4,3,3,3,4,5
1088.04155866,1,3,5,4,-1,-1,1,5,-1,2,4,3,-1,0,4,-1,3,4,-1,4,4,-1,0,-1,0,2,2,1,5,3,3,2,5,1,1,5,3,-1,-1,2,0,0,0,-1,3,0,1,1,0,3
1089.38441193,-1,-1,4,5,-1,4,3,4,0,2,-1,2,3,0,-1,4,2,5,2,5,3,1,-1,1,0,4,1,0,1,5,2,3,4,0,3,-1,-1,3,1,-1,2,0,0,3,1,-1,5,4,5,2
1105.94626888,3,2,5,1,2,-1,1,0,4,3,0,5,3,-1,1,5,-1,-1,1,2,4,-1,3,5,0,-1,0,0,4,5,4,4,-1,-1,3,1,4,-1,0,5,1,4,3,2,0,1,3,1,2,2
1031.30600817,0,3,1,1,-1,3,5,-1,-1,0,5,2,4,1,-1,5,4,3,-1,5,-1,4,5,-1,-1,4,5,5,1,3,1,-1,4,0,1,4,4,2,0,3,3,2,3,1,0,-1,2,0,-1,-1
1082.55824116,-1,-1,3,0,4,-1,4,5,5,2,0,0,2,0,3,2,0,4,3,1,5,1,0,-1,3,3,-1,2,4,1,0,2,4,5,5,0,4,1,5,-1,3,5,2,-1,3,4,3,1,-1,-1
1112.54863077,5,4,2,4,1,0,1,1,1,5,4,3,-1,3,3,3,3,0,4,0,-1,3,2,-1,-1,4,2,-1,3,2,1,-1,5,1,3,0,5,4,5,2,5,0,1,-1,0,-1,2,5,-1,0
1096.43439158,-1,2,1,-1,5,0,2,3,4,-1,4,4,1,2,-1,0,2,-1,2,1,-1,5,4,3,3,1,-1,4,1,-1,5,0,0,2,3,2,3,-1,5,5,5,1,2,3,4,4,0,0,0,3
1117.47242608,-1,5,-1,-1,-1,1,0,-1,0,2,-1,1,2,5,3,1,1,1,0,4,-1,5,5,0,3,5,-1,5,0,3,0,-1,4,5,3,3,1,4,4,1,2,4,1,0,4,4,2,2,2,3
1135.82475405,0,2,1,4,0,1,0,1,2,-1,-1,0,5,-1,3,0,4,3,1,5,4,5,2,-1,5,0,3,1,3,4,2,3,1,4,3,2,1,5,3,-1,0,4,-1,5,-1,2,-1,4,-1,1
1084.79632994,3,3,4,3,-1,-1,1,1,0,4,0,-1,1,2,2,-1,5,0,3,4,4,-1,5,2,4,2,-1,0,1,2,5,4,1,-1,0,5,2,-1,-1,3,0,5,1,-1,3,1,3,5,-1,2
1093.30106729,2,-1,5,3,4,3,3,1,-1,4,0,2,4,5,0,0,-1,-1,0,0,3,5,-1,0,-1,-1,4,1,1,2,1,4,3,-1,-1,1,-1,2,0,-1,2,1,3,3,5,2,-1,-1,5,5
1046.74882073,5,4,-1,4,2,4,5,4,0,-1,1,0,0,2,-1,0,2,3,3,4,5,4,1,-1,1,3,3,1,5,-1,-1,4,0,3,3,-1,-1,3,-1,2,1,1,5,-1,1,2,-1,-1,0,-1
