$<obj,$x1,$x2,$x3,$x4,$x5,$x6,$x7,$x8,$x9,$x10,$x11,$x12,$x13,$x14,$x15,$x16,$x17,$x18,$x19,$x20,$x21,$x22,$x23,$x24,$x25,$x26,$x27,$x28,$x29,$x30,$x31,$x32,$x33,$x34,$x35,$x36,$x37,$x38,$x39,$x40,$x41,$x42,$x43,$x44,$x45,$x46,$x47,$x48,$x49,$x50,$x51,$x52,$x53,$x54,$x55,$x56,$x57,$x58,$x59,$x60,$x61,$x62,$x63,$x64,$x65,$x66,$x67,$x68,$x69,$x70,$x71,$x72,$x73,$x74,$x75,$x76,$x77,$x78,$x79,$x80,$x81,$x82,$x83,$x84,$x85,$x86,$x87,$x88,$x89,$x90
4043.52814113,1,0,3,0,2,0,1,-1,-1,3,1,0,1,-1,1,1,0,0,1,2,0,3,2,-1,0,0,0,2,1,2,-1,1,1,0,3,2,2,-1,-1,2,3,0,2,-1,2,1,3,3,0,2,3,3,1,0,3,1,1,3,3,0,3,-1,2,1,2,1,2,-1,-1,1,0,1,2,-1,2,2,2,0,1,0,2,3,-1,0,3,-1,0,0,1,2
4010.94356066,2,-1,2,2,3,2,-1,-1,0,-1,1,2,0,1,2,2,1,0,3,3,1,-1,2,1,2,0,1,3,1,0,1,-1,2,-1,2,1,1,2,-1,1,0,3,0,0,0,3,3,2,-1,3,3,-1,0,1,1,3,0,1,2,1,0,3,-1,0,0,2,1,2,3,1,-1,1,0,0,1,3,3,-1,0,-1,2,0,-1,3,2,3,0,2,0,-1
4018.61052077,2,0,2,3,2,1,1,1,3,1,2,-1,2,0,1,0,0,1,-1,3,-1,1,1,-1,1,0,1,-1,-1,2,1,0,3,0,0,-1,0,3,2,1,-1,2,-1,0,2,3,3,2,2,3,0,3,-1,3,3,0,2,-1,1,1,1,3,2,2,-1,0,1,2,0,1,-1,0,-1,2,0,0,0,2,1,2,0,3,0,0,0,1,2,3,-1,-1
3904.75616312,1,-1,2,2,0,0,-1,-1,-1,0,0,3,2,2,1,0,-1,2,3,0,1,1,1,1,0,2,-1,2,-1,1,1,-1,1,3,-1,2,2,-1,0,-1,1,1,3,-1,0,0,-1,3,3,3,0,-1,2,2,2,1,0,3,-1,-1,1,3,0,0,-1,1,0,1,0,3,2,2,2,-1,3,2,1,2,0,-1,1,1,1,0,1,0,2,2,2,0
3956.50814387,1,-1,1,1,3,1,3,0,1,1,1,1,3,0,1,1,3,0,2,0,3,3,0,2,-1,0,3,-1,-1,3,3,-1,2,-1,0,2,1,0,0,1,2,1,-1,0,3,0,1,3,0,1,-1,2,-1,1,3,-1,0,2,2,-1,-1,1,3,2,3,2,2,2,3,0,2,2,2,0,-1,-1,0,0,3,2,0,-1,1,1,3,2,0,3,2,2
4001.74320853,3,1,3,2,1,1,-1,2,-1,-1,0,0,3,2,3,0,3,2,2,-1,1,0,-1,1,2,2,2,2,0,2,3,1,-1,0,3,3,0,1,0,2,1,1,2,1,-1,0,3,0,0,2,0,0,0,3,3,1,-1,0,1,1,1,0,2,-1,-1,0,1,3,1,0,-1,3,2,3,2,0,2,-1,3,1,0,1,-1,1,2,3,3,2,3,2
4036.62787703,-1,0,0,1,-1,2,1,-1,1,2,1,3,0,2,0,0,0,1,0,2,0,0,0,0,-1,3,-1,0,-1,0,-1,2,0,2,1,2,2,0,1,3,2,0,-1,0,2,2,-1,3,1,1,0,3,3,2,1,2,1,1,1,-1,3,2,0,3,-1,2,-1,2,-1,1,3,3,1,3,1,3,2,2,0,3,-1,2,1,1,0,-1,1,3,-1,3
3667.08039967,-1,0,-1,1,-1,2,3,-1,0,1,2,-1,3,1,0,0,2,2,3,2,1,1,-1,0,-1,1,2,-1,0,3,-1,-1,3,0,2,1,2,3,2,1,1,1,2,-1,-1,2,1,1,-1,3,-1,2,1,-1,2,1,0,3,0,1,1,-1,2,2,2,2,1,3,2,0,-1,-1,2,0,0,3,-1,1,0,-1,3,1,0,3,3,1,2,3,0,-1
3900.15598705,-1,3,2,0,2,1,1,0,2,2,0,2,3,1,3,1,0,3,-1,1,1,1,-1,-1,2,0,1,-1,3,3,3,0,0,2,0,0,1,-1,-1,1,3,2,0,0,-1,3,1,-1,0,1,3,0,2,3,1,-1,1,0,3,2,2,3,2,3,-1,0,0,-1,1,1,1,1,3,-1,-1,2,0,0,2,2,0,3,2,-1,1,0,2,2,1,-1
4021.67730482,2,-1,1,2,-1,0,3,3,2,0,2,0,1,3,3,2,3,-1,-1,0,0,2,1,2,3,3,1,3,1,3,2,1,0,1,2,1,1,3,2,1,1,-1,1,0,1,2,1,1,-1,-1,2,-1,0,0,2,3,0,0,3,0,3,1,3,2,1,2,0,-1,1,2,-1,0,2,3,1,0,-1,3,2,2,0,-1,0,-1,3,3,0,1,0,0
3832.30339007,0,2,1,1,3,-1,3,1,0,2,-1,2,2,1,3,0,0,1,0,1,2,-1,2,2,-1,3,3,1,0,2,0,3,1,0,-1,-1,3,-1,3,3,2,1,2,1,3,3,1,2,1,-1,0,1,0,3,0,3,-1,-1,3,0,-1,-1,0,1,0,0,2,-1,-1,-1,3,0,1,2,0,2,0,2,1,3,0,2,2,1,0,-1,-1,1,1,1
3864.12127453,3,2,1,3,0,2,0,1,-1,-1,1,1,1,2,2,2,1,3,3,2,2,2,2,0,-1,0,2,1,1,-1,1,1,1,1,0,1,-1,1,3,1,-1,3,0,2,3,-1,2,3,3,2,-1,3,0,1,3,0,3,3,2,0,-1,3,2,3,0,-1,3,-1,1,-1,0,3,-1,2,1,0,3,2,0,2,3,0,1,-1,2,0,2,0,1,3
3951.5246198,3,1,2,0,1,-1,-1,1,3,0,2,-1,2,3,0,0,1,2,2,2,3,2,3,1,3,0,-1,0,3,0,2,3,-1,0,0,-1,3,3,-1,3,0,-1,-1,1,0,2,3,-1,-1,1,1,2,3,3,1,1,2,0,2,3,2,1,0,3,1,-1,1,2,1,1,0,2,1,1,-1,-1,0,2,0,2,2,1,-1,2,1,0,1,-1,0,0
3814.66938181,2,2,-1,0,0,-1,3,2,0,0,2,3,1,3,3,2,0,2,0,-1,1,0,3,1,0,-1,1,-1,3,3,3,3,-1,0,3,2,1,0,1,0,0,2,1,2,2,2,2,0,2,3,1,1,1,1,1,0,3,-1,2,-1,-1,1,1,2,-1,0,1,1,1,3,-1,-1,-1,-1,2,2,3,-1,3,-1,-1,0,0,2,2,-1,2,0,0,-1
3933.12391553,0,-1,3,0,3,0,2,0,1,3,0,3,1,1,1,0,3,1,-1,3,2,0,-1,3,1,1,2,3,0,-1,1,1,1,1,3,2,3,-1,1,0,2,1,-1,3,2,2,1,0,1,2,3,3,0,2,1,3,2,2,1,3,2,-1,0,-1,0,2,0,0,0,2,2,1,2,2,1,-1,2,3,-1,-1,0,0,-1,3,1,3,-1,2,3,0
4043.14479313,3,1,1,2,3,1,-1,1,0,0,-1,3,1,3,-1,2,2,3,2,0,3,2,-1,2,2,3,1,3,-1,2,-1,-1,-1,-1,-1,0,-1,2,-1,3,-1,1,2,0,3,0,2,0,1,0,0,3,2,3,1,2,2,0,2,0,0,0,1,2,1,2,2,-1,3,3,1,2,3,3,1,1,0,0,3,1,1,3,0,0,-1,1,1,0,1,-1
3964.55845199,-1,2,-1,2,1,1,2,0,3,1,3,1,0,1,0,2,0,0,2,3,1,0,1,2,1,3,-1,0,0,-1,1,-1,3,2,-1,2,1,-1,2,1,-1,3,2,-1,2,0,1,3,-1,3,1,2,2,1,3,1,0,0,0,3,0,-1,0,0,3,1,2,1,2,1,2,1,0,2,-1,-1,3,0,0,3,-1,-1,0,2,2,1,-1,2,0,-1
3844.18717824,1,3,2,1,0,2,-1,2,0,0,-1,1,-1,3,3,3,-1,1,1,0,3,0,-1,1,3,3,1,0,0,-1,3,0,-1,3,1,2,1,3,2,3,0,2,1,2,1,0,3,0,0,2,0,-1,-1,2,3,1,-1,-1,0,0,-1,-1,-1,3,1,1,2,2,-1,2,2,0,0,3,1,1,2,-1,2,2,2,3,1,3,1,-1,2,3,1,2
4022.82734883,-1,1,3,3,0,2,2,-1,2,0,-1,1,2,2,3,0,3,2,3,1,1,1,3,-1,0,2,1,1,2,-1,-1,0,3,0,1,3,0,0,2,1,0,2,3,3,0,1,-1,0,0,0,2,1,1,0,-1,2,-1,-1,1,1,2,2,3,-1,1,-1,1,2,0,-1,3,0,2,-1,1,3,0,2,-1,2,2,0,0,1,0,-1,-1,2,2,3
4007.49342861,2,2,1,1,2,-1,0,0,1,1,-1,1,1,1,2,0,3,0,2,1,2,2,3,0,-1,0,1,3,2,2,2,-1,1,-1,2,0,0,2,3,2,-1,0,0,0,1,3,0,2,1,-1,1,0,1,2,3,-1,-1,3,3,-1,2,-1,3,-1,1,2,1,3,0,0,3,0,-1,1,-1,2,1,0,0,3,1,-1,0,-1,0,3,1,0,0,1
3575.84357435,0,1,1,1,2,-1,1,-1,-1,3,-1,1,3,-1,2,3,1,0,2,0,-1,-1,-1,2,0,0,-1,3,-1,3,1,0,2,-1,1,1,-1,1,-1,2,0,0,2,0,3,1,3,0,2,0,1,-1,-1,0,3,2,1,2,-1,3,0,3,-1,3,2,3,1,2,2,2,3,1,2,-1,0,-1,3,0,-1,3,2,2,3,3,-1,1,0,2,1,0
3945.39105171,2,-1,1,3,3,0,3,0,1,2,0,3,0,1,-1,1,1,0,0,-1,-1,1,1,-1,1,0,-1,0,1,3,2,1,2,3,-1,-1,2,2,2,3,0,2,2,-1,2,2,0,0,-1,1,2,3,3,0,2,2,0,3,-1,3,1,3,1,0,2,1,1,0,-1,3,0,1,0,1,2,-1,-1,3,2,2,0,1,-1,1,0,-1,-1,2,0,1
3923.9235634,0,3,2,0,1,1,2,-1,-1,1,2,2,0,2,1,2,2,2,0,2,-1,1,0,0,-1,1,1,1,-1,2,0,3,1,1,0,3,0,0,-1,3,1,0,2,1,2,1,1,2,0,3,2,-1,-1,3,2,3,1,-1,0,3,3,2,0,1,2,1,-1,1,3,2,1,1,-1,-1,0,0,-1,0,2,-1,2,3,0,0,-1,3,2,3,-1,2
3823.86973395,0,0,3,3,1,0,2,1,3,0,3,3,0,1,3,-1,-1,-1,3,2,1,-1,2,0,1,-1,3,0,2,2,0,1,2,3,1,1,0,-1,-1,3,2,1,1,1,3,-1,2,2,0,3,2,0,2,-1,0,-1,0,2,1,1,2,1,1,0,0,1,0,-1,2,-1,3,3,-1,0,3,2,2,0,3,3,0,2,-1,1,2,1,-1,2,-1,1
4015.16038872,0,1,0,-1,3,3,2,3,1,1,3,-1,3,1,3,3,2,1,3,0,2,1,3,-1,0,0,2,3,1,1,2,2,2,1,2,0,1,3,2,-1,2,0,3,3,-1,0,0,-1,0,0,0,1,0,1,0,1,0,1,3,1,3,0,2,3,0,-1,1,-1,-1,-1,2,3,-1,-1,2,1,2,0,1,0,2,2,1,3,3,-1,2,2,2,-1
4014.01034471,-1,0,0,-1,-1,0,0,1,0,2,1,-1,1,1,3,3,2,2,1,1,2,2,2,1,-1,3,1,3,-1,-1,1,1,1,2,0,0,3,0,2,3,0,3,1,2,1,0,3,-1,-1,0,1,3,0,-1,3,1,0,3,2,2,1,3,0,-1,2,2,-1,1,0,0,2,3,2,1,2,-1,1,-1,3,-1,2,0,-1,3,-1,1,0,-1,0,3
3790.13510946,2,3,3,2,-1,0,-1,2,-1,1,0,-1,0,1,1,0,2,2,3,-1,0,0,3,2,1,3,0,2,3,0,1,3,1,1,2,-1,2,3,3,1,3,3,0,3,1,2,1,2,0,-1,2,3,-1,-1,2,0,0,-1,2,3,0,-1,3,1,1,0,2,-1,-1,0,1,3,2,0,2,-1,0,-1,-1,3,1,-1,0,1,0,1,1,1,0,3
3879.07184675,3,1,0,-1,-1,2,2,-1,2,3,0,0,1,1,2,-1,2,-1,1,1,0,1,-1,0,1,2,2,1,1,1,-1,3,1,-1,-1,2,0,1,0,3,-1,0,0,-1,0,3,2,2,3,1,-1,0,0,1,3,2,2,3,-1,0,-1,2,1,1,0,-1,2,3,1,2,0,0,-1,0,-1,0,2,-1,3,3,2,3,1,0,-1,-1,0,1,-1,1
3815.05272982,3,-1,2,-1,-1,1,0,2,1,2,-1,1,0,-1,-1,2,3,0,2,0,3,2,0,-1,2,1,-1,2,-1,1,3,1,-1,0,2,3,1,0,1,2,0,1,-1,3,0,1,1,1,2,1,2,0,0,3,3,3,-1,-1,1,0,2,1,1,1,-1,-1,-1,0,-1,3,2,-1,-1,0,3,0,3,-1,0,-1,2,0,2,1,2,0,1,3,1,1
3845.33722226,1,-1,2,2,1,3,2,0,0,0,3,3,2,3,0,0,3,1,3,0,1,3,-1,3,2,2,3,-1,0,1,1,-1,2,1,3,-1,0,2,-1,1,2,1,1,1,0,1,-1,0,2,-1,1,1,3,3,0,-1,2,3,3,0,1,-1,1,2,3,2,3,-1,-1,-1,-1,0,2,-1,2,3,2,1,0,1,0,3,-1,1,1,-1,0,1,2,-1
3752.56700491,2,0,-1,1,1,1,0,3,2,-1,-1,2,1,2,2,-1,-1,1,2,1,3,2,3,3,-1,1,-1,3,2,2,-1,1,3,0,1,1,3,-1,2,0,2,3,3,0,0,0,-1,-1,1,1,2,0,2,0,-1,0,2,3,3,3,2,2,3,0,-1,0,3,3,-1,-1,1,3,-1,1,2,0,0,2,1,0,2,-1,1,1,-1,1,-1,1,1,0
3791.66850148,0,3,2,0,2,0,3,3,1,1,3,0,-1,-1,-1,-1,-1,2,3,-1,1,1,-1,3,1,-1,-1,-1,2,3,1,0,1,1,-1,2,0,1,3,1,0,-1,2,1,1,-1,0,0,3,2,0,-1,1,-1,3,1,0,2,-1,2,-1,2,1,2,2,1,0,2,1,1,0,1,2,0,3,2,0,2,0,-1,0,-1,1,2,0,3,3,0,2,2
3811.60259777,0,-1,0,1,0,1,2,0,1,-1,3,1,0,0,-1,1,0,3,-1,1,1,0,2,-1,3,-1,3,2,-1,1,1,3,0,2,1,3,3,3,1,-1,2,1,-1,-1,-1,0,0,0,-1,-1,2,3,1,3,2,2,3,2,0,0,1,2,-1,3,-1,2,0,0,2,-1,1,2,3,1,3,3,1,2,0,0,0,2,-1,0,3,1,2,3,3,1
3873.32162666,2,-1,0,0,0,2,1,-1,0,1,3,3,1,0,-1,-1,1,2,1,1,0,2,2,1,0,0,0,-1,0,-1,1,2,1,2,2,3,2,-1,-1,1,2,0,1,2,3,0,0,0,-1,0,2,3,2,2,1,3,-1,-1,-1,1,0,3,3,3,0,0,2,-1,2,2,-1,3,1,3,1,0,0,-1,2,2,-1,3,1,-1,1,1,3,1,-1,-1
3908.97299118,3,3,3,-1,1,-1,1,0,1,3,-1,3,2,0,0,1,1,1,-1,0,2,0,2,3,2,2,3,2,0,0,1,-1,0,-1,1,2,1,0,1,0,3,3,-1,-1,2,3,0,2,2,2,1,-1,-1,-1,2,3,3,1,1,2,2,3,3,-1,0,0,2,0,1,0,2,3,3,3,-1,0,-1,-1,0,1,0,2,2,3,1,1,0,-1,3,3
3634.8791672,-1,0,1,2,2,-1,0,-1,3,2,-1,2,2,3,-1,2,-1,2,-1,1,0,2,1,-1,0,1,0,-1,-1,-1,0,-1,3,0,2,0,3,2,-1,2,0,1,1,0,-1,3,2,-1,0,1,2,2,0,2,3,-1,3,-1,2,-1,0,1,-1,0,1,-1,3,1,0,3,3,0,-1,3,2,3,-1,2,1,-1,3,-1,2,1,1,1,2,0,0,0
3968.77528005,3,3,3,-1,1,0,1,0,2,0,0,1,3,1,2,1,1,0,2,-1,0,3,-1,1,3,0,-1,3,2,2,3,1,0,3,1,2,0,0,1,0,-1,0,1,0,2,3,1,2,1,0,2,1,2,2,1,-1,0,0,-1,1,2,2,2,-1,3,3,2,2,0,2,3,-1,3,-1,3,-1,1,-1,1,0,-1,3,3,0,-1,2,3,1,-1,1
3903.6061191,-1,3,3,-1,2,2,1,3,2,1,2,1,0,2,3,2,-1,-1,-1,0,0,0,0,3,0,3,2,2,3,2,0,1,1,1,1,1,3,0,3,0,0,0,-1,-1,-1,1,0,0,0,-1,-1,0,-1,2,2,2,-1,1,2,2,-1,0,1,2,1,-1,1,0,0,3,-1,1,3,-1,3,2,1,2,3,3,2,1,1,0,0,3,1,3,3,2
3703.4984602,3,-1,-1,2,3,0,1,-1,-1,1,1,2,-1,2,0,2,1,1,0,3,2,3,1,0,3,-1,2,0,2,1,2,-1,-1,-1,-1,-1,2,1,2,-1,1,3,2,1,1,0,0,2,0,0,0,2,2,3,-1,1,0,3,1,-1,3,-1,2,1,-1,0,0,-1,2,-1,3,0,0,-1,0,0,3,3,3,1,0,-1,2,2,2,-1,1,0,0,1
3724.1992525,0,0,-1,2,2,-1,3,0,-1,0,0,3,1,2,1,1,-1,-1,2,1,-1,0,2,3,2,-1,-1,2,0,0,-1,2,-1,2,1,-1,2,2,1,2,1,-1,0,-1,-1,-1,3,3,2,1,1,0,3,3,-1,2,2,0,3,0,1,0,1,-1,2,2,2,1,1,1,3,1,2,0,0,-1,0,-1,0,3,3,0,1,1,3,0,1,3,2,3
3864.50462254,2,0,-1,0,3,1,3,1,-1,-1,3,2,0,2,0,0,1,1,2,-1,1,0,3,1,1,2,0,1,-1,1,-1,1,2,-1,0,-1,2,0,1,3,2,0,3,1,2,3,2,-1,1,3,1,0,3,-1,1,-1,3,2,0,0,3,2,3,2,-1,1,3,-1,1,2,0,2,3,-1,0,0,3,1,3,1,0,2,3,2,1,3,0,2,0,-1
3852.62083436,0,0,1,0,2,-1,2,2,2,1,-1,3,-1,-1,0,-1,2,1,-1,0,0,1,-1,3,-1,0,2,3,3,0,3,2,1,2,3,0,1,1,2,2,3,2,1,1,0,-1,0,3,3,2,3,3,1,0,-1,0,1,-1,-1,3,-1,-1,1,0,2,-1,-1,1,3,2,1,0,1,0,3,3,1,3,0,2,0,1,3,2,3,2,2,3,0,2
3593.86093061,0,0,2,0,-1,2,3,-1,1,-1,2,1,3,3,1,-1,3,-1,1,-1,2,2,2,1,2,-1,3,2,1,2,1,1,-1,1,1,1,0,1,1,0,1,-1,0,2,2,0,0,-1,0,-1,2,0,3,0,3,2,2,1,2,-1,1,-1,0,2,-1,-1,2,-1,1,3,-1,3,0,0,3,2,3,0,-1,0,3,-1,0,2,1,-1,-1,0,2,-1
3799.33546159,-1,0,0,-1,2,0,1,3,0,3,3,0,-1,3,-1,3,0,0,-1,1,1,0,3,-1,2,0,-1,-1,0,2,0,2,1,3,1,0,0,-1,2,3,2,-1,0,1,-1,3,0,1,2,0,2,1,2,3,2,-1,1,3,2,1,1,-1,3,2,1,2,2,-1,1,1,2,0,-1,0,0,1,3,-1,1,-1,2,1,1,-1,3,2,3,2,-1,2
3715.38224837,-1,2,1,3,-1,0,0,0,-1,1,-1,2,0,-1,3,3,1,3,1,2,1,0,1,2,3,0,-1,0,-1,1,0,0,1,2,3,-1,3,1,3,3,-1,2,1,3,1,-1,3,0,0,2,-1,1,3,3,2,0,-1,0,-1,1,2,1,3,2,3,2,-1,0,-1,2,2,2,-1,1,1,2,0,-1,2,-1,3,-1,1,1,2,1,0,0,3,1
4058.09536535,2,3,0,3,3,0,2,0,1,2,1,2,3,1,0,0,1,3,-1,1,2,2,-1,2,3,1,0,3,-1,3,-1,-1,2,3,1,1,1,2,-1,1,0,-1,2,3,1,1,1,0,-1,0,2,2,-1,2,3,1,1,3,0,0,0,2,-1,1,2,2,3,0,-1,-1,0,3,2,1,1,3,2,3,0,2,-1,-1,0,0,-1,0,0,2,2,3
3887.88885088,2,2,0,3,2,-1,-1,1,-1,2,2,3,3,2,2,2,2,-1,3,1,1,3,0,0,0,3,1,-1,-1,2,-1,3,1,0,3,-1,0,3,3,1,3,-1,-1,2,0,-1,1,3,0,1,3,0,2,2,-1,1,1,0,3,2,-1,1,1,0,2,0,1,0,0,0,-1,-1,2,0,1,1,2,-1,3,0,0,1,1,2,0,2,0,1,3,3
3942.32426767,3,1,1,2,0,0,-1,1,3,1,3,0,1,2,0,2,1,1,-1,0,3,1,1,3,2,1,0,0,1,-1,-1,-1,0,2,0,0,0,-1,2,2,2,-1,1,0,1,-1,0,-1,3,2,0,0,1,2,2,3,3,-1,3,2,2,3,2,1,3,2,1,2,3,3,0,3,0,-1,1,3,2,1,-1,-1,2,-1,3,2,1,2,0,1,1,-1
3994.45959642,3,0,1,1,2,3,1,2,3,3,1,-1,-1,2,3,2,1,0,-1,1,1,0,2,0,-1,-1,2,2,2,1,2,0,1,1,2,-1,-1,1,0,1,0,0,3,2,0,2,0,2,2,-1,1,1,0,3,-1,0,3,-1,-1,0,0,-1,0,2,1,3,3,3,-1,1,2,-1,-1,1,3,0,0,1,-1,3,0,2,1,0,2,0,2,1,0,1
3678.58083984,3,1,0,2,2,0,0,3,-1,2,3,1,-1,1,1,1,0,3,3,3,1,0,0,1,0,1,2,2,-1,1,1,2,2,3,-1,2,-1,1,0,1,0,0,1,3,-1,3,2,3,0,0,1,2,-1,-1,3,-1,1,3,3,-1,-1,3,2,0,-1,3,3,2,1,0,1,-1,2,-1,3,-1,1,2,0,-1,1,2,-1,1,3,2,0,2,-1,0
3769.05096915,1,1,1,1,3,2,0,3,1,-1,0,-1,3,2,-1,-1,3,-1,3,-1,0,0,1,2,-1,2,2,2,1,1,-1,1,2,3,-1,2,-1,0,2,3,2,2,1,2,2,3,0,0,0,0,0,0,0,0,1,3,-1,2,0,0,3,-1,-1,2,1,-1,3,2,1,2,0,1,2,-1,2,1,-1,1,-1,1,-1,0,1,0,-1,-1,0,3,2,2
3627.5955551,0,2,0,3,1,-1,-1,-1,2,0,3,-1,3,0,-1,3,1,1,3,2,0,1,-1,-1,1,1,2,1,2,2,-1,0,1,3,0,1,-1,0,3,-1,-1,1,3,1,-1,-1,-1,2,2,-1,0,-1,3,-1,1,2,1,0,-1,2,-1,0,3,0,-1,1,2,2,-1,2,-1,0,1,0,-1,1,-1,-1,0,1,0,-1,1,2,1,2,0,2,0,1
3885.20541484,1,0,1,3,0,1,3,-1,-1,2,0,3,3,-1,1,2,3,2,0,1,2,-1,0,1,3,-1,0,1,3,1,-1,0,3,1,2,0,0,2,-1,0,-1,1,-1,2,1,2,1,1,-1,0,0,1,3,-1,2,2,-1,2,1,2,2,2,2,1,0,0,1,1,2,0,2,1,3,2,-1,-1,0,3,2,3,-1,0,3,2,-1,0,1,1,3,-1
3979.1256762,3,3,2,2,1,2,3,0,0,1,2,3,3,2,0,2,1,0,0,0,3,1,-1,0,1,2,2,1,0,0,1,3,-1,1,1,3,-1,2,3,-1,-1,-1,2,0,0,-1,1,0,2,-1,1,-1,2,-1,1,1,3,0,1,1,3,-1,2,3,2,3,-1,3,0,3,3,-1,2,3,2,1,0,2,2,-1,2,1,0,0,0,0,1,3,2,-1
4053.87853728,3,2,-1,0,0,2,1,2,1,2,0,-1,-1,3,0,1,1,1,0,2,3,2,2,0,3,0,1,-1,3,1,0,1,1,-1,-1,3,3,1,-1,1,2,-1,1,1,0,-1,1,2,2,1,0,2,3,1,-1,1,3,-1,1,1,0,-1,2,-1,2,2,-1,0,3,3,0,3,1,-1,0,0,-1,2,1,0,2,2,0,-1,0,3,2,0,0,2
3563.57643817,3,3,2,1,-1,2,-1,-1,-1,-1,0,0,3,1,2,1,-1,2,3,1,-1,2,2,0,0,0,-1,3,2,2,3,2,-1,0,2,-1,-1,-1,3,0,2,1,0,0,1,1,0,0,3,-1,-1,2,3,3,3,-1,1,0,1,2,1,1,-1,1,0,-1,1,2,-1,2,3,1,3,-1,1,-1,-1,-1,3,2,1,3,1,1,0,0,2,1,0,1
3751.4169609,0,1,-1,-1,3,3,0,-1,0,0,2,2,0,-1,0,2,-1,1,-1,3,1,0,3,0,2,1,0,1,-1,2,1,1,2,2,3,-1,1,3,2,2,-1,-1,1,1,2,3,3,2,2,1,0,1,1,0,3,3,-1,2,-1,2,3,0,1,2,3,1,2,3,3,0,-1,-1,2,3,2,2,-1,2,0,1,1,1,0,3,0,-1,1,2,1,3
4031.26100496,0,-1,0,0,2,1,1,0,1,1,1,3,1,0,-1,2,3,1,3,2,1,1,0,1,2,2,-1,0,3,3,3,0,2,-1,2,-1,0,1,2,2,0,3,0,3,-1,3,3,2,3,2,1,2,1,3,-1,0,-1,-1,-1,-1,1,1,0,0,2,2,1,0,3,-1,2,0,1,2,3,0,1,0,1,3,2,2,0,1,2,3,3,2,-1,1
3819.26955788,3,1,2,0,0,0,0,2,-1,1,2,1,2,1,0,1,1,-1,1,2,3,1,2,-1,-1,0,-1,-1,2,0,1,-1,-1,3,0,3,-1,0,0,-1,0,3,2,0,2,0,2,0,2,3,2,1,2,3,3,-1,1,0,2,1,1,2,3,1,3,2,3,1,-1,3,3,2,1,1,1,2,0,1,1,-1,0,-1,-1,0,3,2,-1,-1,3,0
3996.75968446,3,0,1,0,1,2,0,-1,2,2,1,3,0,0,-1,2,3,1,-1,2,1,-1,3,0,3,0,1,-1,3,2,1,1,-1,2,0,3,0,0,2,3,-1,2,0,-1,3,1,-1,0,1,0,2,1,0,3,2,1,3,1,1,0,-1,1,1,1,3,2,3,2,2,-1,-1,2,2,1,1,2,0,0,-1,0,3,-1,2,0,2,3,1,2,-1,-1
3887.12215487,0,-1,2,-1,2,3,2,2,2,2,1,0,-1,0,0,0,3,2,0,-1,0,1,1,1,3,3,1,0,1,2,0,0,1,1,-1,3,0,-1,0,2,-1,2,1,3,2,-1,-1,3,1,2,2,3,1,2,1,3,2,3,1,-1,1,2,1,-1,-1,3,3,2,0,0,0,3,3,1,1,0,1,0,-1,3,2,3,-1,-1,1,-1,2,0,3,2
3885.20541484,2,0,0,2,2,-1,1,0,0,2,1,0,-1,2,2,1,1,-1,3,0,1,1,3,0,0,-1,1,2,2,0,0,1,1,1,0,2,1,2,1,3,0,1,2,2,-1,-1,3,1,2,3,3,3,-1,0,1,1,0,3,0,3,-1,1,3,0,1,1,2,0,3,2,2,3,3,-1,2,3,3,2,-1,1,2,-1,3,-1,1,-1,-1,-1,0,2
3814.28603381,2,2,0,0,-1,-1,0,1,1,1,0,0,2,-1,-1,1,-1,2,0,2,1,0,-1,2,-1,1,3,2,0,3,0,1,2,-1,0,2,2,-1,3,0,0,-1,2,3,1,1,-1,0,0,2,2,-1,-1,2,2,3,-1,-1,1,0,3,-1,1,1,-1,0,1,3,1,3,-1,1,0,0,-1,3,1,3,0,1,2,2,-1,2,2,-1,2,0,1,-1
3839.97035018,2,3,2,3,1,1,0,-1,0,-1,1,3,1,3,0,0,3,0,0,3,-1,3,-1,1,2,-1,1,1,2,1,0,-1,1,0,2,3,0,2,-1,0,0,-1,3,3,2,-1,3,0,-1,2,0,1,2,-1,1,2,-1,2,1,1,-1,1,0,2,3,-1,1,3,2,1,0,0,2,3,-1,3,0,3,2,2,1,1,-1,0,2,2,1,1,2,3
3889.03889489,0,1,1,1,-1,1,3,-1,1,-1,1,2,2,2,2,0,0,1,-1,2,0,0,3,2,2,0,0,-1,2,2,1,3,-1,1,0,3,1,2,0,-1,2,1,3,0,-1,-1,1,3,2,-1,1,-1,-1,3,1,1,0,-1,1,3,-1,1,3,0,2,-1,0,0,1,0,0,0,3,1,2,2,3,3,1,1,2,0,-1,3,2,0,2,0,3,2
3930.44047949,2,3,-1,3,3,0,3,0,0,2,2,0,-1,-1,1,0,0,1,3,0,2,2,-1,-1,1,2,3,-1,2,3,1,2,-1,3,-1,3,2,-1,1,1,0,1,2,-1,1,2,3,1,-1,2,1,1,1,-1,1,1,-1,3,0,3,0,-1,0,0,-1,3,2,-1,0,1,0,1,0,0,1,2,0,0,2,1,2,3,2,2,3,0,1,-1,-1,2
3898.23924703,0,2,2,3,1,1,-1,-1,2,-1,3,3,2,0,1,1,3,3,2,-1,2,0,1,0,-1,3,0,2,3,-1,-1,1,0,3,-1,3,2,0,2,1,0,3,3,2,3,1,1,3,-1,3,0,1,-1,0,-1,1,-1,3,1,3,-1,1,1,0,0,2,1,0,0,1,1,2,3,2,-1,3,2,0,3,1,2,1,2,0,2,-1,1,2,0,0
3830.38665004,1,3,-1,-1,0,2,2,2,-1,0,0,-1,3,0,1,-1,3,3,2,2,3,0,1,0,-1,-1,-1,2,1,2,-1,3,2,2,1,1,2,1,3,-1,2,-1,3,1,0,1,3,0,3,1,3,0,0,0,3,-1,1,0,3,2,2,-1,3,0,-1,3,2,0,0,-1,0,2,0,3,2,3,3,2,1,3,1,-1,2,0,2,0,0,1,-1,-1
3964.94179999,-1,1,0,3,-1,-1,1,0,-1,0,-1,1,0,1,1,2,1,0,1,1,1,2,2,0,-1,3,2,0,2,-1,0,3,3,1,3,-1,0,0,1,3,1,1,1,0,1,3,1,2,2,0,2,2,0,3,2,0,2,3,2,-1,1,1,2,2,1,-1,1,0,-1,0,3,-1,0,0,3,-1,3,3,3,-1,2,0,2,1,2,2,3,2,-1,2
4087.99650978,-1,3,1,-1,3,1,1,2,2,3,1,1,2,-1,1,2,0,1,0,1,1,-1,3,0,3,-1,-1,1,2,2,0,0,3,0,-1,2,1,3,2,0,2,0,0,1,-1,2,2,3,2,3,2,-1,3,2,3,1,3,1,1,1,1,-1,3,2,0,0,0,2,2,3,-1,0,2,0,0,0,1,1,1,3,0,0,0,0,3,3,2,1,-1,-1
3846.10391827,-1,3,2,1,2,1,3,3,3,0,-1,1,-1,1,2,3,1,-1,3,-1,0,-1,-1,1,2,3,0,0,-1,-1,2,0,0,3,1,3,3,1,3,0,2,1,1,2,0,1,2,2,1,2,0,3,0,-1,3,0,1,-1,2,1,0,-1,0,-1,0,2,3,0,2,-1,2,1,1,2,2,0,-1,1,-1,-1,0,3,0,2,2,1,3,0,-1,-1
3991.77616038,-1,1,1,-1,0,-1,0,1,1,1,1,3,-1,0,1,0,2,0,3,0,0,-1,0,2,2,2,0,3,3,-1,3,-1,1,-1,-1,2,2,1,2,0,1,-1,-1,2,3,0,1,1,0,0,-1,2,2,-1,2,-1,1,2,3,3,3,1,0,-1,2,-1,3,3,2,-1,1,1,1,3,3,0,2,2,2,3,-1,3,2,0,3,0,2,-1,2,1
3832.68673808,3,2,1,0,-1,2,-1,2,1,2,-1,0,-1,3,3,1,0,0,1,2,-1,0,1,3,2,-1,2,0,-1,3,2,2,0,1,0,2,0,0,-1,-1,3,1,1,-1,1,1,1,2,-1,0,3,3,1,1,-1,0,-1,0,0,0,1,2,-1,-1,-1,-1,1,2,0,2,0,0,2,-1,-1,1,2,0,1,-1,1,1,2,0,-1,2,2,-1,0,-1
3588.11071053,-1,0,3,1,1,3,3,2,2,2,-1,1,2,2,0,0,1,0,0,2,1,0,-1,0,-1,3,-1,0,1,0,1,-1,1,0,1,-1,0,2,3,1,2,-1,2,-1,2,1,2,3,0,3,2,3,3,3,2,2,-1,2,-1,0,1,3,1,3,0,3,1,-1,-1,-1,1,-1,3,0,0,-1,-1,0,3,-1,0,1,-1,0,-1,2,-1,1,3,3
3953.82470783,0,0,-1,2,-1,2,3,1,3,2,1,1,1,2,2,-1,-1,-1,0,0,2,0,0,-1,3,0,0,-1,3,-1,1,1,1,2,0,-1,1,3,3,2,3,0,0,1,3,2,0,1,1,2,-1,1,3,2,3,2,-1,0,2,3,3,3,1,1,2,0,3,0,3,-1,1,2,3,1,0,2,1,2,1,2,1,0,3,0,0,-1,3,2,1,-1
3914.33986326,0,0,3,-1,-1,2,1,-1,2,1,3,0,3,1,-1,-1,-1,1,-1,3,-1,1,2,-1,0,3,2,2,0,-1,0,3,1,2,1,1,3,1,-1,-1,3,2,0,2,1,2,3,3,2,0,0,2,0,3,1,1,2,-1,0,0,2,1,0,3,3,1,2,-1,0,2,3,2,0,0,-1,1,3,2,0,1,0,1,1,2,1,3,-1,1,-1,3
4100.64699396,-1,1,1,3,0,2,3,0,3,2,1,2,0,1,2,1,-1,0,0,1,3,1,2,0,2,2,0,2,3,-1,-1,1,3,2,3,3,0,0,0,1,1,0,3,-1,3,0,2,2,3,2,-1,-1,0,2,-1,2,1,3,3,2,2,-1,3,0,0,3,1,1,-1,-1,1,1,2,1,-1,1,1,2,0,0,2,3,-1,0,3,1,-1,0,1,2
3996.75968446,-1,-1,-1,1,3,2,-1,1,2,2,1,1,1,3,0,-1,1,-1,0,3,0,1,2,2,0,1,1,0,-1,0,3,-1,3,1,0,0,1,3,3,3,0,3,3,-1,1,0,1,2,0,2,-1,-1,1,-1,0,0,3,2,0,2,0,0,1,2,2,1,3,2,-1,2,-1,3,1,1,0,1,-1,1,2,1,-1,3,0,-1,0,2,2,2,2,2
3735.31634466,1,-1,0,3,0,0,1,2,-1,-1,-1,1,-1,-1,2,1,1,0,0,-1,0,0,0,-1,3,2,1,3,-1,-1,1,3,1,2,0,-1,2,2,2,3,1,-1,-1,3,0,3,2,1,-1,-1,1,0,-1,2,1,1,2,1,2,3,2,3,2,2,0,1,0,0,-1,2,0,2,3,-1,0,0,0,0,3,2,2,1,1,2,3,3,-1,2,0,3
3831.53669406,-1,0,0,3,2,-1,0,0,1,3,2,3,3,-1,3,0,-1,-1,1,3,-1,1,2,1,0,1,2,2,1,1,1,2,1,1,3,-1,0,3,-1,0,3,0,3,2,1,3,1,3,2,2,2,0,2,-1,-1,1,0,3,-1,-1,0,2,2,0,2,2,0,1,-1,2,-1,0,3,3,0,2,0,2,2,0,1,0,-1,1,2,2,1,-1,1,-1
3793.96858951,0,2,2,1,3,2,3,1,3,-1,0,2,1,2,2,1,-1,1,1,2,3,0,1,-1,0,-1,3,3,3,0,1,1,0,2,0,1,0,-1,0,-1,-1,0,2,0,3,3,2,3,0,3,2,0,3,3,3,0,-1,-1,-1,1,2,-1,2,1,0,-1,3,2,2,1,3,1,1,2,-1,1,0,1,2,1,2,1,2,0,2,3,2,-1,2,-1
3990.62611637,3,3,-1,0,0,1,0,2,2,2,0,1,1,3,3,1,1,1,3,2,0,1,0,2,2,-1,-1,-1,3,0,-1,2,2,0,0,-1,2,-1,0,-1,2,2,1,3,2,1,2,3,3,2,2,3,0,3,0,-1,-1,1,0,1,1,1,3,3,2,-1,2,1,-1,0,1,1,2,2,3,1,0,1,2,0,1,3,3,3,1,0,1,0,3,0
3797.41872156,1,-1,-1,2,1,0,2,-1,2,0,0,3,1,1,1,3,3,3,0,2,1,2,3,0,-1,3,0,2,1,0,2,2,1,2,0,2,1,-1,1,2,3,3,1,-1,3,0,3,2,2,-1,1,2,1,1,-1,0,3,3,0,-1,1,0,3,0,-1,2,1,0,-1,-1,1,-1,2,1,-1,0,3,2,3,3,0,3,0,-1,0,0,2,1,3,-1
3925.07360742,3,0,2,0,2,-1,3,1,-1,1,2,1,0,1,3,2,2,3,0,0,3,0,3,0,1,3,1,2,1,1,0,-1,2,2,3,-1,1,0,2,3,0,1,1,1,0,3,1,2,3,1,2,3,-1,2,0,-1,2,-1,-1,0,3,3,2,1,-1,-1,2,0,0,0,1,1,-1,3,2,1,-1,3,0,-1,-1,2,3,0,1,2,0,2,3,1
3855.68761841,3,3,-1,0,1,3,3,-1,1,1,2,-1,-1,0,0,0,3,1,-1,2,0,1,-1,1,2,0,0,2,1,3,1,2,2,-1,2,-1,0,1,-1,2,3,0,3,-1,1,3,3,2,-1,0,1,0,-1,1,1,3,2,2,-1,2,1,2,1,1,3,0,-1,3,0,3,-1,-1,3,3,2,3,3,1,2,0,0,2,1,3,-1,0,1,0,-1,0
3795.88532954,2,0,0,2,2,1,-1,2,2,3,2,2,2,1,2,0,2,2,-1,-1,3,3,0,0,-1,-1,0,0,-1,-1,1,3,-1,1,2,-1,2,0,-1,-1,1,3,2,1,1,-1,-1,1,0,1,3,0,-1,2,2,1,1,3,0,1,1,0,3,2,0,-1,2,3,0,-1,0,-1,3,1,0,1,1,2,1,-1,-1,0,1,1,-1,3,2,-1,2,0
3873.32162666,2,1,2,1,2,3,0,-1,1,1,1,2,-1,1,2,2,0,3,0,3,3,3,0,2,-1,0,3,-1,0,-1,1,-1,1,-1,2,0,1,3,3,0,3,1,1,3,-1,0,-1,0,2,1,-1,3,2,1,-1,0,3,1,0,2,0,-1,2,3,-1,-1,3,-1,-1,2,3,0,-1,2,1,0,1,2,1,3,2,2,2,0,2,1,1,-1,3,2
3948.45783576,1,2,3,1,0,2,3,-1,-1,1,-1,0,0,3,1,1,0,1,0,-1,0,-1,2,1,3,0,0,-1,-1,-1,2,3,2,3,3,-1,3,1,1,0,-1,2,3,0,0,1,2,0,3,1,0,2,2,0,3,2,0,1,1,2,0,2,-1,2,1,-1,3,-1,2,2,0,1,1,1,0,-1,2,2,1,2,0,3,-1,2,2,-1,2,0,1,3
3450.10542852,2,-1,1,1,1,2,0,2,1,1,1,-1,2,3,1,2,1,1,-1,3,3,2,-1,-1,-1,-1,3,1,-1,0,0,3,-1,3,0,3,-1,0,0,2,2,0,1,-1,0,-1,0,2,0,3,1,0,2,-1,3,0,0,-1,0,1,2,1,0,3,-1,-1,0,-1,2,2,2,2,1,3,0,3,3,3,-1,-1,-1,1,0,-1,3,2,1,-1,1,-1
4027.0441769,1,-1,1,-1,-1,2,2,2,2,3,3,2,-1,0,0,1,0,3,1,3,0,1,2,3,2,3,3,1,3,0,0,-1,2,3,0,-1,2,1,2,1,1,2,1,0,2,2,1,3,1,0,0,3,-1,-1,-1,0,0,3,0,1,1,0,-1,-1,1,0,-1,1,2,2,-1,3,2,2,0,3,1,0,2,1,0,3,0,3,0,-1,2,-1,0,1
3789.36841345,2,-1,3,0,-1,-1,1,-1,2,0,0,2,1,0,3,0,-1,-1,0,-1,3,2,2,3,3,0,0,1,2,0,0,2,2,1,2,2,-1,3,-1,3,1,0,1,2,-1,0,1,3,1,2,0,1,-1,2,1,1,1,3,0,2,3,-1,1,-1,1,-1,0,0,0,1,3,-1,3,3,2,0,2,1,-1,3,1,1,-1,-1,2,2,1,1,2,0
3992.9262044,-1,1,3,2,2,0,-1,3,-1,2,1,-1,2,2,0,0,1,2,0,1,0,2,-1,1,1,1,1,2,-1,2,2,0,-1,3,1,1,3,-1,-1,3,3,2,2,2,-1,1,0,-1,3,0,-1,0,1,-1,-1,0,3,3,2,3,0,3,0,1,2,1,1,1,2,0,3,2,0,-1,0,1,2,0,1,2,0,0,2,1,0,2,0,-1,3,3
4058.09536535,0,1,3,2,3,-1,1,2,2,0,0,2,-1,2,0,-1,0,0,3,-1,3,2,0,1,3,3,-1,1,2,3,-1,2,0,3,0,3,0,2,-1,1,0,3,-1,3,2,0,-1,2,1,3,1,0,0,1,0,1,3,1,-1,2,1,2,0,1,3,0,2,1,0,0,0,1,-1,1,1,3,3,2,2,2,-1,2,2,-1,2,1,1,1,2,-1
3821.56964591,2,0,2,1,0,-1,0,1,2,0,2,-1,-1,-1,-1,1,0,2,3,-1,2,3,1,1,3,1,0,3,1,-1,0,0,1,-1,-1,2,0,1,-1,1,-1,0,2,1,0,2,1,0,-1,2,1,-1,2,0,2,1,-1,3,-1,2,-1,1,0,1,2,1,3,-1,0,3,1,0,3,-1,2,0,2,-1,1,0,-1,3,3,-1,2,1,3,-1,-1,-1
3935.42400357,-1,1,0,1,-1,0,1,3,-1,0,2,1,1,2,1,0,2,3,2,-1,2,1,-1,3,1,0,3,3,0,3,1,0,2,2,2,0,0,-1,3,3,0,0,2,0,2,2,3,-1,0,1,3,2,-1,0,-1,1,2,1,2,0,1,3,0,-1,1,0,2,-1,3,2,1,1,1,1,3,0,3,3,2,0,0,2,-1,-1,-1,-1,2,1,3,-1
3961.49166794,3,2,2,2,0,0,1,2,0,3,1,3,-1,1,2,2,-1,2,2,0,0,-1,2,0,3,3,0,-1,0,0,-1,1,0,1,-1,-1,0,1,2,2,2,1,3,1,-1,1,-1,2,-1,0,-1,2,-1,0,1,0,1,3,1,1,2,2,1,2,-1,1,-1,3,3,2,3,-1,0,-1,-1,1,0,1,2,1,3,0,-1,3,1,0,0,1,2,2
3948.45783576,3,1,1,2,2,1,1,0,2,1,1,-1,1,2,2,2,3,0,3,2,1,1,3,-1,2,0,-1,1,1,1,-1,1,-1,-1,-1,-1,0,-1,3,0,0,-1,3,0,-1,2,0,-1,1,0,3,1,0,0,0,1,0,2,1,-1,3,1,2,2,-1,2,0,2,0,2,1,-1,-1,0,2,0,3,2,3,3,2,-1,3,2,0,2,1,-1,-1,0
3954.20805584,2,3,1,-1,0,3,2,3,0,-1,1,3,2,0,0,0,3,3,2,3,-1,2,2,2,1,0,1,-1,-1,0,-1,0,1,-1,1,1,3,-1,2,2,1,-1,1,1,2,3,0,0,3,0,-1,0,3,0,0,0,1,2,-1,2,2,0,1,2,-1,-1,3,2,2,0,3,1,0,1,3,-1,1,2,-1,2,0,3,3,3,1,1,1,0,0,-1
3887.88885088,0,1,0,2,1,0,1,-1,2,-1,3,1,2,-1,1,3,2,3,-1,1,3,2,2,-1,-1,0,0,1,3,-1,-1,2,2,-1,3,0,1,0,1,2,1,0,1,2,3,0,2,1,3,-1,3,0,1,1,-1,3,3,3,0,3,1,-1,2,3,0,1,0,-1,0,2,2,2,2,2,-1,3,2,3,2,0,0,3,2,2,3,3,0,0,-1,-1
3810.45255375,3,0,0,3,3,0,-1,2,0,-1,1,1,3,2,1,-1,0,1,0,-1,1,1,0,2,3,2,-1,-1,1,1,-1,0,0,0,3,1,1,3,2,-1,0,2,2,2,-1,1,2,1,1,1,3,-1,3,2,3,-1,1,0,0,0,2,1,-1,3,0,-1,-1,3,3,3,2,-1,1,-1,2,3,3,0,1,1,-1,3,2,2,1,0,-1,-1,-1,2
3885.20541484,-1,-1,0,2,3,2,2,3,3,2,1,2,1,1,-1,3,2,0,0,1,1,0,3,0,-1,1,2,1,1,1,1,2,2,0,0,0,3,3,1,0,3,0,-1,2,-1,0,3,-1,0,-1,1,-1,2,-1,1,2,3,1,0,3,0,2,0,3,2,3,1,2,3,2,0,2,0,-1,0,3,3,3,2,-1,0,2,2,-1,0,-1,2,3,1,1
3716.53229239,0,0,2,2,0,3,3,-1,2,-1,0,1,2,2,1,1,-1,3,2,-1,3,0,1,1,0,2,1,2,2,0,2,1,0,3,1,1,2,3,1,1,3,-1,-1,1,3,2,3,2,-1,0,1,1,0,-1,2,1,2,3,-1,3,0,3,2,0,2,1,1,3,1,1,2,0,0,-1,3,-1,0,3,-1,3,3,-1,-1,1,-1,-1,3,3,3,0
3991.77616038,0,2,-1,0,1,0,-1,-1,2,1,3,0,1,0,2,-1,3,0,-1,3,0,1,2,3,3,-1,2,2,3,-1,-1,3,1,3,1,2,3,1,0,1,-1,1,0,0,2,-1,3,1,3,-1,0,3,-1,-1,1,3,2,1,-1,2,1,0,0,0,3,1,1,2,0,3,1,2,-1,0,2,2,3,0,0,1,2,-1,2,0,2,0,0,1,0,1
3712.69881233,2,-1,0,0,0,-1,3,-1,-1,-1,-1,-1,1,-1,0,1,-1,0,1,3,2,3,-1,-1,1,0,0,0,1,-1,-1,1,-1,2,3,-1,0,1,-1,0,-1,1,1,-1,1,2,2,1,-1,2,1,3,-1,0,1,2,0,0,3,1,-1,1,1,2,2,2,-1,2,2,3,0,2,-1,0,2,3,2,0,1,2,-1,1,-1,-1,1,3,0,0,0,1
3800.1021576,2,1,-1,3,-1,1,2,0,3,1,0,3,-1,-1,2,2,-1,-1,3,2,1,0,1,-1,1,3,2,1,3,1,-1,2,1,-1,-1,-1,1,0,1,2,-1,1,-1,0,3,0,3,2,0,1,3,3,0,0,2,0,-1,3,3,0,-1,2,1,0,0,2,-1,-1,-1,0,0,2,0,3,1,1,2,2,3,3,2,2,1,-1,0,0,0,3,2,1
3757.55052898,0,-1,3,1,2,2,0,-1,-1,-1,2,2,2,1,1,-1,0,-1,3,-1,0,0,-1,1,2,0,0,1,2,3,3,3,3,1,0,1,3,1,-1,1,-1,2,3,2,2,-1,0,0,3,-1,-1,3,3,3,3,1,0,-1,3,2,1,2,0,0,1,0,1,0,0,-1,1,1,2,2,2,3,2,1,0,1,2,-1,1,-1,0,-1,0,0,3,1
4022.82734883,0,1,1,2,1,1,1,1,2,2,1,3,3,2,0,3,3,0,3,3,-1,-1,0,2,0,1,-1,2,-1,1,2,3,0,-1,-1,1,3,0,1,0,0,3,3,0,1,2,1,1,0,2,2,3,-1,3,0,-1,2,1,3,-1,1,2,0,1,3,2,1,0,1,2,0,-1,2,3,3,-1,2,3,0,-1,0,-1,0,2,2,-1,2,2,0,0
3769.05096915,0,3,2,2,-1,2,3,-1,3,0,-1,0,0,2,2,1,3,-1,0,3,0,3,2,2,2,-1,3,2,0,2,3,-1,0,2,-1,1,0,-1,2,1,1,-1,1,1,1,0,-1,2,3,3,2,0,2,0,-1,1,1,0,-1,-1,1,0,1,2,-1,2,-1,3,0,-1,1,1,0,2,1,-1,1,-1,0,3,-1,3,2,0,3,-1,-1,0,1,1
3812.75264179,2,-1,0,3,1,0,0,3,-1,3,2,0,2,0,1,3,1,0,2,3,-1,1,0,1,2,2,2,2,1,-1,1,-1,-1,0,0,1,0,-1,-1,1,-1,0,0,0,-1,3,2,2,-1,-1,3,3,1,2,3,1,-1,-1,0,2,1,1,-1,3,-1,-1,3,3,2,2,2,0,0,3,-1,1,1,1,2,0,0,1,-1,0,1,-1,0,0,1,3
3896.705855,2,1,3,1,1,3,3,1,0,1,0,-1,3,0,1,3,1,2,0,0,-1,3,1,1,3,0,0,3,2,2,2,-1,0,0,1,3,3,-1,3,2,2,1,-1,3,-1,2,2,1,0,0,2,-1,-1,0,0,2,-1,3,0,1,2,2,0,-1,-1,-1,2,2,0,1,1,-1,-1,3,3,3,0,1,1,2,-1,-1,-1,1,3,0,1,2,3,1
3719.98242444,-1,-1,2,0,3,2,0,0,-1,1,1,2,2,2,2,-1,-1,3,1,0,3,1,0,-1,-1,3,1,1,0,3,1,3,0,1,1,-1,2,0,2,-1,0,-1,2,-1,3,0,3,-1,1,-1,0,1,1,-1,-1,0,2,2,2,0,1,3,2,1,-1,1,0,0,1,-1,3,0,1,3,-1,2,3,-1,0,3,1,3,0,1,2,2,3,2,2,3
3899.00594304,0,3,3,1,-1,3,-1,2,1,1,0,0,1,1,-1,0,3,0,1,3,0,3,3,1,-1,2,1,-1,2,-1,1,0,2,2,0,3,-1,0,0,0,1,0,3,1,0,2,1,-1,0,2,2,3,3,-1,2,3,3,-1,2,2,1,3,1,-1,1,2,0,2,2,-1,3,0,1,-1,2,-1,1,2,2,-1,1,-1,0,0,1,3,3,1,3,0
3823.10303794,2,3,-1,1,-1,-1,-1,3,2,0,3,-1,3,-1,3,-1,3,1,1,2,3,3,-1,1,2,2,0,2,3,1,3,1,-1,-1,3,2,2,3,3,0,1,0,2,0,0,1,0,0,0,2,3,3,1,-1,0,-1,0,0,0,1,-1,2,2,2,2,1,2,-1,1,0,2,1,0,-1,-1,-1,-1,1,0,1,3,0,0,0,3,0,1,-1,-1,2
3804.70233367,3,-1,-1,1,1,1,0,-1,2,0,0,-1,-1,-1,1,3,2,2,0,-1,3,0,2,1,1,3,2,0,2,2,2,2,2,3,-1,-1,3,1,3,3,3,-1,2,2,1,0,1,0,3,3,0,0,2,-1,3,1,1,0,2,2,3,2,0,2,0,3,-1,1,-1,-1,-1,-1,1,1,-1,0,0,1,1,0,2,1,3,-1,1,3,1,3,-1,0
3854.9209224,3,1,-1,0,2,2,3,0,-1,1,-1,1,1,3,-1,0,0,3,-1,0,3,2,-1,3,0,-1,2,1,2,1,1,0,2,2,-1,-1,0,0,2,3,3,1,-1,0,2,1,0,3,1,3,0,3,0,3,-1,-1,3,3,2,-1,0,2,2,1,0,-1,2,-1,1,3,0,1,0,0,1,1,1,-1,2,2,0,2,1,3,1,2,1,2,0,0
3647.52965139,0,-1,-1,0,-1,1,2,2,0,1,1,0,0,1,2,2,3,3,0,-1,0,1,0,-1,-1,1,3,1,0,3,2,1,3,1,-1,2,1,3,3,0,3,2,2,-1,-1,1,2,3,-1,1,1,3,3,1,2,1,0,0,-1,1,2,3,2,1,-1,-1,2,3,0,0,2,0,3,2,3,3,-1,3,2,-1,-1,3,0,3,-1,2,1,-1,0,2
3952.67466382,1,3,-1,0,-1,1,0,0,0,3,2,-1,0,-1,1,1,1,3,0,1,3,2,3,3,2,2,3,-1,3,2,-1,3,-1,2,2,2,2,1,0,3,1,0,-1,-1,3,2,3,2,0,-1,2,0,2,1,-1,2,0,1,3,2,1,1,3,0,0,3,-1,1,0,3,2,0,3,2,2,1,-1,3,1,1,1,0,1,0,-1,1,3,0,-1,0
3941.94091966,3,-1,1,3,2,1,2,0,-1,1,2,3,1,3,1,3,1,1,0,1,2,1,-1,2,-1,-1,3,0,-1,3,0,-1,-1,2,2,-1,3,1,3,-1,1,2,2,3,0,0,-1,2,-1,0,3,0,2,1,-1,1,2,-1,2,3,1,0,0,2,1,1,0,2,0,3,3,0,0,1,1,0,2,3,-1,3,1,-1,3,0,0,0,3,0,0,2
3877.15510672,1,1,-1,2,1,3,2,2,3,-1,0,2,1,0,3,0,1,3,3,0,2,1,-1,0,3,3,1,-1,2,3,2,1,-1,0,1,1,-1,2,0,-1,-1,-1,0,3,0,0,0,2,1,0,1,1,3,-1,-1,-1,0,-1,2,1,0,2,2,1,2,3,2,3,2,3,1,1,3,0,3,3,0,1,3,-1,0,0,0,3,2,3,1,3,0,-1
3591.94419058,3,0,-1,2,1,3,0,-1,-1,0,1,0,3,1,2,-1,2,2,3,0,-1,-1,2,0,1,1,-1,1,0,0,0,2,2,-1,2,3,0,0,1,-1,-1,0,1,3,2,-1,0,3,3,1,0,2,-1,-1,0,2,-1,1,2,3,2,-1,1,2,-1,3,1,1,1,3,-1,2,0,2,0,-1,1,0,1,1,-1,1,1,-1,3,3,2,1,3,0
3873.70497467,1,3,1,0,3,1,1,2,3,2,3,3,-1,1,1,0,3,3,3,-1,0,3,-1,-1,2,0,3,2,2,0,2,2,3,0,0,1,0,0,0,1,2,2,0,3,3,-1,0,3,0,1,3,2,2,0,-1,3,-1,3,1,1,1,2,2,0,2,3,0,2,-1,1,1,0,2,1,2,2,0,-1,-1,-1,1,1,0,2,3,1,1,0,0,-1
3754.10039693,0,2,1,1,0,3,0,-1,1,3,2,-1,0,0,0,1,0,1,-1,-1,3,1,2,2,0,1,-1,1,-1,0,1,3,3,2,3,-1,0,-1,2,1,2,0,1,-1,2,2,-1,1,2,2,3,3,-1,1,0,0,0,1,-1,3,2,3,1,2,-1,-1,-1,-1,1,1,3,2,2,-1,2,0,0,0,-1,2,2,2,0,-1,-1,0,1,2,1,1
3954.20805584,-1,-1,-1,0,-1,1,-1,2,1,0,3,2,0,3,1,2,2,-1,0,-1,3,3,3,0,0,2,-1,2,-1,-1,3,2,1,1,1,2,0,-1,2,0,3,0,0,1,1,2,2,0,-1,1,-1,3,1,-1,3,3,1,0,1,3,2,0,3,3,3,-1,1,1,2,0,3,3,0,1,1,1,2,1,0,0,0,0,1,-1,2,3,3,3,0,0
4102.947082,-1,2,-1,2,3,0,-1,2,0,3,3,0,3,2,0,3,3,1,3,2,3,0,0,1,3,1,1,1,-1,3,2,0,-1,2,-1,0,1,1,3,2,3,0,-1,0,1,1,1,0,-1,3,0,-1,1,0,2,0,2,0,1,-1,-1,0,0,2,1,3,1,2,3,1,0,3,3,2,1,2,3,2,0,3,-1,1,1,2,2,1,-1,2,3,0
3915.10655927,2,-1,1,2,-1,0,0,-1,3,3,-1,2,1,1,2,1,0,0,2,1,1,0,-1,0,3,-1,3,1,2,-1,2,2,1,0,1,1,1,2,0,0,3,0,2,3,-1,3,3,0,1,2,0,1,0,2,3,3,0,1,-1,3,0,1,3,2,2,1,2,3,1,2,0,1,-1,-1,0,0,3,3,0,3,3,3,1,-1,0,2,-1,2,3,1
3674.36401178,0,0,-1,1,2,2,2,2,1,1,1,1,2,-1,-1,3,-1,-1,0,2,0,-1,2,3,2,1,0,1,1,0,-1,-1,2,-1,-1,0,-1,-1,0,0,2,1,2,3,0,-1,1,1,-1,0,2,2,1,3,-1,-1,0,-1,1,0,3,3,1,2,-1,-1,2,3,2,2,0,0,-1,-1,2,-1,-1,0,2,-1,0,3,3,0,2,-1,0,1,1,3
3928.14039146,1,3,0,0,-1,3,-1,2,0,-1,2,1,1,-1,0,-1,-1,2,0,3,1,2,0,1,-1,3,3,2,2,-1,2,3,1,3,-1,3,-1,1,0,0,3,-1,1,1,1,0,1,0,3,1,2,-1,0,1,3,3,2,3,2,-1,0,1,0,2,2,-1,-1,0,2,0,1,2,1,3,2,0,2,1,1,3,3,-1,1,3,-1,2,2,-1,0,2
4112.53078214,3,0,3,-1,2,3,-1,0,2,-1,1,3,2,0,-1,-1,2,0,3,3,3,2,0,1,1,3,3,-1,1,1,3,2,0,2,1,1,-1,1,3,-1,2,-1,1,-1,2,0,2,2,3,2,0,3,2,1,3,-1,1,3,2,0,0,1,-1,0,3,2,1,1,0,2,3,0,2,-1,1,1,3,2,1,2,0,2,0,0,0,0,0,2,0,0
3922.39017138,0,-1,3,2,2,3,0,2,0,3,2,2,1,3,3,2,2,1,1,3,0,3,-1,1,-1,-1,1,0,3,3,0,2,3,0,-1,1,-1,0,3,0,2,2,0,2,2,3,1,1,2,2,0,-1,-1,1,-1,2,-1,3,3,2,3,0,0,-1,1,-1,2,1,2,1,3,1,1,3,2,0,0,3,1,-1,2,1,1,0,1,0,-1,1,0,2
3869.1047986,-1,2,0,3,3,2,1,2,0,0,1,2,1,3,0,2,1,0,-1,3,-1,1,0,2,-1,3,1,2,1,0,3,0,2,0,1,2,2,3,-1,1,0,-1,0,3,0,0,0,2,1,-1,-1,-1,2,3,-1,2,1,3,3,1,2,3,0,1,1,2,3,1,2,-1,0,1,1,3,-1,0,3,-1,2,-1,2,-1,2,3,2,-1,-1,2,-1,1
4037.77792105,-1,0,2,0,-1,0,3,0,3,2,0,-1,0,0,1,2,1,0,3,1,2,1,2,-1,2,-1,0,-1,1,2,1,2,2,-1,3,1,0,2,3,1,3,2,2,0,2,2,-1,-1,1,0,-1,2,0,-1,3,3,3,-1,1,2,-1,2,3,3,0,2,2,1,3,0,3,1,3,3,3,2,1,1,3,0,-1,1,0,0,3,0,0,-1,2,-1
3682.41431989,3,2,-1,3,3,2,0,1,0,2,-1,0,1,0,1,0,2,-1,-1,1,-1,0,3,2,-1,-1,3,1,2,0,-1,-1,1,3,2,1,1,2,2,3,1,0,1,0,1,1,-1,3,1,3,-1,2,0,1,-1,1,-1,2,1,-1,2,2,-1,0,0,-1,-1,-1,2,-1,2,2,3,-1,3,0,2,1,-1,0,-1,0,2,0,-1,-1,0,2,1,0
3446.27194847,2,-1,-1,2,-1,3,-1,0,2,3,2,0,-1,1,2,-1,2,2,-1,3,1,-1,-1,1,0,1,2,-1,3,0,3,1,-1,2,0,3,3,-1,2,-1,3,0,-1,0,2,0,3,3,1,2,0,-1,2,-1,3,-1,3,0,-1,3,2,-1,1,0,0,0,0,-1,3,1,2,1,3,2,0,-1,1,0,-1,2,1,-1,1,0,3,-1,0,2,1,2
3946.54109573,-1,0,3,0,2,3,0,3,2,1,-1,0,3,3,3,2,2,-1,1,2,1,3,1,1,0,-1,0,3,-1,1,0,3,0,0,0,2,1,2,1,2,2,-1,1,1,2,3,0,3,2,-1,2,1,0,-1,2,-1,3,2,1,1,3,3,1,1,0,2,0,0,0,-1,3,0,3,-1,1,2,-1,0,0,1,3,2,2,2,3,1,0,1,1,3
3971.07536808,2,0,1,2,2,2,0,2,3,1,2,-1,0,3,1,3,0,1,-1,-1,0,2,3,2,3,0,-1,2,-1,-1,3,0,2,2,-1,2,2,2,-1,2,0,0,1,1,3,-1,1,1,2,0,3,-1,-1,-1,0,3,1,-1,1,3,0,2,0,0,-1,2,2,3,1,1,0,-1,0,1,-1,1,0,0,1,2,1,0,3,1,-1,1,-1,0,0,3
3777.48462527,1,1,1,-1,-1,2,1,1,2,3,-1,-1,-1,2,2,3,-1,2,-1,-1,-1,1,0,1,2,1,0,0,1,0,0,2,0,-1,-1,3,-1,1,3,2,-1,2,3,2,3,0,1,0,0,-1,1,1,0,0,0,2,3,0,-1,1,2,-1,3,2,3,1,1,2,3,0,0,2,1,3,3,0,-1,0,1,1,2,0,3,2,3,2,2,2,2,-1
3723.43255649,-1,3,2,0,3,2,3,2,2,-1,3,2,0,-1,0,1,1,-1,1,-1,-1,1,2,0,0,0,2,-1,0,-1,2,2,0,-1,3,0,3,2,-1,2,0,1,-1,-1,1,2,0,1,1,3,3,2,0,3,1,0,3,0,-1,1,-1,1,2,0,2,-1,0,0,2,1,2,2,1,1,2,1,-1,1,3,-1,-1,-1,0,1,3,-1,1,1,-1,-1
3953.44135983,1,-1,1,1,0,-1,0,-1,2,0,0,3,0,3,3,0,2,3,-1,2,-1,0,2,3,0,1,1,-1,0,-1,-1,0,1,2,-1,2,1,1,2,1,1,0,0,1,-1,-1,2,2,3,1,2,2,1,-1,0,1,0,3,3,3,1,-1,-1,1,2,2,-1,-1,0,3,0,1,0,3,2,-1,2,1,0,3,2,0,1,2,-1,0,2,1,2,2
3935.80735157,0,1,3,1,2,1,0,2,2,3,0,3,2,1,0,0,-1,-1,3,2,0,2,1,0,1,2,1,2,3,1,0,-1,2,-1,0,3,2,-1,3,3,0,3,-1,1,3,3,2,2,2,1,0,2,-1,3,0,3,0,2,3,1,-1,0,2,2,-1,2,-1,1,1,0,0,0,1,3,-1,0,0,0,1,1,-1,1,3,-1,2,-1,1,1,2,3
3853.00418237,1,-1,1,3,2,-1,3,3,-1,2,-1,2,2,3,1,2,1,-1,2,1,1,-1,2,0,2,1,2,3,1,0,3,0,1,0,0,0,0,0,3,-1,3,-1,-1,0,0,-1,1,-1,1,2,3,2,0,1,2,3,3,-1,3,0,3,2,0,2,-1,3,0,-1,0,1,2,1,-1,3,1,1,2,0,0,1,0,-1,3,0,-1,-1,0,0,2,-1
3774.03449322,3,0,1,2,-1,1,0,-1,2,2,2,-1,2,-1,1,3,3,2,3,0,2,2,0,1,1,1,1,2,3,0,2,0,2,0,3,0,2,0,0,-1,3,2,-1,1,3,1,-1,2,0,3,0,3,0,1,3,2,-1,1,-1,3,2,1,2,-1,3,2,1,-1,0,3,-1,1,1,-1,-1,0,-1,0,1,0,3,1,3,-1,2,3,-1,2,2,1
3950.37457578,3,0,0,-1,2,3,3,2,3,-1,1,0,-1,2,1,2,3,1,-1,2,3,1,0,1,1,1,3,2,0,-1,2,2,3,1,-1,-1,-1,0,0,0,-1,1,1,1,2,2,0,3,1,1,3,3,3,1,1,2,0,2,0,0,3,-1,0,0,-1,0,1,0,-1,2,-1,2,2,1,2,-1,2,-1,0,0,2,3,0,1,0,1,2,-1,2,3
3892.10567894,2,-1,3,0,1,2,3,1,3,-1,-1,0,-1,2,0,2,-1,0,0,1,1,2,-1,0,-1,0,0,2,3,2,1,-1,2,2,0,0,0,0,3,3,1,2,1,2,0,1,-1,3,0,2,3,-1,1,-1,1,3,1,1,-1,0,3,2,3,2,3,3,3,0,0,1,1,3,-1,-1,1,2,0,1,2,2,-1,3,0,2,1,-1,-1,3,-1,2
3707.71528826,3,0,-1,1,-1,3,3,3,2,2,2,0,3,0,2,1,0,-1,2,0,2,0,2,1,-1,2,1,1,0,3,2,2,1,-1,-1,-1,0,1,0,1,2,1,1,3,-1,3,3,-1,3,0,1,0,-1,-1,0,-1,-1,2,2,-1,1,-1,2,2,0,0,3,0,2,1,1,0,1,-1,0,3,-1,-1,0,1,1,1,1,-1,3,3,2,-1,1,2
3649.44639142,1,2,2,2,2,1,1,3,-1,1,0,-1,3,0,-1,1,-1,2,0,1,3,0,3,-1,-1,-1,1,2,0,0,3,3,1,0,-1,2,3,2,3,2,0,2,2,2,0,-1,1,-1,3,1,1,2,3,-1,1,-1,1,3,1,0,0,1,-1,1,-1,0,1,3,0,0,1,0,0,2,3,0,2,3,3,-1,-1,0,-1,-1,2,0,2,-1,0,-1
3796.65202555,2,-1,-1,2,-1,2,1,2,-1,3,2,-1,0,0,3,2,-1,2,1,1,1,-1,2,0,3,0,1,1,0,0,0,1,-1,1,0,-1,1,2,3,-1,3,2,0,1,2,3,2,3,-1,-1,3,2,2,-1,0,1,-1,0,0,2,1,1,2,2,0,-1,3,-1,-1,1,1,0,2,1,1,3,2,0,-1,2,0,2,3,3,0,1,1,0,1,-1
3813.5193378,3,-1,0,2,1,0,-1,2,3,-1,3,1,-1,-1,3,3,1,-1,1,0,-1,-1,3,-1,0,1,0,2,-1,0,2,2,2,1,3,3,1,0,-1,-1,3,2,1,2,0,0,-1,2,2,-1,-1,3,1,-1,2,-1,2,-1,1,2,3,0,0,0,0,2,1,3,-1,0,-1,3,2,0,1,0,3,1,1,1,1,0,0,3,2,1,2,0,1,2
3771.35105719,-1,0,1,0,0,-1,0,0,2,1,3,-1,1,-1,-1,-1,1,3,2,-1,1,0,3,2,-1,0,0,1,-1,2,-1,0,1,0,1,-1,0,2,1,2,3,2,1,1,2,3,0,-1,3,1,-1,2,0,1,1,2,1,2,1,0,0,-1,1,0,-1,-1,0,0,2,2,2,3,-1,2,1,-1,-1,-1,1,2,0,-1,2,3,0,1,-1,0,2,-1
3861.05449049,-1,2,0,-1,2,0,-1,1,3,-1,2,-1,1,1,0,2,0,-1,2,3,1,3,3,0,3,-1,-1,0,1,3,-1,0,2,1,2,2,1,2,0,1,3,2,3,3,0,0,-1,3,3,-1,2,1,2,1,0,2,0,1,1,0,3,-1,1,2,3,2,-1,3,-1,0,0,2,3,3,-1,0,0,-1,3,0,0,1,0,-1,1,-1,-1,2,2,-1
3730.33282059,2,3,2,3,0,0,2,0,-1,0,-1,-1,-1,1,2,0,-1,2,-1,3,1,2,0,0,1,0,-1,2,1,0,-1,2,-1,-1,3,1,2,1,3,0,0,1,0,0,3,-1,1,-1,-1,-1,2,-1,0,1,-1,2,3,1,-1,1,0,1,1,2,2,3,2,0,2,2,-1,2,1,2,3,-1,0,1,0,-1,0,3,0,2,-1,-1,2,3,1,3
3883.67202281,1,2,2,2,-1,2,1,3,3,3,2,3,0,-1,2,1,3,3,2,1,-1,1,0,-1,2,2,1,3,3,0,3,0,2,1,0,2,3,-1,0,-1,1,1,2,-1,0,2,1,0,1,3,0,2,3,3,2,2,2,0,0,1,0,0,-1,3,0,0,-1,-1,3,-1,1,0,0,-1,-1,-1,2,-1,3,1,0,1,1,0,-1,0,3,1,1,1
3833.07008608,2,3,0,-1,1,0,1,1,-1,0,2,3,0,0,3,3,2,1,3,-1,1,-1,2,0,3,-1,1,2,2,3,2,2,1,2,-1,1,0,0,0,1,0,2,0,-1,-1,3,1,-1,0,1,3,2,-1,0,2,1,2,3,-1,1,0,2,3,1,-1,3,1,0,1,0,3,3,-1,3,-1,-1,0,2,1,1,1,2,3,0,2,3,2,-1,3,2
3881.75528279,3,2,0,1,-1,1,1,-1,3,-1,2,0,2,2,3,0,1,2,1,2,3,0,3,0,-1,3,0,2,1,-1,3,-1,-1,1,1,0,0,3,3,-1,2,0,2,0,2,3,0,2,-1,2,0,-1,0,3,1,-1,1,0,0,1,0,2,2,3,0,-1,3,1,0,3,-1,3,3,2,-1,2,0,0,1,3,2,2,2,-1,0,3,1,1,2,-1
3968.39193204,2,2,2,3,1,3,-1,1,3,0,-1,2,0,0,-1,0,0,3,1,2,1,1,-1,1,2,1,1,0,2,1,3,3,3,0,3,1,0,0,-1,2,-1,-1,3,3,1,1,3,2,2,1,0,2,2,1,3,0,0,-1,-1,0,1,-1,1,2,0,3,1,0,1,-1,3,2,3,-1,0,3,0,0,3,2,2,0,-1,-1,0,3,-1,2,2,2
3887.88885088,-1,3,0,0,2,1,1,3,1,1,1,0,0,2,0,3,3,1,-1,3,2,3,0,-1,0,1,0,2,-1,3,1,1,2,0,2,1,-1,0,2,2,2,3,1,2,0,2,0,1,3,1,1,2,0,3,0,-1,-1,-1,2,1,2,3,3,1,3,3,2,-1,-1,-1,-1,0,-1,0,3,0,-1,2,0,-1,1,2,1,-1,3,2,1,2,0,3
4021.29395681,0,1,2,0,-1,2,0,-1,0,3,1,3,2,3,0,2,-1,1,0,2,0,1,2,-1,2,1,0,3,-1,3,1,3,0,1,1,2,3,0,-1,2,3,2,0,-1,0,3,3,1,1,2,2,3,2,1,2,1,3,-1,0,-1,3,2,3,1,0,1,2,3,2,-1,1,1,3,-1,1,0,2,-1,2,2,2,3,0,1,0,0,3,3,1,-1
3854.53757439,1,3,0,-1,0,1,2,-1,0,0,-1,1,2,2,2,2,1,3,3,3,-1,2,1,0,0,0,1,0,3,3,0,2,-1,2,1,2,3,3,1,-1,2,1,1,3,2,1,2,3,2,-1,0,1,0,-1,1,-1,-1,3,2,0,2,2,2,-1,0,0,2,0,0,-1,2,-1,2,1,0,3,0,1,3,-1,0,3,-1,1,2,1,-1,-1,-1,1
4068.4457615,3,0,0,0,0,1,0,2,2,2,3,2,3,0,0,2,0,0,-1,-1,2,1,2,3,3,2,2,3,-1,-1,-1,0,0,-1,2,1,-1,1,0,3,2,3,1,1,3,3,2,0,3,0,3,1,1,0,2,1,1,-1,-1,1,2,1,-1,0,1,3,3,1,0,0,3,-1,1,1,0,3,-1,2,0,3,3,2,2,1,-1,1,2,0,2,3
3956.12479587,2,3,2,1,2,-1,0,3,0,1,3,1,1,-1,-1,0,3,0,0,2,1,0,2,2,1,3,1,-1,-1,2,-1,1,3,2,1,0,1,1,2,0,3,-1,0,2,3,-1,1,0,2,0,3,1,-1,1,0,3,-1,0,1,1,3,1,0,3,0,3,2,2,3,0,2,-1,3,3,-1,2,1,-1,0,2,-1,1,-1,2,3,0,1,0,-1,2
3997.14303246,2,-1,0,1,2,2,0,2,-1,3,3,-1,2,0,2,1,1,0,3,1,3,3,3,1,1,2,-1,0,1,3,1,1,0,3,3,1,1,0,2,1,-1,2,-1,2,2,-1,-1,1,1,3,3,0,3,3,0,2,2,0,0,2,0,1,1,2,3,0,3,3,2,-1,1,3,2,0,3,3,-1,0,2,-1,0,0,0,2,0,-1,0,-1,1,1
3951.90796781,2,1,3,-1,-1,3,-1,3,1,3,2,3,1,3,0,-1,2,-1,-1,0,1,0,3,2,2,3,1,-1,3,1,1,-1,1,-1,3,2,-1,0,2,2,0,0,3,2,3,1,0,2,1,1,0,-1,3,1,1,-1,2,0,0,0,1,0,3,-1,2,0,2,1,0,-1,3,3,2,1,0,1,0,-1,0,2,2,2,0,2,3,2,3,-1,0,0
3830.00330204,0,-1,3,2,3,1,0,-1,-1,1,2,3,1,1,3,2,2,1,2,-1,-1,0,0,-1,0,1,0,3,-1,2,-1,-1,2,3,0,-1,3,-1,0,1,1,1,0,2,1,0,1,1,1,3,3,2,3,3,2,2,3,0,1,0,2,2,2,-1,3,2,2,0,3,3,-1,0,2,1,-1,1,3,0,0,1,0,-1,1,0,-1,0,1,2,2,-1
3569.32665825,1,0,-1,0,-1,-1,0,1,2,-1,1,0,1,1,-1,-1,-1,3,2,1,2,0,2,0,2,2,1,1,2,1,3,-1,-1,2,-1,2,3,-1,1,-1,2,2,-1,2,0,-1,-1,-1,2,0,2,3,-1,1,2,0,1,1,0,2,-1,1,0,3,1,3,1,2,-1,2,0,3,-1,0,0,3,-1,0,-1,-1,0,0,3,1,2,1,-1,-1,2,0
3877.15510672,0,3,2,0,0,0,2,2,0,2,2,1,2,2,3,1,-1,1,2,3,3,3,0,0,0,0,3,3,0,2,1,3,1,2,3,2,-1,1,2,2,-1,-1,0,3,3,3,3,3,2,1,-1,1,2,1,-1,-1,0,-1,1,2,3,3,0,0,1,0,-1,3,-1,2,-1,1,1,-1,-1,0,-1,-1,2,0,1,1,-1,0,0,1,0,3,-1,2
3687.39784397,-1,-1,1,1,0,1,-1,2,2,3,-1,1,2,3,1,0,1,3,1,0,1,0,1,-1,2,-1,0,3,2,1,0,-1,-1,-1,1,-1,2,0,3,0,3,0,-1,0,2,0,0,-1,-1,1,2,2,2,2,3,1,2,0,-1,-1,0,0,-1,2,0,-1,3,3,-1,-1,0,1,1,3,2,3,1,1,1,-1,-1,0,2,-1,0,3,2,1,2,2
3918.17334332,3,1,1,3,0,0,3,0,-1,-1,1,0,0,-1,0,3,1,1,1,2,-1,-1,1,3,-1,0,3,-1,3,2,1,2,0,2,-1,3,1,3,1,2,0,2,1,1,2,0,2,2,3,3,2,2,2,2,-1,2,2,-1,-1,2,2,3,3,0,0,3,3,0,2,1,3,3,0,0,0,2,-1,-1,1,1,1,-1,-1,1,0,-1,2,0,0,0
3814.28603381,0,1,2,2,3,3,-1,1,2,-1,-1,3,2,3,0,-1,-1,0,1,1,1,3,0,0,2,-1,3,0,0,0,0,1,0,-1,0,1,1,-1,3,3,3,1,0,1,2,3,2,1,-1,3,3,0,2,0,3,1,2,-1,0,1,-1,3,2,1,-1,3,1,2,-1,2,1,0,2,2,2,2,0,3,2,2,-1,3,1,-1,-1,0,2,1,2,2
4068.4457615,-1,1,1,1,2,1,3,2,1,0,1,1,0,-1,-1,-1,2,0,2,-1,0,1,2,-1,0,-1,3,2,1,-1,0,0,2,3,2,-1,1,3,0,1,-1,1,1,0,2,3,2,3,1,1,3,3,0,-1,0,1,1,2,2,-1,1,0,0,3,1,0,2,3,3,0,3,2,2,0,3,0,1,2,0,-1,2,-1,3,2,0,0,-1,3,0,2
3906.28955514,3,3,0,1,-1,-1,-1,-1,3,-1,0,0,2,1,-1,0,3,3,-1,2,0,-1,1,-1,2,2,3,2,3,0,3,-1,1,0,0,0,3,0,0,-1,1,3,0,1,-1,1,2,2,3,0,2,3,0,2,-1,1,2,-1,2,3,3,2,2,1,1,1,3,3,1,3,1,0,-1,2,0,0,-1,3,2,1,2,1,2,-1,2,1,0,1,2,1
3763.30074907,1,0,2,1,1,1,0,0,-1,3,0,-1,1,2,3,-1,-1,2,3,2,2,2,0,0,3,2,1,3,0,1,0,3,-1,3,2,-1,-1,3,3,3,1,2,2,2,1,-1,3,-1,1,-1,3,2,0,3,2,0,1,2,-1,-1,0,-1,0,0,1,2,-1,2,2,-1,1,2,1,3,0,0,0,0,1,0,2,2,1,-1,1,-1,2,-1,3,0
3608.81150283,3,2,1,2,2,3,0,0,-1,2,0,1,1,2,0,-1,2,3,2,0,-1,1,3,2,3,3,0,3,0,1,1,0,2,1,0,2,3,0,-1,3,2,1,2,0,2,0,2,2,-1,-1,-1,3,2,-1,1,1,-1,3,-1,-1,-1,3,2,3,1,2,1,1,0,-1,0,3,-1,3,-1,1,3,-1,2,-1,0,3,2,-1,0,1,-1,-1,1,2
3999.8264685,2,2,1,1,3,2,-1,2,3,-1,1,2,2,3,1,0,0,3,0,0,1,0,-1,-1,-1,1,1,1,1,0,3,2,-1,2,3,0,3,2,1,0,2,0,-1,-1,1,0,2,-1,-1,2,0,3,-1,3,1,2,2,3,2,0,2,1,-1,0,0,2,1,1,3,0,0,1,1,-1,-1,1,0,1,2,0,-1,3,1,-1,0,2,3,0,1,-1
3726.11599253,2,1,2,0,2,3,0,-1,0,2,3,0,1,1,-1,0,1,1,3,1,-1,3,1,-1,3,1,2,1,3,2,3,2,0,0,2,0,0,3,1,1,1,2,0,1,2,-1,-1,3,-1,1,-1,3,3,2,-1,1,-1,2,2,-1,2,-1,3,1,1,2,0,-1,-1,-1,3,0,2,0,0,1,2,2,1,2,-1,3,0,-1,1,0,3,-1,0,3
3950.37457578,3,1,1,0,2,0,3,2,3,-1,2,0,2,3,2,0,3,0,2,0,1,2,0,2,2,1,2,1,0,2,0,1,1,3,-1,2,1,0,0,-1,3,2,2,1,0,3,1,3,2,-1,-1,-1,3,-1,-1,-1,-1,1,3,0,-1,0,1,-1,1,-1,3,0,3,2,3,-1,-1,-1,0,1,2,3,1,0,3,-1,2,1,2,1,3,1,1,2
3961.10831994,-1,3,1,3,2,2,1,-1,1,2,1,1,3,1,-1,2,3,3,1,2,2,1,0,0,-1,2,2,0,0,0,-1,0,1,1,1,-1,0,0,2,0,2,3,0,1,1,-1,-1,0,2,2,3,3,3,3,3,0,-1,3,0,2,2,1,1,1,1,0,3,3,3,3,3,-1,0,2,3,-1,0,1,3,2,1,-1,-1,1,3,2,1,0,-1,3
3829.23660603,3,2,1,0,-1,0,-1,1,-1,2,1,1,3,2,0,0,-1,1,2,-1,2,0,3,2,-1,-1,3,2,-1,1,3,1,1,0,3,1,3,2,-1,2,3,0,1,2,2,3,3,-1,1,2,1,0,-1,-1,1,0,0,0,0,1,2,-1,0,-1,0,1,3,2,1,3,2,2,1,2,0,0,-1,3,1,0,-1,1,-1,2,2,3,2,3,1,1
3800.86885361,1,1,2,2,-1,2,3,-1,-1,1,0,1,-1,3,0,1,0,0,-1,0,2,2,3,2,1,3,3,1,1,3,0,1,0,2,3,2,3,3,0,-1,-1,1,3,-1,3,2,1,3,1,2,2,1,-1,0,0,2,2,-1,0,3,1,0,-1,-1,2,2,-1,-1,1,2,0,1,2,0,1,0,-1,2,1,2,1,-1,0,-1,3,0,-1,-1,2,0
3831.53669406,1,0,-1,3,2,1,3,2,2,3,2,1,-1,0,-1,1,2,1,0,-1,1,0,-1,0,1,0,1,0,0,0,-1,-1,1,1,3,-1,-1,3,3,1,-1,3,3,1,0,3,1,1,1,1,2,2,-1,-1,2,2,2,2,3,3,2,2,1,1,3,1,0,2,0,-1,0,0,0,3,3,2,-1,0,2,0,1,3,2,-1,0,2,3,1,3,2
3805.46902968,2,0,2,3,3,0,1,3,0,-1,0,0,1,3,0,2,1,2,3,1,-1,2,-1,0,0,3,1,1,3,-1,0,-1,2,1,2,-1,-1,3,3,2,2,2,2,-1,1,-1,3,-1,3,3,0,2,3,0,1,-1,-1,3,0,2,0,2,3,2,3,0,0,0,-1,2,1,3,-1,1,2,1,1,1,1,1,2,2,3,0,0,1,-1,2,0,2
4030.49430895,-1,-1,-1,0,0,0,2,1,3,3,0,0,1,1,-1,0,3,2,0,1,1,1,2,-1,0,3,-1,-1,1,0,2,3,-1,2,0,3,2,0,0,2,3,3,3,3,1,-1,2,0,3,2,-1,2,0,2,-1,0,3,0,0,2,3,2,2,0,2,1,0,3,1,1,-1,2,-1,1,2,2,1,1,1,0,1,1,-1,2,1,1,3,1,2,1
3947.30779174,2,0,1,1,0,0,3,1,-1,1,3,2,0,0,-1,-1,2,1,3,-1,0,0,0,0,0,3,3,3,0,0,-1,2,1,1,-1,-1,2,2,2,-1,2,0,3,3,3,1,2,2,3,-1,0,2,2,0,1,3,3,3,0,1,-1,2,3,1,2,1,1,1,2,2,1,-1,1,3,-1,0,1,0,1,1,0,-1,3,2,0,1,2,-1,2,2
3856.07096641,1,-1,-1,0,1,-1,0,-1,1,0,3,0,2,1,3,2,-1,1,0,2,2,1,-1,0,2,0,3,-1,1,3,-1,-1,0,1,0,2,2,0,1,2,1,1,0,3,1,-1,1,-1,2,1,2,1,3,2,1,1,2,1,0,3,-1,3,2,3,3,1,3,-1,0,2,0,2,1,-1,2,2,0,3,3,-1,0,3,2,2,-1,0,3,0,0,0
3505.69088933,3,1,-1,1,2,-1,2,-1,-1,0,2,0,2,2,2,2,3,1,3,2,3,0,-1,1,1,2,3,0,-1,1,-1,0,1,1,0,3,0,-1,1,-1,1,-1,-1,0,2,1,1,-1,0,1,2,-1,2,3,0,-1,1,3,2,-1,1,-1,0,-1,2,0,1,-1,0,0,0,-1,2,1,-1,2,0,3,2,2,3,0,3,-1,2,2,3,-1,-1,-1
3944.6243557,1,1,1,3,1,0,3,1,3,2,2,2,3,2,-1,3,2,0,2,2,0,0,-1,0,1,3,1,0,0,0,0,2,-1,2,1,2,-1,3,-1,3,3,3,2,0,0,-1,-1,-1,-1,2,1,-1,1,1,2,3,3,1,2,0,0,3,1,0,2,-1,0,0,-1,2,2,3,-1,1,2,1,1,3,0,1,0,3,-1,-1,0,0,1,2,3,2
3785.53493339,1,2,0,3,-1,0,0,3,0,-1,1,0,-1,3,2,1,1,2,0,0,-1,1,2,1,0,2,1,1,0,1,2,-1,-1,-1,1,2,3,-1,2,0,3,-1,-1,-1,-1,3,0,3,1,-1,2,0,0,2,3,1,0,3,2,3,-1,0,-1,3,1,2,0,1,1,2,0,-1,0,-1,1,-1,2,2,1,2,1,3,3,1,1,-1,2,0,1,2
3918.55669132,-1,3,2,1,3,3,0,1,0,0,0,3,3,2,1,3,0,0,0,-1,-1,-1,2,2,3,3,2,1,3,3,1,0,1,1,1,-1,2,1,-1,3,0,2,1,1,3,-1,1,-1,2,1,0,-1,2,0,-1,2,0,2,0,3,-1,3,2,3,3,1,-1,0,0,-1,1,3,2,2,1,0,-1,1,2,2,2,2,-1,0,3,-1,2,0,1,3
3869.48814661,1,0,-1,1,1,1,1,-1,0,3,1,3,1,1,2,-1,3,2,0,2,2,-1,-1,2,-1,0,3,0,-1,2,3,3,3,-1,3,0,0,3,0,-1,-1,1,2,1,0,1,0,-1,-1,2,0,3,3,0,2,3,3,0,0,3,3,1,2,3,0,1,3,0,1,2,2,0,1,-1,1,1,2,0,1,2,2,3,2,2,2,-1,-1,-1,1,-1
3795.88532954,1,1,1,1,2,3,2,3,-1,1,1,3,2,2,3,1,3,2,3,0,0,2,0,1,2,2,-1,-1,3,1,2,3,1,2,0,1,-1,0,3,1,0,2,1,2,-1,0,0,3,1,-1,1,-1,0,3,0,2,0,-1,1,-1,3,-1,2,0,2,1,1,1,3,2,0,-1,0,-1,3,0,2,0,3,1,3,-1,-1,-1,2,2,-1,-1,2,0
3961.87501595,3,1,-1,1,0,-1,-1,2,1,0,1,1,0,0,3,2,3,1,3,3,2,-1,-1,0,-1,2,0,2,2,0,-1,1,1,2,1,2,2,0,1,-1,0,-1,0,2,-1,-1,2,2,0,1,-1,1,3,3,-1,1,2,0,2,0,0,1,-1,2,0,-1,2,-1,2,1,0,2,2,1,1,3,0,1,0,1,2,-1,3,3,-1,3,1,0,1,3
3829.61995403,1,-1,0,2,0,2,2,1,2,-1,-1,3,2,3,2,1,0,2,0,0,3,1,0,0,1,3,1,1,2,-1,-1,3,-1,-1,-1,-1,-1,2,1,1,0,0,0,2,1,3,0,2,-1,-1,-1,3,0,2,-1,0,-1,0,0,1,3,2,0,0,0,1,2,1,-1,3,1,1,1,3,2,3,2,-1,0,-1,2,3,1,1,2,-1,1,-1,3,3
3909.35633919,3,0,-1,1,0,2,2,3,0,0,0,2,1,-1,-1,2,-1,2,0,2,0,2,0,1,2,3,3,-1,3,3,-1,-1,1,3,1,-1,1,0,2,0,2,3,3,-1,1,1,1,2,2,3,0,-1,2,-1,-1,2,3,3,1,1,1,-1,3,0,0,1,2,2,0,2,3,3,0,1,-1,0,1,1,-1,1,3,3,0,0,3,1,1,0,-1,-1
3934.27395955,-1,2,1,0,3,2,1,-1,0,1,2,2,2,2,1,-1,1,0,2,1,-1,1,0,1,1,1,3,3,1,0,0,2,0,-1,-1,3,-1,1,2,-1,-1,3,2,0,2,0,0,2,1,2,1,0,0,-1,3,-1,-1,-1,3,0,2,3,3,2,1,3,-1,0,0,3,2,1,3,-1,2,3,0,0,-1,0,3,2,1,3,2,-1,0,3,3,0
3912.03977523,0,1,-1,1,2,3,-1,0,2,3,1,0,0,2,3,3,2,1,1,2,-1,3,2,2,-1,0,3,-1,0,-1,-1,2,3,-1,0,1,0,3,2,-1,3,2,-1,0,2,1,0,0,3,0,1,1,1,1,1,0,-1,2,2,2,0,3,0,2,-1,-1,0,0,1,0,3,2,1,-1,0,1,2,-1,-1,1,3,3,1,1,3,-1,1,2,2,2
3884.05537082,-1,0,2,-1,0,1,-1,-1,3,3,2,1,-1,2,3,0,-1,3,1,3,3,1,0,1,0,3,3,2,2,-1,0,-1,0,-1,1,0,1,1,0,1,-1,0,2,2,2,0,0,2,-1,1,2,-1,1,0,1,2,-1,3,3,-1,1,1,0,2,2,1,1,3,2,1,3,0,0,0,-1,2,3,1,3,-1,3,0,1,3,2,2,1,2,3,2
4149.71553868,-1,1,2,3,1,2,1,1,0,-1,1,2,0,3,2,0,2,0,2,-1,3,3,-1,0,3,2,-1,2,2,3,3,0,3,3,3,3,0,0,1,-1,2,3,1,0,0,1,3,1,3,1,0,2,-1,2,1,-1,-1,0,0,3,2,2,2,1,3,3,1,0,2,0,1,0,0,1,-1,1,2,2,1,2,0,0,0,2,3,-1,1,0,3,1
4000.97651252,2,0,-1,0,3,2,1,1,0,0,0,3,0,3,3,3,0,2,0,1,1,-1,1,-1,1,3,-1,0,1,2,3,-1,2,-1,-1,1,2,2,1,-1,3,0,2,3,0,-1,1,-1,2,1,-1,0,-1,2,2,2,1,0,0,3,-1,1,1,1,3,3,2,2,-1,2,2,3,0,2,1,0,1,0,2,0,2,3,1,3,3,0,2,-1,3,3
3794.73528552,2,-1,0,2,3,-1,1,2,-1,0,-1,0,3,-1,0,-1,0,-1,0,0,-1,-1,1,0,-1,-1,2,-1,3,3,1,1,2,0,1,3,0,1,1,2,1,0,2,2,2,2,2,2,1,1,0,1,-1,1,3,0,3,-1,3,3,2,3,-1,1,3,0,0,0,3,0,2,2,-1,2,2,0,2,0,0,-1,2,1,0,1,2,1,1,1,-1,2
3735.69969267,-1,2,2,1,-1,-1,1,3,0,1,1,0,0,2,1,0,-1,-1,1,3,2,3,0,3,-1,2,2,3,1,-1,2,1,3,-1,-1,1,3,3,2,1,-1,-1,0,3,-1,0,2,0,0,2,0,3,0,-1,3,-1,0,3,-1,3,-1,-1,2,0,3,-1,0,-1,2,2,-1,1,0,2,3,2,2,0,2,0,0,-1,1,0,2,1,2,3,2,0
3935.04065556,1,2,-1,1,-1,2,0,0,3,1,2,-1,0,3,0,3,2,2,1,0,1,2,3,0,1,0,3,3,0,3,1,2,-1,1,3,-1,-1,-1,1,3,-1,2,2,2,0,1,3,-1,-1,1,1,-1,2,1,1,0,-1,2,2,2,-1,3,-1,-1,3,2,0,3,1,0,0,3,2,3,3,0,0,3,1,2,0,2,0,0,0,1,2,2,2,1
3928.90708747,3,1,2,1,0,3,2,-1,0,3,1,0,-1,-1,3,1,1,1,-1,3,-1,2,3,1,2,0,3,1,1,1,3,1,0,-1,1,-1,-1,0,0,3,1,2,0,0,-1,2,-1,2,1,3,0,2,3,3,-1,-1,-1,1,2,-1,2,0,2,3,0,1,2,2,1,2,0,0,-1,-1,2,-1,2,0,0,0,0,3,3,0,-1,3,1,1,0,1
3764.45079308,3,0,3,1,1,3,2,0,1,0,3,0,-1,2,1,1,1,3,2,3,0,0,2,1,1,-1,0,0,3,3,0,2,1,2,2,2,-1,-1,0,3,2,3,0,0,-1,2,0,2,1,3,1,2,-1,3,0,1,2,0,0,3,3,-1,2,2,2,-1,0,1,3,3,1,3,-1,1,-1,1,-1,2,2,-1,-1,0,0,-1,-1,1,1,3,1,-1
3889.4222429,0,-1,1,1,0,2,1,1,3,1,1,2,2,3,2,-1,3,2,3,0,3,-1,0,1,3,-1,-1,3,2,2,2,2,1,0,2,1,2,2,1,2,1,-1,0,1,3,0,0,0,0,0,2,-1,3,-1,1,3,3,-1,2,1,3,1,0,-1,1,2,0,-1,1,2,3,3,0,3,2,3,3,0,2,2,2,-1,0,3,-1,-1,3,0,0,1
4056.17862532,1,2,2,2,0,3,3,2,-1,-1,0,-1,-1,0,3,3,1,0,1,-1,0,2,0,2,2,0,-1,0,2,1,0,-1,2,3,2,2,2,3,2,-1,1,3,0,-1,0,1,3,-1,1,0,0,2,1,3,0,0,3,1,2,1,0,-1,0,3,3,1,2,1,2,0,1,0,1,3,1,3,-1,1,3,0,3,1,3,0,3,1,3,-1,3,2
4136.68170649,-1,1,2,0,0,3,-1,2,2,0,1,2,2,1,2,3,2,2,0,1,0,-1,2,2,1,0,1,1,-1,0,-1,-1,1,0,2,1,3,3,1,-1,1,0,0,1,3,0,-1,3,-1,0,1,2,0,-1,3,1,1,1,3,3,2,1,0,-1,-1,2,2,3,1,3,1,0,0,3,2,2,3,-1,0,-1,2,0,3,0,0,3,2,2,1,-1
3801.63554962,-1,0,0,2,1,2,-1,3,0,2,2,0,2,-1,-1,1,0,1,2,3,0,-1,-1,1,3,3,-1,0,1,1,0,-1,0,3,0,3,1,2,0,-1,2,0,2,3,2,2,1,1,3,-1,3,-1,1,1,-1,-1,1,2,1,2,0,3,1,0,2,3,2,-1,-1,1,-1,1,0,1,-1,3,0,3,2,1,3,2,1,3,3,0,2,1,0,2
3703.11511219,0,1,2,1,0,3,1,3,2,-1,0,2,1,2,2,3,3,0,-1,3,3,1,3,1,0,1,0,0,-1,-1,2,2,1,2,-1,-1,3,0,2,1,1,-1,1,1,1,2,1,-1,-1,-1,2,3,2,-1,1,-1,3,3,2,2,-1,2,1,1,3,1,-1,3,1,3,3,-1,2,2,1,3,-1,2,1,3,3,-1,0,0,2,2,0,3,1,-1
3886.35545885,0,2,0,3,2,0,3,1,1,-1,2,3,1,0,2,0,3,1,2,-1,1,-1,0,2,3,0,1,-1,-1,1,1,0,2,0,2,-1,2,0,-1,-1,1,2,2,-1,3,0,3,1,2,2,0,-1,1,3,1,3,3,0,3,1,0,1,2,2,0,2,3,1,3,2,2,-1,-1,3,-1,1,2,2,-1,1,2,0,-1,0,1,-1,0,-1,-1,1
4023.97739285,1,1,3,1,1,3,1,3,-1,0,-1,3,1,0,1,0,2,2,1,0,2,2,1,0,1,3,-1,-1,0,2,2,1,-1,1,-1,2,0,0,3,1,3,0,2,3,0,0,0,-1,1,3,0,0,1,-1,3,2,0,0,0,-1,-1,2,2,2,1,0,3,3,2,0,3,3,2,2,-1,2,2,2,3,-1,2,1,3,0,1,2,1,3,3,2
3981.80911224,3,3,1,-1,-1,1,-1,-1,0,2,1,0,1,3,-1,0,2,1,2,2,3,-1,1,3,-1,-1,3,2,-1,1,-1,0,-1,1,2,2,1,0,-1,1,3,0,0,3,1,0,1,0,2,2,2,0,1,0,2,3,3,3,1,2,0,0,2,-1,-1,0,1,-1,1,2,3,0,2,2,0,3,0,1,1,3,0,1,2,2,-1,2,1,0,-1,-1
3863.73792653,3,1,3,0,0,-1,3,3,3,2,0,0,2,1,3,0,-1,0,-1,2,-1,3,3,2,3,3,3,0,2,1,1,-1,2,0,0,-1,2,-1,3,0,-1,1,0,0,2,1,3,1,1,1,3,1,1,-1,3,1,0,2,0,1,-1,2,3,1,0,0,1,1,-1,0,2,2,2,1,1,-1,3,-1,2,3,2,2,0,2,1,-1,0,2,-1,2
4105.24717003,-1,0,1,2,0,-1,2,2,3,2,0,1,2,3,1,2,2,-1,2,3,0,0,2,0,0,3,3,3,1,-1,0,-1,3,-1,3,3,1,1,1,-1,0,1,2,1,3,3,3,2,2,3,0,-1,1,-1,-1,2,1,3,0,1,-1,1,2,-1,0,3,0,1,2,0,1,3,0,1,2,3,1,1,1,0,0,-1,-1,0,0,0,2,2,-1,2
3669.76383571,2,1,2,3,1,3,3,2,0,-1,1,3,0,0,2,0,2,3,1,-1,3,3,2,3,2,2,1,3,-1,2,0,-1,2,3,2,1,1,2,0,3,3,0,1,-1,-1,-1,-1,3,0,1,1,1,-1,1,1,3,-1,3,-1,0,2,1,1,0,1,0,0,0,0,-1,-1,0,3,-1,-1,2,3,0,3,-1,2,-1,3,0,2,-1,1,1,2,2
3747.20013283,0,0,-1,1,3,1,3,-1,-1,1,2,3,0,-1,1,-1,2,1,0,-1,2,0,1,3,0,0,0,-1,0,2,-1,-1,-1,-1,0,2,0,0,-1,-1,-1,1,0,1,0,2,3,1,2,-1,3,3,-1,1,2,-1,2,0,2,2,2,1,1,1,3,0,2,1,1,3,1,3,1,-1,0,-1,1,0,2,-1,2,1,3,1,2,1,2,-1,-1,2
3894.40576697,2,3,1,2,-1,2,3,2,2,2,3,1,1,1,3,1,0,1,3,-1,-1,2,1,0,2,3,-1,1,0,0,3,0,0,0,0,2,2,-1,-1,1,2,-1,2,-1,0,0,-1,0,1,3,1,3,-1,2,2,-1,0,3,0,2,-1,3,2,3,3,-1,0,1,1,1,-1,2,2,1,3,-1,-1,1,0,0,0,0,3,2,1,0,3,1,0,1
4036.62787703,3,0,3,1,0,1,3,1,2,3,-1,1,3,0,2,0,3,1,2,1,1,-1,2,2,3,2,0,2,2,1,-1,1,-1,0,3,1,3,2,0,1,3,0,1,-1,0,0,2,-1,-1,1,2,1,1,-1,0,-1,3,3,3,-1,3,0,-1,3,0,3,0,2,2,1,0,2,0,2,-1,2,2,3,1,2,0,1,0,-1,0,1,0,3,1,0
3703.11511219,-1,1,0,3,-1,3,3,0,2,3,0,2,1,0,1,-1,3,1,-1,1,2,-1,0,2,1,3,0,2,1,1,2,1,0,1,1,1,3,-1,-1,2,2,1,0,-1,2,-1,1,3,-1,3,1,0,0,-1,-1,0,1,1,0,2,1,3,-1,-1,2,0,-1,2,0,0,2,0,3,-1,-1,1,-1,-1,-1,0,2,0,-1,-1,-1,3,3,-1,2,3
4017.07712875,-1,0,3,1,2,3,0,-1,0,1,3,3,-1,0,1,2,0,1,1,3,-1,-1,0,2,3,1,3,0,-1,0,1,2,2,2,0,0,1,0,1,1,2,2,0,2,0,-1,2,2,-1,1,1,2,0,-1,2,1,3,3,0,1,1,3,3,3,0,0,-1,1,-1,0,0,-1,3,2,3,2,3,-1,3,2,3,2,-1,3,3,3,1,2,2,2
3892.10567894,0,2,1,1,0,1,3,2,3,3,1,-1,0,2,2,-1,3,0,0,-1,2,0,-1,-1,3,1,2,3,3,2,1,2,3,1,1,0,2,3,3,-1,2,2,1,-1,3,0,2,-1,-1,-1,0,-1,1,0,0,2,-1,2,0,1,2,1,1,3,2,2,0,3,0,2,0,-1,3,-1,3,1,1,1,-1,1,3,0,3,0,3,0,2,1,1,3
3454.32225658,3,-1,2,0,1,0,-1,-1,3,3,3,0,2,3,0,2,3,-1,-1,-1,2,-1,3,1,0,3,0,-1,2,0,-1,0,2,-1,-1,-1,1,2,3,1,2,1,-1,0,-1,2,0,3,0,1,1,-1,2,-1,0,-1,1,1,2,1,0,1,2,2,3,3,1,2,2,1,-1,1,-1,2,2,0,-1,-1,-1,0,1,1,3,-1,3,2,3,1,0,0
4166.58285092,2,1,0,3,3,2,3,1,1,2,3,3,-1,0,2,0,3,0,-1,3,0,0,0,3,1,-1,0,1,3,2,-1,0,1,1,1,2,2,-1,1,1,0,-1,2,1,2,3,3,1,2,0,3,3,1,0,2,0,1,0,2,1,0,-1,1,-1,0,-1,-1,2,2,2,2,1,0,3,2,1,0,0,3,-1,2,-1,3,1,1,0,2,-1,2,3
4216.03474364,3,-1,1,1,2,1,0,3,3,1,0,2,2,2,2,2,2,0,3,1,0,1,0,1,2,2,-1,1,3,3,3,0,2,0,-1,0,1,0,-1,1,3,1,2,2,0,0,2,0,3,2,-1,3,0,1,0,3,2,1,2,1,-1,0,3,0,3,-1,1,2,1,1,2,0,2,-1,3,2,-1,-1,1,1,3,3,2,0,1,0,0,-1,-1,-1
3811.60259777,1,-1,-1,-1,2,0,2,-1,2,-1,2,1,2,2,0,2,3,1,1,1,3,1,3,-1,2,0,0,3,3,1,0,2,2,3,2,2,-1,0,-1,3,3,2,3,1,3,3,2,2,2,-1,1,0,2,1,3,2,3,-1,1,1,0,2,3,0,-1,3,0,0,0,0,3,0,1,0,-1,0,2,1,1,-1,1,1,-1,0,3,1,1,-1,2,1
3889.03889489,-1,-1,1,0,2,1,0,1,-1,2,0,2,3,3,2,0,1,2,0,1,3,3,-1,2,2,-1,1,3,3,1,1,2,-1,2,2,-1,0,2,-1,0,2,2,1,2,1,0,-1,0,-1,3,0,3,0,0,3,2,2,3,3,3,2,0,2,3,3,0,0,0,2,0,1,3,3,1,1,1,3,3,3,-1,-1,3,0,2,-1,0,0,1,2,-1
3893.63907096,1,-1,0,0,3,2,1,3,3,3,3,1,-1,-1,-1,0,-1,3,2,0,2,2,1,0,1,0,0,1,1,2,2,0,0,1,-1,0,3,0,2,1,1,3,2,0,0,0,1,3,3,-1,-1,3,0,-1,1,3,0,1,1,-1,0,-1,2,3,-1,0,2,2,3,2,-1,2,1,2,1,-1,-1,3,-1,1,3,-1,1,2,0,0,-1,2,1,2
3675.51405579,2,2,3,1,2,1,-1,2,3,3,-1,0,-1,1,2,3,3,0,1,0,0,0,0,3,0,1,-1,1,0,3,2,2,2,3,3,3,1,-1,-1,3,-1,0,3,-1,3,2,1,3,0,1,2,-1,0,-1,-1,0,2,3,2,2,2,-1,0,-1,-1,1,-1,0,0,2,3,0,0,0,3,-1,-1,0,2,-1,3,3,1,2,-1,2,1,1,1,3
3864.50462254,3,0,-1,-1,1,0,3,1,0,0,1,0,1,2,1,1,1,-1,-1,3,-1,3,2,1,-1,-1,-1,0,3,3,3,2,0,0,-1,2,2,1,1,2,0,1,0,1,3,1,-1,-1,0,1,2,-1,2,0,-1,3,-1,2,3,2,3,2,-1,3,3,2,3,2,-1,2,2,3,0,0,3,1,1,1,0,2,3,3,3,0,0,2,2,2,1,0
3839.20365417,-1,2,2,2,1,1,0,3,3,-1,1,0,1,1,1,2,2,0,2,3,-1,-1,3,2,3,0,2,0,3,2,1,-1,3,-1,1,0,0,0,0,-1,-1,2,1,0,-1,2,3,1,3,2,2,1,-1,1,0,1,0,-1,3,1,3,0,-1,0,3,-1,2,3,-1,0,2,2,1,3,-1,1,1,-1,2,0,2,1,0,3,1,-1,3,0,-1,0
4120.19774225,-1,3,3,-1,-1,0,1,1,0,0,1,0,3,1,2,2,1,0,-1,-1,3,2,3,2,1,1,2,2,0,3,0,-1,3,0,1,0,2,2,0,3,0,2,3,-1,0,-1,2,2,1,3,-1,3,3,2,1,1,0,1,0,1,1,2,1,0,1,2,-1,0,0,3,-1,-1,0,2,2,1,2,1,0,3,0,3,1,-1,2,3,3,2,2,2
3877.92180273,1,2,3,3,3,0,1,-1,0,2,-1,2,0,3,0,2,3,1,3,2,3,-1,0,2,-1,1,0,3,3,2,2,1,1,2,0,1,2,-1,3,-1,2,3,1,1,-1,2,-1,1,2,0,0,1,0,0,1,2,-1,-1,-1,-1,-1,1,3,3,1,3,3,3,2,0,0,-1,3,1,-1,2,2,3,1,1,0,0,1,0,1,-1,1,0,0,3
3899.77263905,2,0,2,3,2,-1,1,3,0,3,0,2,-1,0,2,-1,1,0,2,0,1,3,3,1,-1,-1,1,1,3,-1,-1,-1,-1,0,-1,0,1,3,-1,-1,0,2,-1,0,1,1,2,1,0,2,0,2,1,2,-1,-1,0,1,-1,1,-1,0,2,3,2,-1,2,1,1,1,0,-1,2,0,-1,0,-1,3,2,-1,0,2,1,3,2,1,0,0,1,2
3810.45255375,-1,3,3,-1,0,-1,1,2,2,-1,-1,3,3,1,1,3,2,1,1,0,3,2,2,2,0,3,3,-1,-1,0,3,1,0,0,3,0,2,2,1,-1,2,0,3,2,2,-1,1,2,3,-1,2,2,0,1,0,1,1,3,0,3,2,2,2,2,-1,1,2,0,3,3,-1,-1,0,0,2,-1,0,1,1,-1,3,1,2,0,1,1,1,3,3,0
3991.77616038,0,1,3,-1,0,2,2,2,3,1,3,1,3,-1,-1,3,2,2,1,0,2,0,1,1,0,2,0,3,2,0,2,0,0,-1,-1,2,-1,-1,-1,2,2,0,0,1,1,-1,0,3,1,-1,0,3,3,1,3,3,0,1,-1,3,3,3,1,1,2,-1,1,1,2,3,1,3,0,2,2,0,1,2,0,0,0,-1,2,2,1,1,3,3,0,0
3880.60523877,-1,0,-1,1,1,3,2,2,-1,1,-1,3,1,3,0,0,0,2,2,-1,-1,0,0,-1,2,0,1,-1,2,2,2,-1,2,1,1,0,0,2,0,1,1,0,0,-1,2,1,1,2,2,-1,0,2,0,-1,3,1,0,1,-1,3,0,3,-1,2,3,-1,2,0,3,1,1,2,0,2,2,-1,-1,0,-1,0,1,3,1,3,3,1,1,1,3,3
3767.90092514,-1,1,0,0,-1,1,-1,2,0,3,3,-1,-1,2,3,0,2,1,2,2,1,3,-1,3,-1,1,2,-1,0,1,-1,1,1,1,2,-1,-1,1,2,0,3,-1,2,3,1,2,3,3,0,1,0,2,1,0,-1,0,2,0,0,2,-1,0,3,0,3,1,2,0,1,3,1,2,3,3,2,-1,2,-1,2,3,3,3,1,-1,1,3,-1,0,0,2
3832.68673808,2,-1,2,1,1,1,1,0,-1,-1,0,2,2,1,0,1,1,1,0,3,2,2,1,2,0,-1,0,-1,3,2,2,-1,0,3,0,-1,3,-1,3,3,2,-1,3,2,0,-1,3,3,2,0,1,2,1,1,3,0,0,1,-1,1,2,0,0,3,0,2,3,-1,2,3,1,1,0,3,3,3,-1,2,2,1,3,0,3,2,1,1,2,1,-1,3
3928.14039146,-1,2,0,-1,1,2,0,-1,1,3,0,1,-1,-1,-1,1,1,2,1,1,2,0,1,0,2,0,-1,0,1,2,3,-1,1,-1,0,0,3,2,3,3,-1,2,1,1,3,2,2,2,-1,3,0,1,3,3,2,0,-1,2,3,-1,2,3,1,-1,2,3,1,2,0,0,3,0,2,0,0,0,-1,1,-1,-1,1,-1,1,1,0,1,0,3,2,2
3913.57316725,-1,1,3,1,-1,1,3,-1,2,-1,0,1,1,-1,-1,1,-1,0,2,0,-1,0,2,-1,3,0,0,-1,-1,2,0,2,0,2,3,2,-1,0,3,1,2,-1,3,1,1,3,-1,0,0,1,0,1,3,3,1,2,-1,0,3,1,2,3,-1,0,0,1,0,3,0,1,0,2,3,2,2,1,3,2,2,3,2,3,0,1,2,2,1,2,-1,1
3752.18365691,0,0,0,1,3,3,3,3,0,1,2,2,-1,3,1,-1,1,0,2,-1,1,1,3,1,1,3,0,-1,2,2,0,3,-1,3,1,2,-1,-1,2,0,-1,1,3,-1,-1,1,-1,0,2,2,0,2,2,3,-1,-1,1,1,3,1,3,0,0,-1,0,2,0,0,1,1,2,0,-1,2,1,-1,-1,2,-1,2,-1,0,3,1,2,2,1,0,0,-1
4055.79527731,3,-1,0,-1,3,2,3,0,2,3,-1,0,-1,1,2,1,0,-1,1,3,1,-1,-1,1,0,1,0,2,2,2,2,3,1,1,0,3,1,3,3,1,0,3,-1,0,1,0,-1,3,2,2,2,0,0,-1,2,-1,1,3,3,2,0,2,3,0,-1,1,2,1,0,3,0,-1,2,-1,1,1,3,0,2,2,0,1,0,1,0,2,3,1,2,1
3914.33986326,-1,0,0,1,-1,2,0,1,3,3,1,1,2,2,2,0,-1,3,1,2,0,1,0,1,2,1,-1,3,-1,0,0,-1,3,-1,3,0,3,3,3,1,-1,1,0,-1,2,-1,-1,1,3,2,0,3,1,-1,0,-1,1,2,1,0,-1,3,1,2,1,1,-1,0,2,1,0,0,1,-1,2,1,2,2,3,3,3,-1,2,0,0,-1,0,3,-1,2
3815.05272982,2,-1,0,1,0,0,-1,1,2,0,0,2,-1,3,2,3,1,-1,0,3,3,0,-1,3,2,3,-1,3,-1,1,0,0,3,0,-1,0,-1,1,3,-1,3,1,3,0,0,-1,2,1,1,2,1,2,2,2,3,3,3,1,2,0,3,0,3,0,2,1,1,0,-1,3,0,-1,1,-1,2,0,1,0,0,-1,2,-1,3,2,3,2,3,1,-1,2
4126.71465834,-1,2,3,0,-1,3,2,1,2,0,1,1,2,3,1,1,2,3,0,1,2,3,3,2,3,3,2,-1,0,-1,1,1,2,0,2,1,0,1,-1,3,-1,2,1,1,2,0,3,2,-1,1,0,2,2,-1,1,0,-1,0,1,0,1,2,2,0,0,0,-1,2,1,1,0,3,-1,3,1,-1,3,2,0,2,2,0,1,0,-1,-1,-1,3,0,-1
4006.3433846,1,2,1,0,3,3,-1,0,0,0,0,3,1,-1,-1,2,-1,1,3,1,1,0,-1,0,1,1,0,3,2,2,3,0,3,3,2,1,1,0,3,1,1,2,0,-1,2,2,0,0,0,3,0,3,2,3,1,1,2,2,2,0,2,0,-1,2,-1,1,0,2,1,2,-1,3,-1,3,-1,-1,1,-1,0,-1,2,0,-1,1,1,2,3,3,1,-1
3941.17422365,0,3,0,1,1,-1,2,-1,2,-1,1,3,1,1,3,3,1,2,1,-1,2,0,0,1,0,1,1,2,1,-1,0,-1,2,2,2,2,2,2,0,0,-1,0,3,2,1,3,1,-1,3,0,0,-1,0,1,-1,1,0,3,3,1,3,3,3,3,2,3,-1,-1,0,-1,2,-1,1,-1,3,1,0,-1,1,3,2,0,0,2,2,1,0,0,2,2
3920.47343135,1,3,-1,3,1,0,-1,1,3,0,2,0,1,0,-1,1,3,0,-1,-1,-1,-1,1,-1,0,2,1,2,-1,-1,0,1,2,3,2,3,3,3,0,2,1,2,2,3,1,2,-1,-1,1,2,0,-1,2,1,3,0,-1,3,2,-1,2,1,2,3,2,1,3,3,0,3,0,0,1,2,1,1,3,1,2,1,3,0,2,0,0,0,0,-1,-1,2
3780.55140932,3,2,1,0,1,-1,-1,1,0,2,0,-1,0,2,-1,-1,-1,3,2,0,2,1,2,0,-1,2,3,2,-1,-1,-1,0,1,-1,0,2,0,3,3,3,1,3,-1,2,2,3,-1,-1,-1,1,0,-1,2,-1,-1,-1,2,1,2,1,0,2,1,2,-1,1,2,-1,0,3,1,2,1,2,0,3,-1,2,0,0,-1,0,3,3,0,0,0,1,1,0
3894.78911498,3,-1,1,3,-1,2,1,0,3,-1,2,-1,1,3,3,1,1,0,1,2,1,3,1,3,-1,-1,3,1,2,2,1,1,0,0,2,0,0,2,2,0,3,2,0,0,1,2,0,0,3,-1,2,0,0,2,-1,0,1,2,-1,-1,2,1,3,2,2,3,0,3,-1,1,0,0,2,3,-1,-1,3,1,-1,3,0,1,1,3,0,-1,2,2,-1,0
3949.60787977,-1,0,3,0,2,1,-1,2,0,1,1,2,2,-1,1,2,-1,3,3,-1,0,-1,2,2,3,0,-1,0,2,-1,2,3,-1,3,0,1,-1,2,1,2,3,-1,3,3,3,3,1,2,0,1,0,1,0,0,0,2,-1,1,1,-1,0,2,3,2,0,0,2,3,-1,1,-1,3,2,2,1,1,1,0,2,2,0,-1,-1,1,-1,0,1,0,1,1
3972.99210811,1,0,1,2,1,0,2,2,-1,0,0,2,3,0,-1,2,1,2,-1,1,3,3,2,-1,1,-1,-1,-1,-1,2,0,3,1,1,0,0,2,3,2,2,-1,1,1,3,3,0,3,-1,-1,1,3,2,2,3,1,3,3,-1,1,3,0,1,0,0,1,0,0,1,1,-1,2,0,3,-1,0,0,2,1,1,0,3,2,2,1,-1,0,1,3,2,3
4115.21421817,-1,-1,0,-1,2,3,1,1,3,1,2,1,3,-1,1,0,1,1,2,1,2,2,3,-1,0,0,1,0,0,3,1,1,1,-1,3,2,-1,0,0,2,-1,0,0,3,3,0,0,3,2,0,3,3,0,-1,0,3,3,2,3,1,3,0,-1,1,3,0,1,-1,0,-1,2,-1,1,0,1,2,1,3,2,2,2,3,2,3,1,1,0,2,2,-1
3838.43695816,3,1,1,0,2,2,1,0,0,0,3,1,2,-1,-1,0,3,0,-1,1,2,0,-1,1,0,3,2,1,1,3,3,0,2,0,1,-1,2,-1,3,3,0,3,2,3,-1,-1,2,-1,2,-1,2,0,0,1,-1,2,-1,2,-1,-1,2,0,0,1,-1,2,-1,0,3,2,3,-1,0,0,0,2,0,1,1,1,2,1,3,2,2,2,1,1,1,3
4174.63315904,-1,3,0,1,1,0,3,-1,0,-1,0,0,-1,1,0,0,2,0,-1,1,1,1,2,-1,3,2,3,1,1,1,-1,3,3,0,2,0,3,0,1,2,0,3,0,2,1,3,1,3,1,1,0,0,3,-1,3,1,0,1,0,-1,2,2,3,2,3,2,1,0,-1,2,2,0,1,-1,3,2,1,3,2,1,2,3,2,0,2,3,2,2,2,-1
4079.17950565,-1,1,1,1,0,-1,0,1,-1,3,3,2,3,-1,2,1,-1,1,0,0,2,1,0,3,1,2,1,2,2,-1,2,-1,2,-1,0,0,2,0,3,1,3,0,2,-1,0,0,-1,-1,3,0,1,-1,3,2,1,3,3,-1,0,-1,-1,3,2,0,0,3,2,3,2,1,0,1,-1,1,2,-1,1,2,0,1,1,-1,2,2,0,1,0,2,1,2
3627.9789031,3,1,-1,3,2,0,1,-1,-1,3,-1,3,2,-1,1,2,0,-1,3,1,0,0,2,2,0,2,3,-1,-1,0,-1,-1,-1,1,0,3,1,-1,2,2,2,2,1,3,-1,1,0,3,0,0,1,2,-1,1,-1,0,-1,3,2,-1,1,0,1,-1,0,-1,2,0,2,1,3,1,0,0,2,2,2,0,2,0,0,1,1,-1,1,1,-1,1,1,3
4112.53078214,3,2,2,-1,2,3,0,-1,3,1,0,0,3,3,2,2,2,1,2,-1,1,2,2,2,0,-1,1,2,1,-1,3,2,-1,1,3,0,1,-1,-1,0,3,1,1,2,2,-1,2,0,1,2,1,1,1,3,1,1,0,1,0,2,-1,3,1,0,3,-1,-1,0,0,-1,2,0,2,0,1,-1,0,3,0,3,0,2,0,0,1,-1,1,0,0,-1
4106.39721405,2,-1,-1,3,-1,-1,3,2,2,0,1,3,1,-1,0,1,2,0,-1,0,-1,3,0,-1,0,1,1,2,-1,1,0,1,1,-1,1,2,1,3,0,3,3,0,2,-1,0,2,-1,1,3,0,0,2,2,-1,1,3,0,1,2,3,2,3,0,2,-1,2,2,0,2,-1,-1,1,-1,1,2,0,1,1,0,2,1,1,0,2,1,0,3,0,3,3
3931.2071755,0,3,0,1,-1,1,0,-1,2,2,2,0,-1,1,2,0,2,3,1,2,0,-1,1,1,3,2,3,0,3,-1,0,1,0,0,1,0,3,3,2,2,1,1,1,1,1,-1,-1,0,2,0,1,3,3,-1,1,3,2,1,3,1,2,-1,2,0,1,1,-1,-1,0,3,-1,-1,0,-1,0,2,2,2,-1,2,2,0,3,0,1,3,-1,3,-1,0
4025.12743687,-1,0,0,3,3,1,2,-1,0,0,1,0,0,1,3,0,0,0,-1,2,2,3,2,3,3,1,2,3,1,-1,2,-1,0,-1,1,0,1,-1,1,0,0,1,1,-1,0,-1,3,2,3,2,1,3,-1,1,2,1,2,-1,2,2,1,0,2,2,-1,0,1,-1,-1,1,3,1,0,1,2,0,3,3,2,-1,0,1,2,0,1,-1,-1,2,0,2
3972.60876011,2,-1,1,0,1,3,0,1,-1,-1,1,3,3,1,3,0,2,-1,1,3,-1,0,3,3,0,0,3,0,3,1,1,0,1,0,3,-1,1,1,1,3,2,0,0,1,2,1,3,2,3,2,2,-1,-1,-1,0,0,0,0,0,2,2,0,2,-1,3,1,2,2,3,2,2,2,-1,0,1,-1,-1,0,3,0,1,3,2,2,3,2,2,2,1,-1
3662.0968756,1,3,-1,2,2,0,2,0,-1,-1,2,1,0,-1,-1,0,1,0,1,1,3,3,-1,1,2,3,2,-1,2,3,0,1,0,1,-1,0,-1,-1,3,-1,0,1,-1,0,-1,0,0,0,3,1,0,0,2,1,2,-1,3,1,-1,1,-1,2,-1,2,2,-1,0,0,0,-1,2,1,0,-1,1,-1,0,2,-1,2,2,-1,1,2,1,2,1,1,1,3
4094.89677388,2,0,-1,-1,1,3,2,1,1,-1,2,2,-1,0,2,3,0,3,3,0,-1,1,-1,-1,0,3,2,0,0,3,-1,2,1,3,0,0,-1,0,3,-1,2,1,1,0,3,-1,2,3,-1,1,1,2,1,0,1,0,2,2,1,1,1,0,2,0,3,-1,1,0,2,1,0,1,3,2,2,1,3,0,2,3,0,-1,2,1,3,2,0,1,-1,-1
3844.18717824,-1,2,3,2,1,3,2,2,3,2,2,1,1,-1,0,2,1,1,2,0,-1,1,0,3,3,3,3,-1,1,0,1,0,0,-1,-1,0,1,0,3,3,-1,0,1,2,-1,-1,0,0,1,1,0,-1,0,0,-1,2,-1,0,3,2,2,2,0,-1,2,1,1,2,1,1,3,1,1,3,2,0,3,2,3,1,-1,-1,2,2,2,-1,-1,1,-1,1
3938.1074396,1,2,-1,0,-1,0,-1,-1,3,3,1,3,3,0,-1,2,1,-1,1,2,1,0,1,0,3,3,0,3,0,0,3,2,1,-1,2,-1,3,-1,2,3,0,0,-1,2,1,1,2,-1,2,0,0,-1,2,0,2,1,1,-1,2,0,1,2,3,1,1,2,3,2,2,0,0,3,2,1,0,3,-1,2,2,2,0,0,3,1,3,1,3,1,0,1
3646.76295538,1,1,1,1,3,0,2,1,1,-1,1,2,3,2,1,2,-1,0,2,-1,3,3,3,-1,-1,0,0,-1,-1,1,-1,2,0,0,1,-1,0,3,3,3,1,0,0,-1,1,-1,1,0,0,-1,1,0,0,1,3,0,-1,2,3,0,2,1,2,0,2,2,2,-1,1,2,2,-1,1,3,2,2,0,1,2,-1,1,-1,-1,3,0,2,2,-1,-1,3
3927.37369545,2,1,1,0,-1,1,0,-1,1,0,2,3,2,-1,3,2,0,0,-1,0,0,3,-1,2,-1,3,2,3,3,-1,1,3,3,1,3,-1,1,2,0,0,1,1,2,1,0,0,2,2,-1,3,3,2,-1,-1,2,3,0,-1,1,-1,2,1,0,3,0,1,1,2,0,1,3,1,-1,-1,0,2,-1,-1,1,0,0,2,2,0,2,3,-1,2,1,-1
3680.88092787,2,1,0,0,2,-1,-1,-1,-1,3,-1,0,2,3,2,0,-1,0,3,2,3,2,-1,3,0,0,3,1,2,0,2,-1,3,1,1,0,3,3,1,0,2,2,3,0,3,-1,2,3,0,0,0,1,3,1,1,-1,1,0,1,-1,3,1,0,0,2,-1,1,3,-1,2,1,1,3,2,1,3,2,-1,2,-1,1,0,-1,2,2,1,0,-1,-1,2
3846.87061428,-1,0,2,1,0,-1,2,3,1,1,-1,0,2,1,0,-1,0,1,0,1,1,2,1,-1,3,3,2,0,-1,1,0,-1,3,0,2,2,2,2,0,2,-1,3,2,-1,2,2,2,1,2,-1,0,1,-1,0,2,3,0,1,-1,1,-1,1,3,1,0,1,-1,3,0,1,0,-1,1,0,0,3,3,-1,-1,3,2,3,2,2,0,1,3,3,-1,-1
4134.76496646,3,0,1,2,2,3,-1,3,1,1,0,3,0,3,2,0,2,1,0,2,0,3,0,2,3,1,1,1,2,3,3,2,0,2,1,3,0,3,3,2,0,0,-1,2,1,0,3,2,0,2,1,-1,3,1,-1,3,1,-1,2,1,1,2,-1,0,2,2,1,-1,2,-1,-1,-1,-1,-1,0,1,1,2,2,0,1,0,-1,3,1,0,0,2,3,-1
3874.08832268,0,3,0,2,1,-1,-1,3,3,2,0,-1,1,2,0,0,2,1,0,2,3,0,0,3,1,2,2,2,1,-1,-1,2,0,-1,2,-1,1,2,0,2,-1,0,2,1,1,1,1,0,1,3,2,3,-1,2,-1,3,-1,-1,0,0,1,3,1,1,0,3,2,3,2,1,-1,2,-1,0,0,3,-1,1,-1,1,3,1,2,-1,3,3,2,3,3,0
3978.35898019,3,-1,0,2,0,-1,3,1,1,0,2,-1,3,1,-1,-1,3,0,0,-1,0,3,2,2,3,-1,3,1,3,0,2,0,-1,-1,1,0,2,3,1,2,1,1,1,0,-1,-1,0,3,0,-1,1,-1,1,2,2,2,2,2,1,-1,1,0,1,1,3,3,0,0,3,3,3,2,2,-1,1,2,1,0,0,1,0,1,-1,1,0,2,-1,0,-1,0
3762.15070505,-1,1,1,0,2,1,2,1,3,0,0,0,0,3,-1,1,1,2,1,0,-1,1,2,1,-1,0,0,-1,-1,0,0,1,-1,3,1,0,-1,2,2,3,1,2,3,0,0,2,0,3,3,-1,1,2,3,1,-1,0,-1,-1,-1,0,1,2,1,-1,-1,1,-1,3,0,0,-1,0,3,2,-1,-1,0,3,1,3,2,-1,2,2,-1,1,-1,3,1,2
3599.61115069,-1,3,0,0,3,3,2,3,0,3,-1,-1,2,0,1,1,2,-1,1,-1,2,2,1,3,-1,0,-1,-1,-1,0,0,-1,-1,3,1,1,0,2,0,1,1,1,3,0,0,2,2,-1,-1,3,1,2,1,1,-1,-1,-1,2,-1,3,-1,1,0,0,-1,3,3,1,2,1,2,-1,0,2,1,1,-1,-1,2,1,0,0,0,3,2,2,-1,2,2,0
3526.77502964,-1,3,3,0,0,2,-1,2,1,2,3,2,0,0,0,0,1,-1,1,2,1,-1,2,1,0,2,2,3,-1,-1,1,2,1,-1,0,2,3,3,0,1,3,-1,3,-1,-1,-1,2,0,1,-1,2,0,0,2,1,0,-1,-1,3,-1,1,3,0,-1,-1,2,-1,-1,1,0,-1,3,1,-1,0,3,-1,2,0,3,2,-1,-1,-1,2,0,-1,0,2,0
3540.95890584,2,2,2,2,-1,-1,1,0,-1,-1,-1,3,0,3,0,2,-1,3,3,-1,-1,2,3,-1,3,-1,1,1,2,3,1,3,1,0,2,3,-1,3,1,1,1,1,0,2,1,-1,1,0,3,2,2,-1,-1,-1,0,0,1,-1,0,1,0,2,1,2,-1,0,-1,3,3,0,3,3,1,3,-1,-1,2,2,-1,2,0,2,0,1,3,0,1,2,-1,0
3799.7188096,2,2,2,0,3,2,1,-1,-1,1,3,1,0,0,2,2,1,-1,0,0,2,0,2,0,3,3,2,1,-1,3,0,-1,3,3,2,1,1,3,0,0,3,1,1,3,1,3,0,3,3,0,1,-1,1,1,3,2,2,0,-1,-1,-1,1,3,-1,1,-1,1,-1,-1,2,0,2,1,3,2,3,0,0,-1,3,2,1,2,0,2,0,2,1,3,0
3954.97475185,-1,-1,2,3,0,-1,0,0,1,3,1,2,-1,-1,0,-1,1,1,3,-1,3,3,2,-1,3,1,3,2,1,0,2,2,2,1,-1,2,1,1,2,1,0,1,3,0,1,0,3,0,2,0,3,0,2,1,1,3,2,-1,-1,0,2,3,3,2,2,-1,3,2,0,0,-1,3,3,1,3,1,3,-1,3,2,-1,0,1,2,0,0,1,2,3,1
3798.56876558,-1,1,0,0,0,2,1,3,0,-1,-1,2,3,1,1,-1,-1,3,2,0,3,-1,2,1,3,-1,2,3,0,3,2,3,2,3,2,1,3,2,0,-1,2,-1,0,-1,2,1,1,2,1,2,1,1,1,-1,0,0,0,3,1,-1,2,2,2,0,0,0,0,0,1,2,-1,0,3,3,-1,1,3,0,3,3,-1,2,3,-1,1,-1,3,0,1,1
3900.15598705,-1,0,3,1,3,-1,1,0,1,0,-1,-1,1,0,2,0,2,2,3,0,-1,1,2,3,0,2,0,1,1,0,3,-1,2,3,3,0,-1,-1,-1,3,0,-1,2,1,2,1,-1,0,1,3,-1,2,2,3,3,0,1,1,-1,2,1,0,3,2,2,2,3,-1,2,-1,0,2,3,1,-1,0,3,3,0,-1,3,3,1,2,-1,2,2,1,3,3
3609.96154684,2,1,1,0,2,0,-1,3,2,2,-1,-1,2,2,3,2,2,-1,-1,-1,-1,1,0,-1,2,3,0,-1,3,1,-1,1,0,3,1,1,1,0,3,-1,3,-1,-1,2,2,0,2,-1,2,3,1,1,-1,2,3,2,-1,0,1,3,1,3,2,1,1,3,1,3,2,1,0,2,3,2,-1,0,1,0,3,3,1,1,-1,0,0,3,-1,1,3,-1
3831.15334605,0,3,0,1,0,1,0,3,2,3,0,2,2,-1,-1,0,0,2,3,3,2,-1,-1,0,-1,2,1,3,3,1,1,1,-1,3,1,-1,0,3,-1,2,1,3,-1,1,3,3,1,1,2,2,-1,0,2,0,1,1,3,-1,3,2,2,1,0,0,2,1,1,-1,2,0,2,-1,0,2,-1,0,1,2,3,1,0,3,3,1,2,0,1,1,2,-1
3775.95123325,1,3,3,1,0,2,0,2,-1,2,2,0,3,3,1,2,3,1,-1,1,-1,2,-1,2,0,1,0,1,2,-1,1,0,-1,1,0,-1,0,0,-1,0,2,2,1,1,1,1,3,1,0,0,3,-1,3,-1,-1,2,2,3,2,0,-1,1,2,2,3,-1,0,-1,-1,0,2,-1,1,0,1,-1,3,0,2,3,-1,1,3,1,0,1,0,2,-1,0
3878.30515074,2,-1,2,-1,3,3,3,0,3,0,-1,3,1,0,3,-1,1,2,-1,2,2,0,-1,1,3,-1,2,2,3,0,0,0,0,3,1,3,2,0,-1,3,-1,2,2,3,1,0,2,0,-1,3,2,-1,2,1,3,1,1,2,0,1,1,1,-1,-1,0,1,0,1,0,0,1,2,1,-1,0,2,-1,3,1,3,1,3,1,1,3,2,3,2,0,-1
3809.30250974,3,2,1,-1,1,1,3,2,0,0,3,1,0,0,2,3,1,1,2,1,0,-1,-1,0,2,0,1,0,-1,0,3,-1,3,1,-1,-1,-1,3,2,1,2,0,-1,1,3,-1,3,1,0,2,2,2,1,2,2,0,3,-1,-1,3,3,-1,0,2,-1,3,-1,0,2,2,1,3,2,2,3,0,2,2,1,1,-1,0,3,0,2,0,1,-1,0,-1
3781.70145334,3,1,1,0,2,2,-1,0,0,-1,3,-1,-1,2,-1,0,1,3,0,3,3,-1,-1,0,-1,-1,3,2,3,1,1,1,-1,-1,-1,3,2,-1,-1,1,2,1,2,2,0,1,1,2,2,2,1,1,1,1,2,2,3,-1,2,3,1,2,2,1,2,0,1,3,0,-1,0,1,2,3,0,-1,0,1,3,0,1,0,-1,0,-1,-1,2,2,-1,1
3751.03361289,3,-1,1,-1,0,2,-1,2,1,0,1,2,3,3,0,-1,3,2,-1,0,2,0,-1,0,2,3,3,3,0,-1,0,-1,1,0,0,0,3,3,2,0,2,2,1,2,3,-1,3,2,2,-1,1,1,-1,-1,1,1,-1,-1,2,2,0,0,-1,0,-1,1,2,0,1,0,1,2,1,-1,-1,2,2,1,-1,2,1,-1,2,-1,0,0,-1,1,0,1
3987.17598432,0,0,-1,3,2,1,3,-1,2,3,0,0,-1,3,3,-1,1,1,0,0,1,3,3,0,0,3,1,2,0,3,1,1,1,0,0,3,0,-1,0,2,-1,2,3,-1,1,1,1,1,-1,0,0,0,1,1,1,2,-1,-1,1,2,3,1,0,1,2,2,3,-1,-1,0,2,2,3,0,2,1,3,2,-1,2,1,3,2,2,0,2,2,3,2,1
3680.49757987,-1,0,-1,0,1,2,2,-1,2,1,1,2,3,3,2,2,1,2,1,2,1,-1,1,1,-1,0,1,3,-1,1,0,2,-1,2,0,3,3,3,-1,1,-1,-1,0,-1,3,3,0,3,2,2,-1,2,2,1,-1,0,0,3,3,3,0,-1,0,0,3,2,0,2,2,-1,0,2,1,3,2,0,3,0,1,1,-1,3,-1,0,3,1,-1,2,-1,1
3800.48550561,-1,-1,1,0,2,1,1,3,2,-1,-1,-1,2,-1,0,1,0,1,3,2,3,3,0,1,0,3,1,0,0,-1,0,0,1,-1,3,-1,0,3,1,1,-1,-1,3,-1,2,1,2,2,2,1,-1,1,0,-1,-1,0,1,3,-1,2,0,-1,2,3,2,1,0,-1,0,-1,1,1,-1,3,0,2,2,1,3,3,2,2,2,0,0,0,1,-1,-1,2
3951.90796781,-1,2,3,2,1,0,3,-1,1,1,2,2,0,1,2,1,-1,2,2,0,3,0,2,2,2,0,0,3,-1,-1,-1,2,0,1,2,3,-1,-1,0,0,1,-1,3,2,2,0,3,0,1,-1,1,3,1,1,1,0,1,-1,1,0,0,1,-1,3,-1,3,0,1,2,-1,-1,0,0,1,2,1,2,2,2,2,3,-1,2,0,-1,-1,0,0,-1,3
3857.98770644,1,0,-1,1,1,-1,2,1,-1,2,-1,0,0,2,-1,0,2,0,2,1,-1,1,0,0,3,-1,3,3,0,2,-1,2,1,2,2,-1,3,0,0,2,0,2,2,0,2,3,-1,2,3,2,3,2,1,-1,3,-1,3,0,1,2,0,-1,1,1,3,3,1,-1,1,0,0,-1,1,3,1,3,0,1,3,1,1,-1,0,3,2,2,1,2,2,1
3809.30250974,1,0,0,2,0,-1,0,3,1,-1,1,2,2,-1,3,0,3,2,1,-1,0,2,-1,3,-1,0,3,1,0,2,2,3,2,-1,0,2,3,-1,-1,1,-1,0,0,1,3,1,-1,0,0,1,2,2,2,1,2,1,-1,3,1,0,2,1,-1,0,1,-1,3,-1,3,3,0,1,3,0,-1,-1,1,2,3,-1,2,2,2,0,0,-1,2,1,3,2
3792.8185455,2,0,3,1,-1,0,1,2,-1,3,2,1,-1,2,1,0,1,0,0,1,1,3,3,0,0,-1,0,-1,1,-1,1,-1,1,3,1,3,1,2,1,-1,2,0,-1,1,0,0,-1,2,-1,-1,0,0,0,3,0,2,3,2,-1,2,0,1,1,1,3,1,-1,2,2,3,2,-1,1,2,3,3,2,2,3,-1,3,0,3,2,-1,-1,2,3,0,2
3729.18277657,0,0,-1,-1,2,3,1,-1,1,-1,1,1,3,2,-1,0,1,1,-1,3,3,2,2,2,3,3,3,2,1,2,0,1,2,0,1,3,1,1,3,3,-1,1,2,0,2,2,0,2,3,1,-1,3,2,-1,0,3,2,0,1,1,3,-1,0,-1,0,2,2,0,-1,2,0,1,1,3,-1,-1,2,0,3,-1,3,2,0,1,1,2,3,-1,0,0
3853.38753038,1,0,-1,2,1,-1,-1,-1,3,-1,0,3,-1,-1,-1,1,2,1,2,-1,-1,3,0,1,2,1,1,-1,0,2,1,2,3,3,2,-1,0,1,0,2,2,-1,2,2,0,3,-1,-1,0,1,2,0,2,2,1,1,0,0,0,0,-1,0,3,0,2,-1,-1,2,2,-1,1,0,-1,2,-1,3,2,1,3,0,1,0,1,1,2,3,0,-1,3,1
3860.28779448,-1,2,-1,1,-1,2,0,-1,2,0,3,-1,-1,0,0,0,-1,-1,-1,2,0,0,1,-1,1,-1,3,2,0,-1,0,1,2,-1,1,0,0,2,1,1,2,0,3,-1,3,1,-1,0,2,2,-1,3,1,3,2,1,-1,3,-1,2,-1,2,3,2,3,2,1,1,0,0,1,3,2,0,3,0,2,3,2,-1,1,0,1,1,-1,2,0,1,1,1
4067.67906549,0,2,0,-1,3,1,1,3,3,0,1,1,2,0,1,3,1,1,2,0,3,0,3,-1,2,0,0,1,3,3,-1,0,3,2,-1,2,3,-1,1,0,-1,-1,1,3,3,1,2,2,2,0,2,2,1,0,2,0,1,2,0,0,2,2,1,-1,1,1,3,2,0,3,1,-1,3,3,3,1,2,0,-1,3,2,2,3,0,-1,-1,-1,2,0,3
3604.59467477,0,0,1,-1,0,0,0,3,3,1,1,1,-1,-1,3,0,2,2,3,3,2,-1,2,-1,0,2,1,3,2,1,2,-1,-1,1,0,1,1,1,0,2,-1,1,-1,-1,0,-1,3,-1,1,2,2,3,0,2,0,2,3,0,3,1,3,-1,1,2,-1,-1,1,3,3,0,2,-1,0,-1,2,1,-1,1,2,2,1,1,2,2,2,0,-1,3,1,3
3811.98594577,1,0,1,0,2,3,0,3,0,-1,3,1,2,3,2,0,0,2,1,1,0,2,1,0,-1,-1,2,-1,3,0,1,-1,-1,2,1,1,3,3,2,3,-1,2,0,3,1,-1,-1,2,0,-1,1,-1,2,3,-1,-1,3,-1,2,1,2,3,-1,-1,3,3,3,0,2,-1,2,1,0,0,1,0,2,1,0,1,1,1,0,2,3,0,2,2,0,1
3935.04065556,-1,1,0,3,3,2,-1,-1,0,2,1,-1,0,0,1,1,1,0,2,3,2,3,-1,0,2,2,1,0,1,3,-1,0,0,-1,1,-1,0,-1,2,3,2,0,1,0,0,3,0,1,2,1,2,1,2,-1,2,-1,0,1,-1,2,-1,-1,1,0,-1,-1,3,2,-1,0,-1,-1,0,2,1,1,1,1,2,2,2,-1,3,0,0,3,0,0,1,-1
3780.55140932,3,0,1,0,3,3,0,0,2,1,3,-1,-1,-1,1,1,2,2,0,2,1,-1,-1,1,0,0,2,-1,3,3,2,0,0,0,2,1,-1,2,3,-1,-1,0,2,-1,3,-1,-1,-1,2,2,0,1,2,1,1,3,3,0,1,-1,1,1,3,2,3,0,1,2,1,0,-1,1,1,0,0,-1,2,-1,1,-1,1,3,0,2,2,2,2,0,1,-1
3728.79942857,1,-1,2,3,1,1,2,-1,1,-1,1,0,1,3,1,2,0,2,3,3,-1,1,3,1,2,0,0,2,2,2,-1,-1,0,3,0,3,2,0,2,2,2,3,-1,-1,-1,3,0,3,2,0,3,1,-1,1,3,2,-1,-1,-1,1,0,0,1,3,0,1,3,-1,0,2,2,0,0,0,0,3,-1,0,0,0,3,2,1,-1,2,3,3,1,1,-1
3983.72585227,-1,1,2,3,0,-1,-1,0,2,0,-1,2,1,0,1,-1,2,3,2,2,1,1,2,3,0,-1,0,3,1,2,3,3,1,0,0,3,-1,3,2,1,0,0,1,1,3,1,2,0,3,0,3,0,2,1,0,2,1,2,0,0,2,-1,-1,0,3,3,0,1,-1,3,2,1,1,-1,-1,3,0,1,1,3,2,1,-1,-1,0,2,2,1,2,3
3664.39696363,-1,-1,-1,2,-1,1,2,2,1,-1,1,2,1,2,1,0,0,1,3,2,2,0,3,2,0,2,3,-1,1,3,2,3,-1,1,0,-1,3,-1,3,3,-1,0,-1,1,2,1,-1,1,-1,-1,3,2,3,-1,0,-1,3,-1,2,0,2,0,-1,-1,-1,1,2,3,-1,1,1,0,0,0,1,0,0,2,2,1,-1,2,1,0,1,1,0,2,3,-1
3691.99802003,2,2,2,1,0,3,2,1,3,0,-1,2,1,2,0,2,0,0,0,1,0,3,3,-1,1,-1,-1,2,-1,2,-1,3,1,1,0,2,0,3,2,-1,0,1,-1,1,0,-1,-1,3,0,2,1,2,3,-1,-1,3,0,-1,-1,-1,3,1,2,2,0,3,2,2,-1,1,-1,-1,3,0,0,-1,-1,0,1,3,3,3,2,1,3,0,1,2,0,1
3855.3042704,0,2,2,2,3,3,1,1,-1,1,1,3,-1,0,1,-1,3,-1,3,0,3,1,0,0,0,0,0,0,2,3,-1,2,-1,1,3,-1,1,-1,2,2,1,-1,0,2,2,0,-1,2,0,-1,1,2,3,2,2,3,3,2,1,1,1,-1,2,2,0,-1,1,1,1,2,0,0,-1,-1,1,2,1,1,0,-1,2,3,0,3,-1,2,-1,1,2,0
3739.91652073,0,2,1,-1,1,-1,1,-1,0,-1,-1,3,1,2,0,3,2,1,-1,0,0,3,1,2,2,3,-1,-1,1,2,1,1,-1,3,1,0,1,-1,1,0,1,-1,3,0,1,-1,-1,2,3,-1,3,1,1,-1,-1,3,2,-1,0,0,0,2,3,2,3,-1,1,0,0,2,-1,0,1,0,3,2,1,-1,-1,0,-1,-1,2,1,0,0,2,3,-1,2
3968.77528005,1,3,-1,2,3,-1,1,0,-1,-1,2,0,2,3,-1,3,0,0,1,2,0,2,2,0,2,0,-1,1,1,1,0,0,-1,0,3,3,2,1,-1,0,1,2,-1,3,-1,1,2,2,2,2,1,0,2,3,0,0,2,3,1,2,0,1,-1,3,1,2,-1,3,1,3,3,0,2,1,2,-1,-1,0,3,0,2,-1,3,3,1,0,1,0,3,1
3821.18629791,0,0,1,0,1,1,2,3,2,0,3,2,2,1,0,3,2,0,1,-1,2,0,3,-1,2,1,2,2,3,3,-1,-1,1,0,-1,-1,1,0,1,1,-1,1,-1,0,1,-1,0,2,2,0,-1,2,2,1,3,-1,-1,-1,0,2,0,2,1,-1,-1,3,-1,3,0,1,0,0,0,1,-1,1,3,3,1,2,2,1,-1,3,2,0,1,2,-1,2
3931.59052351,1,-1,-1,3,1,0,3,1,1,1,0,0,2,-1,-1,0,0,-1,1,2,0,0,-1,2,-1,3,-1,-1,1,-1,1,3,3,1,2,3,0,3,0,2,3,1,0,1,-1,1,-1,3,2,-1,-1,0,-1,0,2,2,2,3,1,0,1,1,2,-1,0,2,0,2,3,-1,2,1,0,2,0,0,0,1,2,0,1,3,3,2,2,3,1,1,2,-1
4053.11184127,2,1,2,3,0,1,1,-1,0,0,3,1,-1,0,1,2,0,1,3,2,0,3,1,1,1,3,0,3,-1,2,3,2,1,1,3,-1,2,2,1,1,0,1,3,2,1,-1,1,-1,2,3,0,2,2,1,2,3,-1,2,-1,2,2,1,0,3,1,0,0,3,2,0,3,1,-1,0,0,3,2,0,3,0,0,0,-1,2,-1,3,0,0,2,3
3947.69113974,-1,1,-1,-1,-1,0,-1,2,-1,2,0,3,1,1,1,1,1,0,3,0,1,2,-1,2,0,3,0,-1,1,3,-1,0,3,0,2,3,0,0,3,2,3,2,0,2,2,0,2,3,0,-1,-1,0,1,1,2,3,0,3,2,1,1,1,0,0,2,0,1,-1,3,0,2,2,0,1,3,-1,2,1,3,3,1,1,-1,-1,-1,3,0,2,-1,1
3804.31898566,1,0,-1,2,3,2,1,0,2,1,0,2,-1,0,0,0,-1,1,2,1,1,1,3,0,-1,3,2,0,-1,3,1,1,0,2,-1,-1,3,0,2,-1,1,2,2,-1,-1,2,1,1,3,0,1,-1,-1,0,3,2,-1,1,0,-1,3,2,0,2,3,2,2,3,2,0,-1,1,2,2,3,3,2,3,0,-1,-1,0,-1,0,1,0,1,0,2,1
3848.0206583,3,0,-1,2,1,1,-1,0,3,2,3,1,0,1,-1,3,2,1,1,2,1,0,1,2,-1,0,2,1,1,3,1,-1,1,2,3,-1,0,0,2,0,-1,0,1,-1,2,1,2,1,0,-1,-1,0,-1,2,3,-1,0,3,-1,1,2,2,2,0,3,0,1,-1,2,2,3,-1,2,0,3,0,0,1,0,-1,2,0,3,1,2,-1,2,3,3,2
3839.20365417,-1,1,-1,1,3,2,0,1,1,2,-1,3,2,2,3,-1,-1,1,2,3,0,0,2,3,-1,0,-1,1,1,1,0,1,0,3,2,0,1,1,0,2,3,3,-1,2,-1,1,3,-1,0,1,1,2,1,3,2,-1,1,-1,3,2,2,2,0,0,-1,0,2,0,3,0,2,-1,1,0,3,0,3,2,3,0,0,2,-1,1,-1,3,3,-1,2,2
3733.39960463,2,1,-1,-1,3,2,2,-1,0,2,1,0,0,2,2,3,2,1,0,-1,0,0,1,1,1,1,-1,2,3,0,2,0,0,0,-1,-1,2,2,-1,1,3,0,1,-1,2,-1,1,2,3,-1,1,2,2,-1,-1,3,-1,0,1,3,0,0,3,-1,-1,-1,0,1,-1,2,3,3,0,2,1,1,0,1,1,2,0,3,0,3,2,1,-1,1,2,3
3591.56084258,0,0,0,1,3,1,3,0,0,1,-1,0,0,1,3,3,1,-1,2,3,2,-1,2,0,0,0,1,-1,2,1,-1,2,1,-1,0,-1,3,3,1,-1,0,0,0,0,-1,2,-1,3,1,-1,2,2,-1,-1,1,3,2,-1,3,2,1,1,1,-1,1,3,2,1,-1,1,3,-1,3,3,1,-1,-1,1,2,3,1,2,2,-1,2,1,-1,0,2,3
3635.26251521,2,2,-1,-1,1,-1,0,0,-1,2,1,1,1,1,0,3,1,-1,-1,1,1,3,1,0,2,-1,0,-1,2,-1,2,-1,1,0,2,3,2,-1,1,2,3,0,0,3,0,3,3,3,1,-1,1,0,2,1,0,-1,0,-1,-1,-1,0,2,-1,0,0,0,1,-1,1,0,2,-1,2,1,2,3,1,-1,3,0,-1,-1,0,1,2,-1,0,-1,-1,2
3877.92180273,-1,0,-1,1,1,3,0,0,2,1,-1,3,1,2,-1,1,2,2,3,1,-1,-1,-1,0,1,2,2,3,0,0,2,0,3,3,-1,-1,-1,0,0,1,1,3,0,-1,2,1,2,1,2,0,1,2,2,0,1,3,-1,3,3,2,2,0,1,0,-1,-1,1,2,0,-1,1,2,0,0,1,2,2,2,0,3,-1,-1,-1,1,-1,1,0,0,1,2
3640.62938729,-1,2,3,3,2,0,2,1,0,3,3,0,1,1,-1,0,2,3,2,-1,0,3,3,-1,2,3,3,-1,1,2,0,3,1,1,-1,-1,2,0,-1,3,1,-1,3,2,-1,1,1,-1,-1,2,3,2,2,3,1,2,3,-1,2,1,1,3,2,-1,-1,1,2,3,-1,2,1,0,0,0,0,1,1,3,0,1,-1,1,0,-1,0,-1,2,0,1,2
4033.17774498,2,1,-1,0,1,2,0,1,0,0,3,1,2,2,0,0,-1,1,3,2,2,2,-1,2,0,-1,3,1,2,-1,3,-1,2,1,1,2,0,2,0,1,3,2,-1,2,0,0,1,-1,3,3,1,-1,0,-1,1,-1,-1,1,2,3,1,3,2,1,1,3,2,3,1,0,0,1,3,2,0,1,0,2,2,3,0,-1,3,0,-1,-1,3,0,0,1
3939.64083163,3,1,0,1,-1,0,-1,2,1,-1,3,1,-1,0,2,0,2,2,0,3,-1,0,1,1,3,2,1,1,3,2,0,2,2,-1,2,1,0,0,0,3,-1,0,0,3,2,3,-1,3,0,1,2,3,1,3,1,1,0,2,0,0,1,0,0,2,3,1,-1,2,-1,3,-1,1,0,-1,3,2,-1,1,1,3,2,-1,1,0,-1,-1,3,-1,3,-1
4043.52814113,1,3,3,-1,0,1,1,-1,2,0,2,1,1,1,1,0,-1,0,-1,2,3,1,3,-1,3,-1,-1,2,2,0,-1,3,2,0,3,3,-1,2,1,3,-1,0,1,0,2,0,3,1,-1,2,2,-1,3,1,-1,2,0,2,3,1,3,0,1,1,0,2,1,1,0,0,-1,2,1,0,0,2,2,1,0,3,0,0,2,3,2,0,1,0,1,2
3780.93475732,2,2,2,-1,2,0,1,0,2,0,0,0,3,3,3,2,3,-1,1,-1,0,-1,1,1,1,-1,1,-1,-1,-1,3,0,-1,0,2,0,0,-1,-1,1,3,0,-1,2,0,-1,3,3,2,0,1,-1,0,1,2,0,-1,3,-1,1,2,1,3,1,3,0,1,1,-1,1,0,1,1,2,3,-1,1,0,-1,1,3,-1,3,0,-1,2,1,0,2,0
3871.02153863,0,-1,1,2,3,2,1,2,1,0,1,0,1,3,3,2,3,3,-1,2,2,0,1,-1,3,0,1,0,1,2,3,3,2,1,3,-1,-1,2,1,3,1,1,2,0,2,3,1,2,-1,3,0,-1,3,0,2,3,0,2,-1,1,-1,3,0,0,0,-1,1,2,0,0,2,1,1,0,2,3,3,0,-1,3,-1,3,0,1,0,2,2,2,-1,-1
3999.05977249,3,1,1,-1,0,0,3,0,0,1,1,0,0,-1,-1,2,0,1,0,2,3,0,1,2,3,2,-1,1,3,1,1,1,0,1,-1,0,0,3,-1,3,3,0,2,0,3,2,2,3,3,3,2,1,-1,3,-1,2,1,3,2,2,0,3,-1,-1,2,2,0,3,0,0,3,2,2,1,2,-1,-1,0,3,2,0,2,-1,1,-1,1,1,1,-1,0
3898.62259503,3,-1,2,0,1,-1,0,2,2,0,1,-1,1,2,3,2,-1,-1,1,2,-1,2,3,1,3,2,1,3,0,2,3,-1,2,0,-1,0,1,0,1,3,3,2,2,0,-1,1,2,-1,1,0,0,2,3,-1,1,-1,-1,0,3,-1,1,3,0,1,-1,3,-1,2,0,0,3,1,2,1,0,3,-1,0,2,2,1,2,1,0,2,0,1,0,0,-1
3831.92004206,0,-1,-1,0,1,0,2,0,3,1,2,-1,3,-1,2,0,2,0,1,3,2,3,2,1,3,1,3,0,2,2,-1,3,0,0,1,1,3,1,1,2,-1,3,-1,0,1,-1,-1,0,0,0,1,0,-1,-1,0,2,1,3,3,2,0,3,-1,1,3,2,-1,1,0,2,2,-1,3,1,3,0,2,2,-1,3,1,0,3,-1,-1,3,2,0,-1,3
3948.84118376,1,0,-1,0,-1,3,2,1,2,1,2,0,2,1,3,2,-1,-1,3,2,1,3,0,2,3,1,-1,0,1,2,0,1,2,-1,0,1,3,3,2,-1,0,0,1,-1,1,3,3,3,2,1,0,-1,2,-1,0,2,-1,-1,2,3,3,-1,1,1,0,0,2,-1,0,1,0,2,-1,0,1,2,1,1,1,0,3,2,0,3,-1,0,3,3,2,1
3941.55757165,-1,1,2,1,-1,1,0,3,0,-1,2,0,1,2,1,2,0,1,0,-1,2,-1,3,2,0,3,0,-1,3,2,3,2,2,0,3,1,0,2,0,3,-1,1,1,2,-1,1,2,-1,-1,0,3,0,3,0,2,0,0,-1,2,-1,3,3,-1,2,-1,2,3,-1,1,3,1,0,0,1,1,1,0,1,1,2,2,2,1,1,3,0,2,3,2,1
3861.43783849,1,-1,0,2,-1,-1,-1,1,0,-1,2,-1,3,-1,0,0,3,0,3,2,2,0,0,3,3,0,1,3,2,3,2,3,1,1,2,1,2,0,1,2,0,-1,3,3,3,2,-1,0,-1,1,2,1,-1,2,-1,1,-1,2,1,1,3,3,1,2,3,3,1,2,3,0,2,0,-1,3,0,1,1,3,1,3,-1,-1,2,1,2,-1,-1,3,2,0
3908.20629517,1,3,0,2,3,2,2,3,0,2,2,1,-1,2,1,-1,1,3,3,2,1,2,2,1,2,0,1,3,1,2,-1,0,3,1,2,0,3,0,-1,2,3,-1,-1,0,2,-1,0,3,-1,1,3,2,1,1,-1,3,0,0,-1,-1,0,2,0,-1,0,1,3,0,3,2,0,3,3,1,-1,1,0,2,1,0,2,2,3,3,-1,-1,0,-1,0,-1
3740.68321674,0,2,1,0,0,1,1,3,-1,1,-1,3,-1,0,0,1,3,1,3,2,0,2,-1,2,3,3,1,0,3,0,3,0,3,2,1,-1,0,1,3,2,1,-1,1,2,3,3,0,2,2,1,1,0,-1,0,-1,-1,1,3,-1,2,1,0,0,-1,-1,0,0,2,1,-1,1,0,3,-1,2,3,2,2,-1,1,1,2,-1,3,1,2,0,3,1,3
4072.27924155,3,3,0,2,2,1,0,1,1,-1,2,-1,2,3,2,3,1,3,0,2,2,-1,2,3,3,0,2,0,1,3,-1,0,1,2,2,0,3,3,1,-1,2,-1,0,0,2,1,2,1,1,3,-1,0,-1,3,0,2,3,0,3,-1,-1,0,1,2,-1,2,-1,1,3,1,1,3,0,0,2,1,1,1,1,-1,3,3,-1,0,0,0,1,1,3,2
3747.20013283,-1,0,3,1,3,1,3,1,1,1,3,2,-1,2,1,-1,-1,-1,0,-1,0,-1,1,-1,1,2,3,-1,3,0,-1,2,0,0,0,2,1,0,3,3,-1,0,2,1,0,0,2,-1,1,2,0,3,1,2,1,0,2,1,-1,2,3,0,-1,-1,1,2,2,-1,-1,1,-1,-1,2,2,2,0,-1,3,-1,2,1,-1,0,2,0,2,1,0,0,1
3950.37457578,0,2,2,-1,0,0,3,3,3,0,-1,3,-1,1,1,1,1,0,-1,1,2,0,-1,3,0,2,1,-1,2,-1,3,0,2,0,2,0,2,3,1,-1,0,1,1,2,0,3,1,0,2,0,2,0,-1,-1,-1,2,1,3,-1,3,2,1,0,0,-1,1,3,2,3,1,-1,0,2,1,2,-1,3,3,2,0,2,3,1,2,0,2,1,1,3,-1
3811.98594577,0,0,3,0,2,2,2,-1,-1,0,-1,1,3,0,-1,1,2,3,3,1,0,0,2,0,-1,1,0,3,3,2,3,2,1,1,2,1,1,1,2,3,3,3,2,0,0,1,1,2,2,-1,2,2,0,3,2,2,1,0,1,0,-1,3,2,1,-1,1,1,2,3,1,1,2,-1,0,0,-1,2,2,3,-1,1,-1,3,-1,0,-1,-1,0,1,-1
4059.62875737,1,2,3,-1,3,0,-1,3,0,0,0,1,3,0,-1,1,3,1,1,2,2,1,-1,1,-1,0,1,-1,3,0,0,0,1,2,1,0,3,1,-1,2,2,2,1,2,0,0,0,1,3,3,0,2,0,2,1,1,2,-1,2,2,3,0,0,1,-1,1,2,3,3,1,2,0,2,-1,-1,3,-1,2,2,1,-1,2,0,-1,0,3,0,1,-1,1
3831.53669406,0,1,0,0,3,0,1,1,3,3,0,1,0,3,2,-1,2,0,1,-1,2,2,0,1,2,2,0,-1,1,1,3,-1,1,1,1,-1,-1,2,-1,0,-1,2,2,0,2,2,1,-1,0,0,-1,0,1,1,3,0,-1,2,2,3,3,3,2,1,0,-1,-1,-1,2,3,1,0,1,-1,2,0,0,3,-1,2,1,2,3,2,-1,3,1,1,3,0
3922.77351938,2,-1,0,2,2,2,0,0,1,2,0,3,0,0,-1,3,3,2,1,1,1,0,3,-1,1,0,-1,0,3,3,2,1,1,1,-1,3,1,-1,2,3,0,0,2,3,0,-1,1,-1,2,1,2,2,-1,0,3,3,2,1,3,3,3,2,1,1,-1,3,2,-1,1,2,2,-1,2,2,1,0,1,0,2,-1,0,-1,1,0,0,0,-1,-1,0,1
3882.13863079,1,2,2,2,0,2,-1,-1,1,0,0,2,2,-1,1,-1,2,1,1,3,2,-1,1,1,3,2,1,-1,2,2,-1,3,3,0,-1,2,0,-1,3,-1,1,2,-1,1,3,0,0,1,3,1,2,0,-1,-1,1,-1,0,0,3,2,2,3,2,3,1,-1,2,0,1,1,0,2,0,-1,1,3,-1,2,0,1,1,3,0,3,0,3,2,0,2,3
3674.36401178,0,3,0,3,-1,0,3,1,-1,2,3,2,0,0,0,2,2,1,-1,-1,-1,0,3,1,3,-1,2,0,3,1,-1,2,-1,3,-1,3,-1,0,1,2,0,-1,2,3,1,1,2,2,2,-1,2,-1,2,1,1,3,1,0,3,3,0,3,-1,3,2,-1,-1,3,3,0,0,1,-1,-1,0,1,1,2,2,3,1,0,3,-1,2,0,0,3,2,1
3777.48462527,-1,3,3,1,1,2,2,0,2,0,2,0,1,0,1,0,-1,-1,-1,1,2,2,2,-1,0,1,2,-1,0,-1,2,0,1,1,1,-1,0,-1,-1,3,3,1,0,-1,2,0,3,3,1,2,1,1,0,1,3,-1,0,0,2,1,-1,2,1,-1,3,2,1,0,-1,2,3,0,1,1,0,3,2,-1,0,-1,2,1,2,2,2,-1,-1,3,2,-1
3849.93739833,-1,1,1,1,1,0,3,-1,2,-1,-1,3,2,-1,3,1,1,2,1,3,3,1,0,1,1,0,2,0,3,3,-1,3,3,3,2,3,2,2,-1,1,0,0,0,3,1,2,0,1,-1,0,1,3,0,0,2,-1,2,-1,1,-1,1,0,-1,2,-1,0,2,2,3,-1,-1,1,0,1,0,-1,0,3,0,2,-1,1,2,2,3,1,-1,0,0,2
3910.1230352,2,0,1,2,-1,2,3,2,3,1,0,1,1,1,0,0,2,3,0,1,3,1,3,-1,0,-1,-1,-1,2,2,2,3,-1,0,2,1,2,-1,0,2,1,2,0,-1,0,1,0,-1,3,3,3,2,0,-1,-1,1,0,2,-1,-1,1,-1,1,0,-1,1,3,1,3,0,0,1,1,2,-1,0,2,3,2,1,2,-1,2,0,0,3,2,3,0,3
3817.35281785,0,-1,-1,2,0,0,2,2,0,2,3,1,1,-1,-1,1,-1,0,-1,2,-1,-1,-1,1,3,0,-1,0,1,1,3,0,-1,1,3,0,2,1,0,0,2,0,1,2,1,-1,2,3,0,-1,0,0,2,2,2,2,-1,-1,3,3,1,1,0,1,3,1,3,-1,3,3,0,1,1,0,2,-1,-1,1,2,3,2,1,1,2,2,1,2,0,2,1
3944.24100769,0,-1,0,3,0,0,2,0,1,2,3,-1,2,2,2,1,1,2,1,2,2,0,3,-1,3,1,0,3,3,0,3,2,0,2,1,1,0,0,2,2,2,-1,1,-1,2,1,-1,3,3,-1,1,0,0,1,1,2,3,-1,0,1,0,-1,3,-1,0,2,2,1,2,-1,0,1,2,-1,1,2,-1,-1,3,3,1,1,3,0,-1,1,-1,-1,3,0
3818.50286187,0,-1,2,2,0,1,3,1,3,-1,0,0,0,2,1,0,2,2,1,3,1,-1,1,-1,2,2,2,2,-1,2,2,3,3,0,0,1,2,3,-1,-1,0,1,2,1,0,0,0,3,2,3,1,3,0,1,1,-1,3,-1,0,-1,0,3,1,1,2,1,2,-1,1,2,1,2,3,1,0,-1,-1,2,1,-1,-1,-1,0,-1,0,2,-1,0,1,-1
3978.74232819,0,3,2,3,3,2,0,3,3,2,0,-1,2,1,-1,1,1,2,1,2,2,2,-1,0,0,1,-1,1,3,1,0,1,2,-1,1,0,3,0,1,2,-1,0,2,1,0,0,-1,-1,2,2,2,0,3,2,0,-1,-1,2,-1,1,0,1,1,1,1,-1,-1,3,2,1,-1,3,0,1,3,3,2,3,2,1,3,0,0,2,0,-1,3,2,0,1
4054.26188529,2,0,-1,2,1,2,-1,-1,0,3,2,0,3,3,0,0,0,1,-1,0,1,2,1,-1,2,2,1,1,-1,3,-1,0,0,3,3,1,2,-1,-1,2,0,3,3,-1,3,1,2,2,1,0,-1,1,2,-1,-1,0,0,1,-1,-1,2,0,3,3,0,-1,3,1,2,0,0,2,0,3,1,-1,0,2,1,1,1,0,3,1,2,1,2,1,3,-1
4004.04329656,3,3,3,-1,2,2,-1,2,3,0,0,0,2,1,2,0,3,0,-1,1,-1,1,2,1,3,-1,3,0,0,2,2,-1,0,1,2,-1,1,1,-1,2,1,0,2,3,1,3,0,2,-1,1,2,3,-1,1,2,1,0,3,3,0,-1,1,2,1,1,0,2,0,2,-1,1,2,0,3,1,3,1,1,2,0,0,0,-1,3,-1,2,0,-1,1,0
3912.42312323,1,2,0,2,2,3,0,2,3,0,-1,1,1,3,2,-1,0,2,1,-1,-1,-1,1,1,-1,3,0,3,0,3,0,3,-1,0,3,2,-1,2,0,0,0,-1,1,2,1,1,3,0,1,0,2,2,-1,0,3,1,-1,2,0,3,1,3,1,0,-1,-1,-1,2,0,-1,1,1,-1,-1,2,1,2,2,3,0,0,3,3,1,1,2,2,1,-1,-1
3991.39281238,2,1,1,0,2,2,3,3,3,1,-1,0,0,2,0,3,0,-1,2,3,3,-1,3,2,2,0,-1,-1,0,2,1,3,-1,1,2,0,1,0,1,-1,0,-1,0,2,3,3,-1,1,1,2,0,0,0,-1,-1,2,1,3,3,1,-1,0,-1,3,1,3,2,0,0,1,1,2,0,2,3,0,2,2,1,1,3,2,0,1,2,1,-1,3,1,-1
3699.66498014,2,2,2,1,0,-1,3,-1,3,3,0,3,3,-1,2,2,-1,1,0,1,1,1,-1,1,-1,-1,-1,1,3,2,3,3,0,1,2,-1,2,2,1,3,3,-1,1,1,0,0,0,1,2,3,2,1,1,0,-1,2,-1,3,2,3,1,-1,2,3,-1,0,0,0,2,1,0,0,0,3,3,-1,0,1,-1,1,2,0,1,0,-1,-1,2,2,3,2
3995.60964044,2,1,1,2,-1,1,2,0,0,1,-1,-1,-1,-1,-1,-1,3,1,-1,1,2,-1,0,1,0,1,2,0,3,2,2,3,-1,-1,2,-1,2,-1,3,2,3,-1,1,0,-1,1,0,2,1,2,-1,3,3,-1,0,0,2,2,3,1,1,2,1,1,0,0,1,3,0,3,3,1,-1,0,0,3,0,2,0,0,2,1,3,1,1,0,2,2,0,2
3995.99298844,3,-1,3,3,0,0,2,3,-1,1,1,-1,3,3,2,3,-1,2,-1,0,0,1,1,2,2,0,0,2,1,-1,-1,1,1,0,3,0,3,-1,1,-1,1,-1,3,3,3,2,0,2,2,0,-1,1,2,0,3,2,-1,-1,0,1,0,0,1,1,0,1,2,2,1,0,3,2,3,2,0,2,3,-1,2,1,1,2,1,3,0,3,2,1,-1,-1
3935.42400357,3,0,2,0,0,1,0,0,1,3,2,0,3,2,2,1,3,-1,0,1,1,-1,0,2,1,2,2,3,2,0,3,3,2,1,1,3,3,1,2,-1,2,2,0,-1,1,-1,2,0,-1,-1,-1,1,0,-1,1,-1,1,2,1,0,3,1,3,0,-1,2,1,1,3,2,-1,1,3,3,0,0,0,1,3,1,-1,2,0,-1,0,2,3,0,3,2
3967.62523603,0,0,2,1,1,1,3,3,1,-1,-1,2,0,2,2,1,3,-1,2,2,1,0,3,1,1,3,-1,1,0,0,1,0,1,3,2,2,1,0,-1,0,-1,0,0,2,-1,2,1,2,0,0,3,3,1,-1,2,-1,2,0,3,3,1,1,0,2,2,2,0,0,3,3,3,0,-1,3,3,1,2,3,0,-1,3,-1,3,0,2,3,1,1,1,2
3944.6243557,-1,2,3,-1,0,0,1,2,-1,-1,3,-1,0,1,-1,3,1,2,1,1,1,-1,-1,1,3,1,0,-1,0,0,3,0,2,1,1,0,2,0,-1,1,1,3,-1,3,1,0,2,3,2,2,-1,2,-1,3,0,3,1,3,2,2,-1,1,1,2,0,1,3,0,2,0,3,1,1,0,3,2,2,2,-1,-1,0,2,3,2,0,0,2,2,1,1
3663.63026762,-1,0,2,2,3,2,2,3,-1,1,2,-1,0,3,1,3,1,2,1,3,0,0,-1,2,3,2,3,3,3,2,-1,1,1,3,0,-1,1,1,-1,0,3,0,3,2,-1,1,3,0,2,0,1,2,-1,-1,2,3,0,-1,0,3,-1,-1,-1,3,0,-1,0,0,1,3,2,3,0,-1,0,-1,3,2,2,1,2,1,0,2,2,0,-1,2,1,0
4061.5454974,1,3,0,0,1,2,2,3,0,1,2,0,2,1,1,1,0,0,0,2,2,1,2,2,0,1,-1,-1,3,1,3,3,3,-1,-1,2,-1,3,0,-1,1,2,2,2,2,3,1,1,3,2,1,1,1,-1,-1,-1,0,-1,0,0,1,2,0,-1,3,-1,3,3,2,1,3,-1,0,2,1,2,0,1,0,3,1,0,2,1,3,0,0,-1,2,3
3941.17422365,3,1,-1,-1,2,0,-1,2,-1,2,1,0,0,0,0,-1,2,-1,2,2,2,-1,3,2,1,1,0,1,0,3,-1,1,0,2,0,-1,2,1,1,1,1,2,0,0,1,2,0,3,1,3,0,0,0,-1,1,2,-1,3,2,0,3,2,3,1,1,3,1,-1,0,3,3,0,1,3,2,0,3,2,0,3,-1,3,1,3,0,2,0,-1,-1,2
3787.45167342,-1,0,3,3,-1,0,1,3,3,2,2,3,-1,1,3,0,3,0,-1,0,3,0,-1,1,-1,3,0,2,1,0,2,1,0,3,3,-1,0,2,-1,3,1,1,3,2,-1,2,2,1,1,0,2,-1,2,-1,2,3,-1,1,1,-1,1,1,1,1,1,2,0,0,0,-1,-1,2,1,2,3,0,-1,1,0,-1,1,0,3,0,2,2,2,1,3,2
3792.8185455,3,3,1,3,0,-1,2,-1,2,0,-1,-1,0,0,2,3,2,0,0,1,-1,-1,1,3,2,2,2,2,-1,3,0,-1,2,2,1,0,2,1,3,2,2,1,0,-1,3,-1,1,0,2,1,-1,2,0,3,2,1,3,-1,-1,-1,1,0,2,1,-1,1,-1,1,-1,0,0,3,-1,3,3,3,1,1,1,1,0,1,2,0,-1,1,-1,-1,-1,0
3913.18981924,3,-1,0,0,0,2,-1,-1,1,-1,1,-1,-1,2,0,0,1,1,3,2,2,2,0,-1,-1,-1,3,3,-1,1,2,1,1,0,3,3,2,-1,2,0,0,3,1,-1,3,0,1,1,0,2,-1,0,1,1,0,1,-1,-1,1,3,2,3,0,1,2,1,0,-1,2,2,1,0,3,3,2,-1,1,0,1,0,1,2,2,2,3,0,2,2,-1,3
3945.39105171,1,-1,3,2,1,-1,1,3,3,0,0,2,-1,2,2,0,2,-1,2,3,3,0,3,0,3,2,2,-1,2,3,3,0,0,-1,3,0,0,0,-1,0,1,1,2,-1,1,1,3,-1,2,2,3,2,2,0,0,-1,-1,1,2,0,3,1,-1,1,1,1,3,1,0,3,3,1,2,2,0,1,1,0,3,1,3,1,-1,3,-1,2,1,3,2,2
3535.97538177,0,2,3,1,-1,1,0,1,-1,1,0,2,-1,2,-1,-1,2,1,2,2,0,-1,2,0,3,3,1,2,2,2,-1,-1,0,2,2,2,2,2,0,-1,-1,2,0,-1,2,3,2,0,2,2,-1,-1,0,-1,3,0,1,0,-1,1,1,-1,1,0,3,-1,0,-1,1,3,0,3,3,-1,1,-1,0,3,1,-1,3,1,-1,0,-1,0,0,-1,3,1
4155.84910676,-1,0,2,2,2,3,3,1,0,0,3,-1,-1,0,1,3,0,0,0,3,1,0,1,3,0,3,3,0,1,-1,0,0,0,-1,2,2,2,3,2,2,0,0,1,0,2,0,1,2,2,2,3,2,2,1,3,1,1,-1,-1,3,0,3,3,1,1,3,1,3,-1,2,1,-1,1,1,-1,3,1,1,1,-1,2,0,2,2,0,3,-1,2,2,-1
3828.08656201,0,3,1,1,1,3,3,1,1,3,2,-1,-1,2,2,1,-1,2,-1,2,-1,0,0,2,0,-1,-1,1,2,3,1,0,1,0,1,3,2,2,-1,-1,3,0,3,1,2,2,-1,2,2,1,0,-1,3,1,0,-1,0,0,-1,-1,1,2,3,0,-1,2,-1,-1,0,2,2,3,2,3,1,2,1,0,-1,1,1,-1,3,0,0,0,1,-1,2,0
3864.12127453,1,-1,3,0,2,2,-1,2,1,3,1,1,0,-1,0,0,0,2,3,0,0,0,2,3,3,0,-1,-1,2,3,0,1,-1,3,1,1,1,2,1,3,2,2,2,-1,2,0,0,2,2,2,0,0,1,-1,-1,1,2,-1,3,3,-1,0,1,1,1,3,2,-1,3,0,1,1,1,3,1,3,0,0,1,-1,-1,-1,-1,-1,-1,0,2,3,2,0
4010.17686465,-1,0,2,0,3,0,-1,3,1,2,1,-1,1,1,-1,0,2,2,3,3,1,0,2,2,0,-1,3,2,0,0,1,0,2,2,-1,3,-1,3,1,1,2,3,0,0,3,1,0,1,1,0,1,0,2,3,-1,-1,-1,0,2,1,0,3,1,-1,2,0,0,1,2,-1,-1,2,3,-1,0,1,0,2,3,-1,0,1,2,3,3,3,1,0,2,2
3933.12391553,-1,0,-1,1,3,-1,3,2,2,2,0,-1,2,2,-1,-1,0,2,0,0,-1,-1,-1,1,1,1,-1,-1,1,2,2,-1,0,3,3,-1,2,2,1,1,3,3,2,0,-1,1,3,3,3,-1,0,0,0,1,2,1,3,3,0,1,0,0,0,2,0,2,3,1,1,1,0,0,-1,2,0,3,3,2,1,3,2,2,-1,1,-1,0,0,2,-1,2
4037.77792105,1,1,3,0,-1,-1,3,-1,1,0,3,0,2,1,0,0,1,0,1,-1,1,2,2,2,3,2,3,3,0,3,1,2,2,0,1,3,2,0,1,3,1,-1,2,1,0,3,1,1,-1,2,-1,2,3,2,2,1,0,1,3,2,2,2,2,3,-1,1,2,0,2,0,0,-1,3,0,1,0,0,0,-1,-1,-1,3,-1,0,2,3,0,-1,3,3
4023.21069684,0,-1,0,2,2,0,-1,1,0,1,2,1,0,0,3,3,2,0,3,0,1,3,2,3,2,-1,-1,1,-1,1,2,2,2,1,3,-1,1,2,3,0,3,1,3,1,2,3,3,-1,1,-1,0,2,0,0,2,3,1,1,3,2,1,0,0,0,2,1,-1,0,2,-1,-1,2,1,1,1,2,3,-1,1,0,0,3,2,1,-1,0,-1,3,2,0
3860.28779448,0,-1,1,-1,1,2,2,1,2,0,3,1,0,3,2,3,1,1,-1,3,0,0,1,3,2,3,2,1,2,-1,3,3,2,0,3,1,1,2,2,2,-1,0,3,0,3,-1,1,-1,3,1,2,-1,0,1,-1,-1,0,0,-1,1,-1,1,0,0,3,1,2,2,2,2,0,2,0,2,1,-1,1,0,1,3,1,3,2,1,3,-1,3,2,-1,3
3724.96594851,-1,2,-1,2,1,1,-1,3,3,3,2,1,-1,0,0,0,1,0,0,0,1,1,-1,3,2,1,2,-1,2,-1,2,-1,3,-1,1,1,-1,0,2,-1,2,0,3,2,0,-1,3,-1,2,2,-1,0,1,1,-1,-1,1,0,1,2,0,0,1,1,2,-1,2,2,-1,-1,3,1,0,3,0,1,0,3,1,-1,-1,2,1,0,-1,3,-1,2,1,3
3940.02417963,3,3,1,2,1,1,3,1,0,3,0,3,2,1,2,-1,1,0,3,2,1,1,3,1,3,1,0,-1,3,-1,-1,1,0,2,-1,0,2,2,1,2,0,-1,3,0,2,-1,-1,3,1,0,1,2,-1,0,3,0,0,1,-1,2,2,0,0,3,0,2,1,3,2,2,3,-1,0,3,1,1,3,2,2,-1,2,1,-1,3,-1,-1,2,2,-1,0
3752.95035292,-1,0,2,1,-1,3,-1,3,2,-1,3,1,2,2,3,0,0,-1,3,-1,2,2,1,-1,2,2,3,-1,0,-1,2,1,2,2,3,-1,0,0,0,0,-1,1,3,1,1,0,1,-1,2,1,0,3,2,3,0,2,-1,1,0,1,3,1,0,2,0,-1,0,-1,3,2,-1,3,2,1,3,0,1,2,-1,2,1,0,1,-1,-1,1,0,1,3,2
3729.18277657,3,0,1,-1,1,0,1,-1,0,-1,2,-1,2,0,-1,3,2,-1,3,-1,3,2,2,1,-1,3,2,2,3,0,3,3,2,0,3,3,2,-1,-1,0,3,0,1,1,3,1,2,1,2,-1,-1,2,1,3,0,-1,0,2,1,0,1,0,0,2,0,1,1,0,-1,1,1,3,1,-1,-1,3,0,-1,2,-1,0,1,3,3,0,-1,0,1,0,1
3935.80735157,1,0,3,0,2,3,0,2,2,0,3,0,3,2,1,2,2,0,-1,3,-1,3,-1,2,0,3,1,1,2,-1,1,1,2,0,-1,1,-1,2,1,3,-1,0,0,-1,1,1,-1,0,1,-1,0,0,3,-1,0,1,0,3,1,-1,2,3,2,2,-1,3,3,3,1,2,-1,2,0,1,0,0,2,1,2,0,2,0,2,3,-1,3,0,-1,2,1
3937.7240916,1,1,2,2,0,-1,1,-1,3,2,2,2,2,-1,2,0,1,0,1,-1,0,1,1,3,0,1,-1,0,2,-1,3,0,0,-1,-1,-1,1,-1,-1,0,2,3,3,0,2,1,-1,0,2,2,-1,2,0,3,1,2,-1,0,-1,-1,2,-1,0,2,2,0,1,-1,3,2,2,-1,1,2,0,0,0,1,0,-1,1,1,1,1,1,-1,-1,0,0,0
4068.8291095,-1,0,3,1,3,1,1,2,2,1,0,3,2,3,1,0,3,0,1,2,3,2,1,1,1,0,0,0,3,3,2,2,0,0,3,3,-1,-1,1,3,3,3,1,2,3,1,1,-1,1,1,2,2,1,0,1,1,3,2,2,0,0,3,3,0,0,2,3,2,-1,2,0,1,0,-1,2,0,2,2,-1,-1,3,0,-1,0,0,-1,3,2,3,-1
4033.56109299,0,3,1,-1,1,1,2,3,2,1,-1,0,1,3,1,1,2,0,3,1,1,0,2,-1,2,2,1,-1,0,3,-1,1,3,0,1,0,3,1,1,0,0,0,0,0,1,2,0,3,0,2,2,1,0,1,3,3,3,3,3,2,-1,2,-1,0,-1,2,3,2,1,2,3,-1,2,1,-1,3,-1,0,0,-1,0,2,2,2,1,-1,0,0,-1,3
3877.53845473,0,1,2,3,0,3,3,0,-1,3,-1,0,2,1,-1,1,-1,1,3,2,3,2,1,2,1,2,2,0,-1,-1,0,2,2,2,1,1,-1,2,1,3,1,0,0,1,0,-1,1,-1,2,3,1,-1,0,2,-1,-1,3,-1,0,2,3,0,3,1,0,0,3,-1,3,-1,0,2,3,-1,1,3,0,2,1,2,2,1,1,0,0,1,0,-1,-1,2
3923.9235634,1,0,0,1,1,1,0,-1,3,2,-1,2,-1,2,0,0,2,0,0,2,1,1,1,2,3,1,3,1,2,-1,2,2,-1,1,2,1,1,-1,1,2,3,0,-1,3,2,0,3,3,3,2,-1,-1,2,3,3,0,-1,3,0,0,1,0,-1,-1,2,1,0,0,1,2,3,-1,3,1,1,2,0,3,-1,3,0,-1,1,2,-1,2,0,-1,2,0
3912.80647124,-1,-1,0,0,3,1,2,-1,-1,-1,3,3,0,3,1,2,0,1,3,1,2,1,0,-1,2,1,-1,0,-1,-1,3,0,0,2,-1,1,-1,0,0,-1,2,1,1,2,-1,3,0,0,0,3,-1,3,1,1,1,0,1,0,2,1,0,3,1,2,2,1,-1,1,0,2,2,1,-1,2,3,-1,-1,0,0,1,2,2,-1,1,2,-1,-1,3,2,2
3692.38136804,0,2,0,1,1,2,0,1,1,1,2,3,3,-1,2,-1,1,0,2,0,0,3,2,1,3,2,1,-1,0,1,0,-1,-1,-1,-1,2,2,3,3,1,1,2,3,0,1,1,2,2,-1,1,1,0,3,0,3,0,2,0,2,3,-1,-1,1,-1,3,2,2,2,-1,-1,0,3,0,-1,3,3,-1,-1,-1,-1,0,0,2,-1,-1,2,1,0,1,-1
3674.74735978,1,3,-1,1,-1,2,-1,0,1,2,-1,1,-1,2,1,2,-1,0,0,3,2,0,3,-1,0,-1,0,0,1,2,3,3,2,-1,3,-1,3,-1,1,0,1,1,2,3,1,-1,1,3,2,-1,2,3,-1,2,1,2,3,-1,-1,0,2,1,1,3,2,3,2,1,1,0,2,0,0,1,-1,0,3,0,0,2,2,-1,1,-1,1,1,2,2,2,-1
3943.85765969,2,2,2,1,-1,0,-1,1,3,3,3,1,2,0,1,3,0,2,-1,-1,3,0,0,2,2,3,0,3,1,-1,-1,0,1,1,-1,2,2,2,1,1,0,2,2,2,-1,0,2,0,3,3,2,0,3,1,1,0,0,2,0,3,1,-1,2,1,1,0,0,-1,2,-1,3,-1,1,0,3,1,0,3,0,0,-1,2,3,-1,-1,1,3,3,2,1
3818.11951386,3,1,1,3,1,-1,0,-1,3,2,2,3,3,3,2,-1,2,2,1,3,0,2,0,1,1,3,3,0,-1,0,3,-1,2,0,1,1,1,2,-1,2,-1,1,0,-1,2,1,3,1,2,3,1,0,3,0,3,3,2,1,2,-1,-1,2,-1,2,1,2,3,1,-1,-1,3,0,1,-1,1,0,2,0,3,0,2,0,-1,1,1,0,-1,0,2,2
3748.35017685,-1,3,-1,1,1,2,0,3,0,-1,3,0,0,0,2,2,1,3,2,-1,1,3,0,0,1,1,0,1,-1,1,2,2,2,2,0,0,2,1,1,3,1,0,-1,2,3,3,1,-1,1,1,2,0,-1,-1,0,-1,-1,2,0,2,3,-1,3,0,-1,-1,1,-1,-1,1,2,1,0,3,0,2,0,-1,3,2,-1,2,1,0,1,1,2,0,2,-1
3568.55996224,1,-1,3,-1,-1,1,2,2,3,2,-1,-1,2,1,-1,-1,1,1,0,-1,0,3,-1,1,-1,2,3,1,3,1,0,0,-1,0,3,3,2,2,1,2,0,3,0,2,3,2,2,-1,3,1,3,0,3,0,1,2,2,0,-1,0,3,3,-1,-1,-1,1,2,0,0,-1,2,0,2,2,1,2,-1,-1,1,0,3,3,0,-1,1,3,1,1,0,-1
3922.00682337,2,0,0,-1,0,3,-1,2,2,-1,0,1,3,0,-1,3,0,2,2,3,3,3,1,1,1,3,1,3,1,0,1,1,3,1,3,-1,1,-1,3,0,0,1,3,2,0,1,1,0,0,2,3,2,-1,-1,2,2,1,1,0,0,-1,1,0,1,3,0,0,0,2,2,2,2,3,0,3,2,0,3,-1,3,1,2,-1,-1,2,-1,3,-1,2,3
3962.25836396,1,2,1,0,0,2,-1,3,2,-1,3,1,3,-1,0,0,3,0,-1,2,2,-1,3,3,0,0,-1,1,2,3,1,3,0,1,2,0,1,2,1,0,0,0,0,2,2,0,1,3,-1,1,1,1,0,2,-1,0,0,-1,1,3,-1,1,3,3,0,2,2,-1,2,0,3,1,2,3,-1,-1,2,2,0,-1,-1,-1,1,-1,1,1,2,2,1,1
3980.65906822,2,3,2,2,3,0,-1,2,-1,1,0,2,-1,0,3,1,2,1,3,1,0,0,0,2,3,-1,0,3,1,-1,1,0,1,1,0,3,1,2,3,2,3,1,3,1,-1,-1,1,-1,0,2,2,2,2,1,2,2,1,0,3,0,2,3,-1,1,0,3,2,1,0,-1,2,3,2,3,0,1,-1,3,0,1,1,0,0,3,-1,2,3,1,1,0
3941.55757165,2,3,0,1,2,0,1,2,1,0,0,3,1,2,0,3,0,1,-1,2,0,1,-1,1,3,3,-1,0,-1,0,1,1,1,2,3,3,2,0,-1,-1,2,2,-1,3,2,0,0,1,-1,3,3,2,0,0,2,1,1,-1,0,3,2,2,-1,0,3,1,1,-1,2,-1,1,1,2,2,3,-1,2,2,1,1,0,3,2,3,-1,0,-1,0,3,1
4055.41192931,-1,1,2,3,2,2,2,3,2,3,0,3,1,0,2,3,0,-1,-1,1,0,1,3,-1,0,0,1,3,3,1,0,1,3,0,-1,2,1,-1,1,1,3,3,0,3,0,0,1,0,2,0,3,0,0,-1,1,2,-1,2,-1,-1,2,2,-1,-1,1,3,-1,2,1,1,0,1,2,0,3,2,2,1,2,0,-1,3,-1,3,1,1,0,2,2,3
4101.79703798,2,0,-1,3,3,2,3,3,1,2,2,1,0,0,2,0,3,1,1,3,1,0,2,-1,2,0,0,3,3,3,-1,-1,0,-1,-1,2,1,1,2,0,2,-1,2,2,0,0,3,0,1,1,0,-1,3,3,0,2,0,1,-1,0,1,2,0,2,-1,1,2,2,-1,0,1,3,1,-1,3,-1,0,1,-1,3,2,3,1,1,1,-1,0,2,0,2
3852.62083436,1,-1,2,3,1,0,3,3,2,1,-1,1,0,3,-1,3,-1,2,0,-1,-1,0,2,0,0,3,0,2,0,3,2,3,0,3,0,1,1,1,-1,0,3,2,2,-1,2,-1,2,1,2,2,-1,3,1,-1,1,0,2,0,1,-1,3,2,0,1,-1,2,-1,2,-1,2,0,1,-1,3,1,2,2,-1,0,0,3,-1,3,2,1,0,0,1,1,1
4177.69994308,3,2,0,3,2,1,-1,2,3,2,1,1,3,2,0,2,2,0,-1,2,1,3,3,0,2,2,0,-1,1,0,3,-1,1,-1,1,1,2,1,0,1,3,1,2,0,0,3,-1,1,-1,1,2,1,3,-1,2,3,2,-1,2,0,1,3,0,2,3,0,0,1,1,0,1,0,2,0,2,1,0,0,1,0,0,0,-1,-1,3,-1,2,3,-1,-1
3682.03097189,1,1,3,2,-1,1,3,3,2,-1,2,1,1,3,-1,2,-1,2,-1,-1,2,0,-1,-1,-1,-1,-1,2,-1,1,0,0,1,2,3,3,2,1,-1,0,-1,3,0,0,1,2,3,1,0,0,2,2,-1,1,0,0,1,2,0,0,0,1,3,3,3,1,0,-1,2,-1,3,3,0,1,3,3,-1,0,3,2,0,1,-1,0,1,2,3,1,2,2
3936.57404758,0,3,2,0,2,0,1,3,3,2,1,0,1,2,3,0,3,-1,3,0,-1,3,1,-1,1,-1,0,-1,0,2,2,2,1,0,3,0,2,1,3,2,0,-1,2,2,0,0,-1,-1,1,0,1,0,2,1,2,2,1,-1,0,2,-1,3,3,0,3,1,2,1,-1,0,-1,-1,-1,1,3,1,-1,0,2,2,3,-1,1,3,2,0,1,1,3,1
3868.33810259,0,2,2,0,0,0,1,2,3,2,2,2,1,0,2,1,1,1,-1,-1,1,1,0,1,-1,3,2,3,1,-1,3,3,-1,1,0,0,2,2,0,1,1,-1,2,0,1,2,2,-1,2,-1,3,-1,-1,1,-1,2,2,3,1,3,3,0,1,0,3,1,3,2,-1,3,-1,3,2,-1,1,3,1,2,1,-1,0,0,3,1,2,0,3,0,-1,0
3862.58788251,2,3,1,0,0,3,3,0,3,0,2,1,1,0,0,3,1,2,1,3,3,1,2,2,3,0,1,1,-1,1,0,2,-1,0,3,3,0,2,2,0,-1,2,2,2,2,2,-1,0,-1,0,-1,-1,-1,3,-1,2,-1,0,1,1,3,-1,2,3,1,2,3,0,-1,1,1,1,0,-1,-1,1,2,2,3,3,0,1,2,2,3,1,3,-1,0,1
3984.10920027,1,2,0,0,3,-1,1,0,1,-1,3,3,0,0,3,2,2,3,0,1,2,1,2,0,1,3,3,-1,2,1,-1,1,0,2,3,2,1,-1,2,-1,0,-1,0,2,1,-1,2,0,2,-1,3,0,0,-1,1,1,3,2,0,3,-1,0,0,-1,1,0,-1,0,3,-1,-1,1,-1,2,0,2,3,0,2,1,-1,2,1,0,2,3,-1,2,1,1
3760.61731303,1,3,-1,0,1,1,2,2,-1,2,0,1,2,0,3,2,3,1,2,2,1,3,-1,1,0,0,-1,1,2,1,0,-1,2,2,3,0,0,1,-1,1,-1,2,-1,3,-1,0,2,1,3,-1,-1,2,0,-1,2,-1,0,1,3,1,2,0,0,-1,2,3,2,-1,1,-1,2,0,0,-1,0,-1,-1,0,1,-1,3,0,1,3,2,0,3,0,1,1
3735.69969267,0,1,-1,-1,2,0,3,0,1,0,0,-1,-1,3,3,2,2,2,3,3,-1,0,2,-1,3,2,-1,2,1,1,1,1,0,3,3,-1,-1,0,0,1,-1,2,2,-1,-1,-1,0,1,3,3,0,2,0,3,0,1,2,1,3,2,3,2,2,-1,-1,1,1,1,2,1,1,0,2,0,-1,3,2,1,2,0,-1,0,3,3,0,2,3,1,0,2
4053.11184127,3,-1,1,0,2,1,2,0,1,3,1,2,1,2,2,-1,1,1,0,2,-1,1,2,0,0,1,3,-1,3,3,1,-1,0,-1,0,3,3,0,3,2,3,1,0,3,0,2,0,0,-1,2,2,1,-1,0,2,-1,2,2,3,0,-1,0,0,3,3,1,1,1,0,2,2,3,0,-1,1,-1,1,3,-1,0,2,3,2,1,1,1,2,0,1,3
4010.56021266,1,3,1,-1,-1,-1,3,1,1,0,3,2,1,0,2,2,2,0,2,1,3,2,0,0,3,3,0,2,-1,1,3,2,-1,3,2,1,0,1,2,1,0,0,2,-1,0,-1,1,0,1,-1,1,2,-1,3,1,0,-1,1,1,0,3,2,-1,0,2,0,-1,0,-1,1,-1,0,3,0,3,3,3,3,-1,0,0,-1,2,1,2,2,0,1,-1,-1
4068.4457615,3,-1,2,2,1,1,3,0,0,1,2,3,2,2,2,2,3,2,1,2,1,1,3,1,2,2,-1,0,0,0,1,-1,0,2,-1,3,0,1,3,-1,3,2,2,1,0,1,-1,-1,3,-1,0,2,0,-1,3,1,3,3,-1,2,1,2,-1,0,2,-1,1,0,0,2,2,0,-1,0,0,1,-1,1,1,0,2,1,-1,3,0,3,1,0,2,3
4076.49606961,-1,2,0,0,3,-1,3,2,1,2,0,3,-1,-1,3,0,2,1,1,2,2,1,3,2,1,3,0,2,-1,3,1,-1,0,-1,0,3,-1,2,3,3,3,-1,1,1,1,3,0,0,1,3,2,2,0,1,3,1,-1,0,2,0,0,0,3,0,1,1,0,3,1,0,-1,0,1,-1,0,2,1,-1,0,3,1,0,2,2,2,3,2,2,1,2
3807.76911771,2,3,0,3,2,-1,1,-1,1,-1,1,1,1,-1,1,-1,2,1,-1,3,-1,0,-1,0,1,0,2,2,-1,0,-1,0,0,-1,2,3,3,-1,0,1,1,0,-1,2,2,1,2,2,2,3,0,2,0,2,3,1,0,0,2,2,3,3,-1,0,-1,3,0,2,-1,1,0,3,-1,1,1,0,3,2,3,0,1,2,2,3,3,3,0,0,1,1
4137.4484025,3,-1,1,0,3,2,1,-1,3,2,0,3,-1,0,2,2,3,-1,-1,2,1,2,0,2,3,3,0,2,-1,-1,2,2,1,0,0,1,2,2,3,1,2,1,3,0,2,0,1,3,3,3,2,0,2,1,1,0,2,-1,3,1,0,1,3,3,1,3,-1,0,0,0,-1,1,0,0,0,1,1,3,0,1,3,1,3,0,-1,-1,1,2,1,2
3737.23308469,1,1,1,0,-1,2,2,1,1,-1,0,0,3,1,-1,1,3,1,3,-1,3,2,-1,-1,1,3,0,1,-1,1,0,3,1,2,1,2,-1,3,2,2,2,3,1,2,3,2,0,3,1,0,-1,-1,0,-1,2,0,1,2,0,2,3,0,2,-1,-1,3,0,2,1,-1,2,0,-1,3,-1,3,0,-1,3,0,0,3,0,3,-1,2,-1,2,0,1
3993.30955241,-1,3,0,1,1,0,1,0,1,1,2,2,0,-1,0,2,2,1,0,3,0,0,3,-1,2,1,2,-1,2,0,2,0,2,1,1,3,3,1,0,-1,2,3,0,1,2,3,-1,0,3,-1,-1,-1,2,2,1,-1,2,3,0,1,0,-1,0,2,-1,2,3,1,0,1,0,3,3,3,1,3,2,3,1,-1,-1,3,0,2,1,1,2,-1,1,2
3830.38665004,0,3,1,-1,2,-1,-1,-1,-1,2,1,2,2,1,-1,-1,0,3,2,0,2,-1,1,-1,1,1,-1,-1,2,3,0,3,0,3,0,1,0,0,1,0,0,0,-1,0,0,1,3,1,2,1,1,2,1,1,2,-1,1,2,-1,3,0,-1,2,0,0,2,-1,3,-1,0,2,0,2,3,3,1,1,-1,2,-1,-1,0,-1,2,1,3,2,2,1,2
3820.8029499,-1,-1,3,-1,2,3,1,0,1,0,0,3,1,-1,-1,2,1,2,1,1,-1,1,-1,2,1,2,1,-1,3,1,3,-1,0,-1,0,0,3,-1,2,2,2,3,0,-1,1,0,1,0,1,0,1,3,0,1,1,2,0,3,2,-1,2,3,2,1,-1,0,3,0,-1,1,3,3,2,-1,-1,3,-1,1,0,0,-1,3,2,0,-1,3,-1,0,0,2
4121.34778626,-1,3,2,2,0,3,0,2,1,-1,1,2,3,1,0,2,3,-1,2,3,3,-1,0,3,0,3,2,0,0,1,2,3,0,-1,-1,1,2,1,1,2,-1,2,2,2,1,1,-1,2,-1,1,-1,2,2,3,0,0,3,3,0,1,0,3,-1,3,3,3,0,-1,1,0,2,3,1,1,1,1,3,-1,1,0,1,0,2,0,1,0,0,1,-1,-1
3743.36665278,2,-1,2,1,-1,-1,1,-1,-1,2,-1,-1,-1,-1,0,0,-1,1,-1,0,0,1,1,0,2,1,3,2,-1,0,3,0,1,0,0,2,3,1,1,-1,0,-1,0,3,3,3,2,3,0,-1,1,3,0,3,0,1,1,2,2,3,-1,2,0,-1,-1,2,3,1,1,3,2,1,2,3,0,1,0,-1,3,2,-1,0,-1,1,2,0,0,2,-1,1
3790.90180547,3,3,-1,2,1,1,1,1,-1,0,3,1,2,0,3,2,1,3,-1,3,1,1,2,3,1,-1,1,1,1,0,-1,3,2,2,1,-1,2,3,2,2,0,2,-1,2,3,3,0,0,0,0,-1,-1,0,1,0,2,1,0,-1,0,-1,-1,-1,0,2,-1,2,0,-1,0,1,3,-1,0,2,3,0,2,1,3,3,2,0,2,1,-1,0,0,1,1
3851.08744234,0,1,-1,1,0,0,-1,-1,1,-1,3,2,3,1,-1,0,1,0,0,1,0,-1,0,2,2,-1,2,0,2,1,2,1,2,2,2,-1,-1,-1,3,1,-1,1,0,2,2,0,2,0,-1,-1,1,-1,2,0,0,2,2,1,3,3,0,2,3,-1,0,0,0,2,1,1,-1,0,2,3,-1,-1,3,1,3,3,1,1,3,3,2,2,1,1,1,1
3986.40928831,-1,3,1,-1,0,3,1,1,3,-1,0,1,-1,3,2,1,1,1,2,0,2,3,1,3,1,-1,-1,0,-1,1,2,2,0,3,0,0,-1,1,1,2,-1,3,1,1,0,0,1,0,2,2,2,1,0,2,-1,3,1,0,3,3,-1,2,-1,1,2,2,0,3,2,-1,0,0,2,0,1,2,-1,-1,1,0,0,-1,2,3,2,0,-1,1,3,-1
3932.35721952,0,2,1,-1,3,-1,3,-1,3,1,2,-1,-1,1,1,2,2,0,0,1,0,0,-1,1,3,1,3,2,2,-1,1,3,1,1,0,-1,1,2,-1,0,2,3,2,3,1,2,0,0,3,2,-1,1,1,3,1,3,0,0,3,2,0,-1,0,2,1,1,0,1,2,-1,2,0,-1,2,0,-1,1,1,2,-1,0,-1,0,0,-1,2,3,3,0,-1
3887.88885088,1,0,-1,0,3,0,1,0,3,1,2,2,1,0,0,3,3,1,1,2,-1,-1,0,-1,3,2,2,3,1,0,0,1,2,2,2,-1,2,-1,3,0,-1,2,1,2,2,1,2,1,0,3,0,0,3,-1,3,0,3,-1,0,3,2,2,2,0,1,-1,2,3,3,3,3,-1,2,0,1,1,-1,-1,0,2,1,1,2,0,2,1,1,-1,0,-1
3599.61115069,2,1,-1,1,-1,3,1,-1,-1,2,0,-1,2,0,-1,-1,1,0,-1,3,0,0,2,1,-1,1,-1,0,-1,2,1,1,1,2,0,-1,0,3,0,3,3,-1,3,1,2,0,1,0,0,2,1,-1,-1,2,2,-1,2,-1,0,3,-1,1,2,2,-1,-1,0,0,2,1,3,2,2,0,3,0,-1,1,3,2,0,2,-1,3,1,3,3,0,2,-1
3898.62259503,0,1,-1,1,1,-1,-1,-1,3,0,3,3,0,2,2,0,1,1,2,-1,3,0,-1,3,2,1,2,3,-1,2,1,0,0,1,-1,3,0,0,-1,0,2,2,0,3,0,0,1,2,1,2,0,3,3,2,1,2,3,-1,0,2,1,3,-1,1,3,1,2,3,-1,2,-1,3,2,0,2,0,2,0,1,1,1,2,3,3,1,-1,2,-1,1,-1
3587.72736252,-1,2,0,0,-1,1,1,3,3,0,1,1,0,3,2,2,-1,0,3,-1,0,0,-1,1,3,1,1,3,1,2,0,3,2,0,2,-1,1,-1,3,1,3,-1,-1,2,2,2,0,0,3,-1,2,-1,1,1,3,1,1,2,2,-1,3,0,-1,3,0,2,0,1,-1,0,3,-1,1,2,3,2,-1,-1,-1,0,2,1,2,2,-1,0,2,3,-1,1
3848.78735431,-1,3,1,-1,0,3,3,1,-1,2,2,-1,1,2,0,1,0,1,3,2,0,0,0,2,1,1,-1,0,-1,2,2,-1,-1,3,-1,-1,-1,1,0,0,-1,3,-1,3,0,0,2,2,-1,1,1,2,3,3,-1,0,-1,3,3,2,0,1,-1,1,-1,1,1,-1,1,3,1,0,2,2,0,2,2,2,-1,1,0,0,1,-1,2,2,0,1,0,0
3974.14215213,0,-1,0,0,0,2,2,1,0,0,-1,0,1,0,3,2,2,-1,-1,3,2,2,-1,0,1,3,2,3,0,-1,2,0,2,2,3,1,2,3,-1,3,0,3,0,2,1,-1,1,1,-1,3,2,2,3,3,3,-1,3,1,0,1,1,0,-1,2,2,1,-1,1,0,2,3,-1,-1,1,-1,2,0,-1,1,0,2,1,3,1,1,2,1,3,2,0
3857.98770644,2,3,2,3,3,-1,0,1,2,3,3,0,0,2,1,-1,2,0,0,3,0,1,-1,3,3,-1,3,-1,0,0,0,0,-1,1,-1,2,2,2,-1,3,0,1,0,0,3,1,-1,0,3,3,2,0,2,1,2,2,1,2,1,-1,-1,0,-1,1,1,2,-1,0,2,-1,1,1,0,-1,-1,-1,3,2,1,2,2,1,0,3,-1,0,2,1,3,3
3918.94003933,-1,0,3,1,0,0,-1,1,1,-1,0,2,2,1,0,-1,1,3,-1,1,0,0,-1,2,1,1,2,0,0,2,3,1,-1,3,-1,-1,2,1,2,1,1,-1,0,3,3,1,3,0,2,3,3,2,2,1,3,1,-1,3,0,2,-1,0,2,-1,1,3,3,2,3,2,-1,2,0,1,2,-1,1,2,0,-1,3,3,3,2,0,0,2,3,1,2
3910.5063832,-1,2,1,0,2,1,-1,3,3,1,-1,2,-1,1,0,0,1,0,1,3,3,0,2,0,-1,2,3,1,-1,-1,0,1,2,-1,0,3,2,0,1,2,3,2,2,1,1,-1,3,2,3,0,3,1,1,0,0,-1,2,1,-1,3,3,1,2,2,1,-1,0,0,0,3,-1,1,1,3,2,-1,-1,-1,2,0,2,0,3,1,0,-1,0,0,1,1
4003.65994856,1,-1,2,2,2,-1,0,1,3,2,1,1,3,0,3,1,1,1,3,3,2,1,1,2,-1,-1,0,1,0,0,3,3,0,2,0,0,1,2,2,-1,-1,0,2,0,0,1,-1,-1,-1,0,0,3,2,1,2,3,0,1,2,2,2,3,2,0,-1,0,3,-1,3,1,3,-1,-1,1,1,0,0,3,-1,2,1,1,0,2,2,-1,0,2,3,-1
3803.16894165,1,2,-1,1,2,0,2,-1,2,3,3,3,3,0,0,2,0,3,1,-1,3,1,2,0,-1,1,2,0,0,1,-1,-1,1,1,1,0,1,3,0,-1,-1,0,1,3,-1,2,-1,0,0,1,0,-1,3,2,3,3,0,2,1,3,-1,2,1,2,3,0,2,2,3,3,0,0,1,3,1,2,3,-1,0,-1,3,-1,2,2,0,3,0,2,2,3
4011.32690867,2,-1,3,0,0,1,2,-1,-1,0,0,2,2,-1,0,2,0,2,1,3,0,1,2,1,0,1,2,3,3,-1,3,3,1,3,0,-1,-1,2,2,3,-1,3,1,2,1,0,0,1,0,1,-1,2,0,1,0,2,3,-1,1,2,2,1,-1,0,0,2,1,0,0,-1,0,1,3,1,2,2,2,1,3,-1,2,3,1,1,3,3,1,3,3,3
3851.08744234,-1,2,-1,2,2,1,2,3,2,3,2,0,3,0,1,2,1,1,0,-1,3,0,2,3,0,1,1,0,2,-1,-1,1,3,-1,1,3,-1,-1,-1,0,0,-1,0,1,3,0,3,-1,-1,0,-1,-1,1,3,-1,1,3,1,0,0,0,0,1,1,2,1,3,0,-1,3,2,2,2,1,3,0,2,3,-1,3,3,1,1,-1,0,2,1,-1,2,-1
3766.36753311,3,-1,2,2,0,3,0,1,0,3,1,-1,1,3,2,0,2,3,-1,2,1,-1,3,1,3,1,3,-1,-1,0,-1,0,3,0,2,2,2,1,1,-1,-1,-1,3,1,1,1,2,1,1,1,-1,2,0,0,-1,3,0,3,1,-1,3,2,-1,2,-1,-1,2,-1,-1,0,0,0,2,2,0,0,2,0,3,1,2,1,-1,-1,0,2,0,0,2,-1
3908.97299118,2,3,1,-1,2,1,2,2,3,-1,-1,2,3,0,0,1,3,2,1,-1,-1,-1,-1,-1,2,1,3,0,1,2,2,1,3,0,2,2,-1,1,1,0,1,3,0,1,0,-1,1,3,3,0,0,0,1,2,-1,0,1,-1,-1,0,0,0,-1,0,2,1,3,0,3,1,2,-1,3,0,1,2,1,3,2,1,3,-1,1,3,0,2,0,-1,2,0
3991.00946437,0,3,1,0,2,-1,3,3,0,0,-1,1,1,0,2,2,2,1,1,2,-1,0,-1,-1,3,2,3,2,3,2,-1,2,0,0,-1,-1,1,0,-1,-1,1,1,3,0,1,2,1,2,2,3,2,3,3,-1,3,1,1,-1,2,1,0,3,-1,0,2,-1,2,0,3,2,2,0,0,1,-1,1,1,1,3,0,0,1,1,0,-1,2,0,0,1,0
3827.703214,0,-1,2,-1,1,1,1,2,0,1,0,0,2,-1,3,3,3,3,0,2,1,1,2,2,1,3,-1,2,0,0,2,0,2,3,-1,3,1,0,-1,1,-1,2,-1,1,0,-1,-1,1,3,-1,2,-1,0,2,0,3,2,3,-1,-1,3,2,3,2,-1,3,3,2,-1,2,0,0,1,1,1,3,2,-1,0,1,0,1,-1,0,0,0,-1,2,3,0
4129.78144239,1,-1,1,-1,2,2,3,0,0,0,1,-1,2,-1,0,3,0,1,1,0,2,2,1,-1,2,3,2,2,2,1,3,1,0,3,0,-1,-1,3,2,2,1,2,3,0,0,-1,2,-1,3,1,3,2,3,3,0,3,3,2,3,3,1,1,0,1,2,1,1,3,1,3,0,2,0,0,3,2,1,1,0,-1,2,-1,1,0,3,0,2,1,0,0
3706.56524424,0,3,3,1,0,0,-1,0,-1,1,0,-1,3,0,0,2,3,0,1,1,2,-1,0,-1,2,3,2,-1,0,3,2,2,0,2,-1,1,0,2,3,-1,2,0,2,1,-1,3,-1,3,1,1,0,-1,-1,-1,2,3,1,0,0,1,-1,0,1,2,0,3,2,3,2,-1,-1,3,-1,2,-1,3,0,-1,2,-1,2,-1,1,3,-1,1,3,2,2,3
3978.74232819,3,2,2,-1,1,1,-1,2,3,2,2,1,1,3,2,0,1,0,1,2,2,-1,1,0,1,2,0,1,0,0,3,0,3,3,1,0,1,3,0,3,1,3,-1,1,-1,2,3,2,2,-1,3,0,2,0,3,2,0,1,3,0,0,-1,-1,3,0,0,0,-1,0,3,-1,2,-1,3,2,1,-1,-1,1,-1,3,1,1,1,1,0,2,2,2,3
3788.60171744,0,1,-1,3,-1,1,3,3,3,3,0,3,-1,2,3,1,1,-1,0,2,-1,3,0,2,3,0,0,1,2,1,0,1,0,0,0,-1,1,1,1,2,2,2,-1,-1,2,2,0,1,1,0,-1,0,3,3,0,0,1,1,0,-1,-1,1,3,-1,2,0,2,2,-1,2,2,-1,2,-1,2,3,0,3,-1,2,3,1,2,1,1,1,-1,2,2,0
3834.98682611,1,2,3,0,0,1,3,2,-1,3,2,0,1,-1,3,3,0,2,1,2,2,0,1,-1,1,1,2,0,-1,1,2,3,0,0,0,1,2,0,0,1,2,1,-1,2,0,0,0,2,-1,1,0,0,2,1,-1,3,2,3,3,0,1,2,3,3,-1,0,2,1,3,-1,3,1,0,-1,-1,-1,2,2,0,2,3,-1,1,-1,-1,0,1,-1,1,-1
3879.07184675,-1,0,0,-1,1,0,0,1,1,2,1,2,2,1,0,-1,-1,2,1,1,0,2,2,3,0,-1,-1,1,3,3,3,2,3,1,0,3,0,0,2,1,2,1,0,-1,-1,0,2,3,-1,2,1,2,3,1,0,3,-1,3,1,-1,2,2,0,2,2,1,0,3,2,3,3,1,1,-1,-1,2,-1,0,0,1,-1,2,1,0,0,3,-1,-1,1,3
3786.68497741,-1,2,3,2,2,-1,1,-1,1,1,-1,-1,3,0,1,0,0,2,0,0,3,3,3,2,-1,1,-1,0,0,1,0,1,0,2,-1,3,1,-1,1,-1,1,2,-1,-1,0,-1,-1,-1,3,2,0,-1,-1,1,1,-1,3,2,0,2,0,2,0,-1,1,0,-1,0,0,3,3,-1,0,3,1,2,2,3,1,0,3,-1,0,-1,1,-1,2,1,0,1
3862.97123051,-1,1,-1,2,1,1,3,1,-1,-1,3,0,-1,1,-1,-1,0,0,1,2,0,0,1,0,3,1,2,-1,0,2,3,1,-1,2,0,2,0,3,2,1,-1,3,1,2,2,1,3,3,3,0,-1,2,1,0,-1,3,-1,2,3,0,-1,0,1,-1,2,-1,2,2,3,1,0,2,1,-1,2,0,2,1,3,-1,0,2,0,1,0,1,1,2,0,-1
4043.91148914,0,1,1,2,2,2,2,0,3,1,0,1,3,1,1,2,0,2,3,-1,1,2,0,-1,2,0,3,1,3,2,1,-1,1,2,1,0,1,2,2,3,-1,3,-1,-1,2,-1,0,1,-1,1,-1,-1,1,3,2,2,2,-1,3,-1,0,2,3,2,0,2,-1,0,1,0,0,0,3,-1,1,0,0,-1,2,3,0,3,1,0,1,3,1,-1,1,2
4124.41457031,-1,-1,-1,2,0,2,1,3,1,-1,0,0,1,1,2,2,2,0,-1,1,2,2,0,1,3,0,-1,1,1,3,3,3,0,0,0,1,1,0,3,0,2,1,-1,1,3,0,-1,0,3,-1,0,1,-1,2,2,1,0,-1,2,0,0,-1,0,3,1,2,2,2,1,-1,-1,2,-1,2,2,3,1,3,0,1,0,2,-1,1,0,2,3,3,2,-1
3830.76999805,2,-1,1,3,1,2,3,-1,-1,2,1,2,2,-1,3,0,1,3,2,3,-1,-1,-1,3,-1,0,0,3,2,0,3,-1,1,3,1,2,0,1,2,-1,1,0,3,3,0,3,3,0,1,1,-1,2,0,3,1,1,2,0,2,0,1,2,0,1,0,3,1,-1,1,0,-1,3,0,0,1,-1,3,3,-1,1,0,-1,0,2,2,2,1,1,0,3
3917.78999531,0,1,1,1,0,0,1,3,-1,1,2,3,1,1,-1,-1,3,3,3,-1,1,0,3,3,1,2,-1,0,2,0,0,2,0,3,0,3,2,2,3,3,-1,1,2,1,1,1,0,0,3,1,2,2,1,-1,2,3,3,0,1,0,2,0,0,1,3,0,3,3,0,2,-1,1,0,1,0,-1,0,2,3,2,2,2,1,3,-1,-1,1,2,-1,-1
3841.5037422,-1,3,3,2,1,0,1,-1,0,0,2,0,1,2,3,3,3,0,0,1,3,-1,3,-1,3,0,2,3,-1,2,2,3,0,0,2,3,2,-1,3,1,2,3,-1,3,1,2,-1,1,0,1,2,3,0,-1,1,1,1,1,1,2,-1,-1,3,2,0,2,1,1,1,0,0,2,2,2,2,2,3,1,3,-1,3,-1,-1,3,1,3,0,0,2,1
3778.63466929,3,-1,1,1,0,1,0,3,3,1,-1,0,3,1,3,1,3,2,2,-1,2,1,0,2,0,-1,2,3,0,-1,1,3,-1,0,0,-1,0,3,0,-1,2,1,1,2,-1,0,2,1,2,-1,-1,-1,1,2,2,2,1,-1,2,2,0,1,1,-1,1,1,1,1,2,1,0,-1,2,-1,3,0,2,3,3,-1,0,-1,0,1,-1,0,3,3,0,0
4005.19334058,3,0,1,-1,0,2,-1,3,0,1,0,0,1,3,2,-1,0,2,3,-1,3,3,2,2,3,1,0,-1,-1,-1,1,2,1,-1,3,1,0,3,1,0,2,3,-1,2,-1,1,-1,1,2,2,1,-1,-1,3,1,2,-1,0,1,0,1,3,0,0,-1,1,-1,1,0,0,2,0,2,2,2,0,3,3,3,2,2,2,1,0,2,0,3,2,1,-1
3805.08568167,2,2,2,2,2,0,-1,-1,-1,0,0,-1,1,1,3,2,0,2,-1,0,2,3,0,1,3,1,2,2,2,-1,2,-1,1,1,3,0,0,-1,-1,1,-1,-1,0,1,3,1,1,0,0,2,1,0,2,2,-1,-1,-1,-1,-1,0,3,2,2,1,2,0,0,-1,0,-1,-1,0,1,-1,2,1,2,3,3,3,1,1,1,3,-1,1,0,0,0,1
3615.71176693,2,-1,-1,1,0,2,1,1,3,2,1,2,2,0,3,1,0,1,-1,-1,3,1,-1,0,3,1,3,-1,2,-1,2,1,3,3,3,-1,1,1,-1,0,3,1,3,3,-1,-1,-1,2,3,1,0,-1,3,2,3,2,-1,3,2,0,1,0,1,-1,-1,3,3,2,3,0,1,2,2,2,-1,0,-1,1,0,0,2,-1,2,1,-1,0,2,0,0,2
3797.41872156,3,2,-1,-1,2,0,2,-1,1,1,-1,2,3,3,3,-1,0,0,-1,0,0,1,3,0,2,2,2,-1,2,2,3,-1,2,1,2,1,0,0,1,3,-1,3,-1,3,0,2,2,-1,2,3,2,0,3,3,3,3,-1,0,2,1,1,1,1,2,0,3,0,1,-1,0,0,0,0,-1,2,3,1,1,3,-1,1,-1,1,1,2,1,2,0,0,3
3900.53933506,0,0,3,-1,3,2,3,2,0,-1,3,1,2,3,0,2,-1,0,3,1,3,-1,2,1,0,0,2,1,3,-1,1,1,2,0,0,0,-1,1,3,1,0,2,2,3,-1,1,3,1,-1,-1,3,1,3,2,2,2,1,1,2,1,-1,-1,0,-1,1,0,1,2,3,-1,2,-1,3,2,1,0,2,3,0,-1,1,2,0,2,0,-1,-1,3,1,0
3564.34313418,3,1,0,0,-1,0,1,2,0,-1,-1,0,1,3,-1,0,3,-1,2,2,0,1,-1,3,3,0,-1,3,1,3,1,0,2,3,1,-1,0,-1,-1,1,0,2,3,1,2,3,2,3,3,-1,0,-1,0,2,-1,2,-1,-1,1,1,2,-1,0,-1,0,3,0,-1,2,2,1,0,3,-1,2,1,-1,0,3,1,1,-1,3,2,1,2,1,2,-1,3
3816.20277384,-1,3,0,2,1,2,0,3,3,1,-1,2,3,2,2,0,3,0,-1,2,-1,2,2,1,0,1,3,0,-1,2,-1,-1,3,1,0,-1,0,2,1,-1,1,2,-1,2,1,2,2,1,2,3,1,0,-1,3,3,-1,1,1,-1,0,3,3,2,0,1,0,1,1,0,2,3,-1,2,-1,0,0,1,2,2,0,-1,0,1,3,1,0,1,1,0,-1
3943.09096368,-1,1,1,-1,0,3,3,-1,3,3,0,3,2,-1,1,3,1,-1,3,3,2,0,1,0,-1,2,1,1,2,2,2,3,1,0,0,-1,3,2,0,3,1,3,0,1,2,-1,0,0,-1,3,0,-1,2,1,-1,0,1,1,-1,2,1,2,0,0,2,0,-1,0,0,2,-1,2,2,1,3,1,2,0,2,0,3,-1,-1,2,0,2,1,2,0,3
3809.30250974,-1,0,0,2,0,1,3,-1,-1,0,2,1,0,1,0,2,1,1,0,0,2,3,2,1,-1,3,0,2,-1,3,0,2,2,1,3,1,2,2,3,1,0,2,3,-1,1,3,3,1,0,-1,2,1,1,1,3,-1,-1,3,-1,2,1,-1,0,2,2,2,2,3,3,-1,1,-1,0,-1,0,2,-1,2,3,1,2,-1,2,3,0,0,1,1,-1,1
3568.94331025,2,2,1,1,1,1,3,1,0,-1,0,0,3,0,1,0,0,3,-1,1,2,0,1,0,2,0,-1,2,1,3,2,3,0,2,0,-1,1,-1,1,0,-1,2,2,3,-1,2,1,-1,3,-1,1,2,1,2,-1,2,-1,1,0,-1,1,-1,2,0,-1,3,0,-1,3,0,3,3,-1,0,0,2,-1,0,-1,2,2,-1,-1,1,2,1,-1,3,-1,-1
4038.92796507,3,-1,-1,1,1,3,1,1,0,0,2,0,1,0,1,1,1,3,1,1,3,0,2,2,0,2,3,-1,0,0,3,1,2,3,-1,0,0,2,3,-1,-1,-1,1,3,1,2,2,0,0,1,0,3,1,2,-1,3,-1,-1,3,0,0,2,1,0,0,1,2,2,-1,-1,2,0,3,3,2,2,0,2,-1,3,1,3,-1,1,1,2,3,2,-1,0
3772.5011012,-1,2,2,-1,-1,2,3,2,3,-1,2,2,0,2,3,-1,2,1,2,1,1,2,-1,3,1,1,2,2,0,0,-1,1,0,1,0,-1,1,0,3,-1,3,2,2,0,0,1,-1,-1,1,1,1,2,-1,3,0,-1,1,0,-1,0,0,1,3,1,3,-1,0,2,0,1,2,1,-1,0,0,-1,1,-1,-1,3,1,-1,3,0,2,2,-1,3,1,0
3879.07184675,1,2,0,3,0,3,3,2,-1,0,3,2,0,2,-1,0,-1,1,1,-1,1,3,-1,-1,-1,1,1,0,2,1,3,0,-1,3,-1,1,3,-1,-1,0,0,2,2,0,0,1,0,-1,-1,0,-1,1,0,0,0,0,2,1,-1,-1,2,1,2,2,1,-1,-1,3,2,2,2,2,3,2,2,-1,2,2,-1,1,0,3,2,3,0,1,1,2,0,3
3883.67202281,2,-1,0,0,0,1,3,1,0,2,1,2,1,1,-1,0,0,0,2,0,3,2,-1,0,3,2,1,2,1,2,-1,1,3,2,-1,2,1,-1,2,-1,2,3,-1,1,-1,3,2,1,0,-1,-1,2,1,0,3,1,-1,0,3,3,0,3,3,1,3,0,0,0,2,0,3,0,-1,-1,0,1,-1,1,2,-1,2,1,1,2,1,3,1,2,0,-1
3858.37105445,1,3,-1,-1,2,-1,0,1,3,3,-1,-1,3,2,2,1,2,-1,3,2,0,2,2,2,-1,3,3,1,0,1,2,1,-1,0,-1,1,2,1,3,-1,1,3,0,1,3,1,2,0,0,0,-1,1,2,3,2,0,-1,-1,1,2,0,0,2,0,0,3,0,2,1,0,1,2,1,-1,3,0,3,1,-1,3,0,-1,2,2,1,0,-1,-1,1,-1
3846.10391827,-1,-1,-1,-1,3,2,0,-1,0,1,3,2,-1,0,0,0,0,-1,-1,1,3,-1,2,-1,1,-1,0,1,3,3,2,1,1,3,3,1,3,2,-1,1,2,1,-1,3,2,3,0,1,2,2,0,3,2,0,-1,1,2,2,1,2,0,3,2,0,0,0,1,2,2,0,1,-1,2,3,1,-1,1,1,2,0,1,1,2,1,3,3,-1,-1,3,0
3859.13775046,0,3,3,2,0,2,1,0,1,3,3,-1,2,3,1,0,0,-1,-1,3,-1,2,1,1,2,3,3,2,3,2,-1,-1,1,0,1,-1,1,0,2,-1,3,1,3,-1,1,0,0,2,2,0,2,1,3,0,2,1,2,-1,1,2,3,3,1,0,0,-1,-1,2,3,-1,2,1,1,2,1,3,0,1,-1,1,3,3,0,0,1,0,2,3,1,-1
4007.11008061,-1,2,3,3,-1,3,1,1,-1,2,3,3,1,3,2,2,2,0,1,0,2,-1,1,3,2,0,0,2,2,-1,3,1,0,-1,1,0,1,0,1,-1,-1,0,0,-1,1,2,3,2,3,3,1,-1,1,3,0,0,-1,2,1,0,1,-1,2,1,2,0,2,-1,2,3,-1,0,2,1,2,2,3,0,0,0,3,-1,0,3,0,1,3,-1,2,1
3739.91652073,1,0,0,2,0,-1,0,3,2,-1,2,3,0,2,3,1,1,-1,3,3,3,0,0,2,3,-1,-1,3,0,2,1,1,-1,2,0,3,0,1,-1,1,3,0,2,2,3,1,-1,-1,2,2,3,2,-1,3,0,1,1,0,1,1,3,0,-1,-1,2,0,2,1,3,1,-1,-1,0,3,3,1,2,0,-1,0,-1,2,-1,-1,2,3,2,0,0,1
3830.38665004,2,2,2,0,3,3,1,-1,-1,2,0,0,0,-1,1,3,3,1,-1,1,3,-1,0,0,1,-1,2,1,-1,0,1,0,0,0,0,1,3,-1,0,3,3,2,-1,-1,-1,3,1,2,1,0,3,2,3,3,0,3,3,3,1,0,2,1,2,2,2,3,3,2,0,2,-1,3,2,-1,-1,1,1,0,0,1,1,-1,2,1,0,-1,2,0,0,1
3978.35898019,1,0,1,1,3,2,3,-1,-1,1,1,2,3,1,1,1,1,1,0,1,-1,0,3,-1,-1,-1,0,-1,0,-1,2,0,0,0,1,3,2,3,2,3,-1,3,0,1,2,2,2,-1,2,1,3,1,3,2,0,3,3,1,0,0,3,0,2,0,1,2,1,2,0,2,-1,0,-1,2,0,2,2,0,2,-1,1,3,0,1,0,-1,1,2,3,-1
3627.21220709,3,2,2,3,2,1,-1,3,0,-1,0,3,0,0,0,2,3,3,1,-1,3,-1,3,3,0,3,3,-1,2,-1,-1,-1,-1,-1,1,-1,3,2,1,-1,0,2,-1,-1,2,2,-1,2,-1,1,0,0,-1,2,-1,1,-1,-1,0,1,-1,2,1,0,1,2,2,3,2,0,3,0,2,2,3,0,1,1,-1,1,0,1,2,0,1,1,2,-1,2,0
4085.31307374,3,2,-1,1,3,2,1,3,2,0,1,-1,1,0,-1,0,2,2,1,1,2,3,-1,0,3,-1,1,0,0,2,3,2,1,3,0,0,0,0,1,3,0,3,-1,2,3,2,1,0,0,1,1,0,1,-1,-1,-1,3,3,3,1,1,0,-1,2,2,1,1,2,2,1,2,-1,2,3,0,0,0,1,2,3,0,3,2,2,3,3,2,-1,0,1
4048.89501321,0,1,3,-1,3,-1,0,-1,2,0,3,-1,-1,-1,3,0,0,1,2,-1,3,2,3,3,1,-1,-1,3,2,1,2,0,0,3,1,3,0,0,2,-1,3,3,1,1,2,2,1,3,2,2,3,1,1,2,0,2,-1,0,3,1,0,1,3,3,-1,3,2,0,0,1,1,0,1,-1,1,2,0,2,0,0,2,2,1,0,1,1,1,3,0,1
3839.20365417,2,3,0,3,0,2,1,0,1,3,1,-1,-1,2,3,3,-1,1,2,-1,-1,1,1,2,3,1,3,-1,0,2,1,0,0,1,3,1,-1,3,-1,-1,0,-1,-1,3,2,0,0,1,0,3,-1,0,2,0,0,1,0,-1,3,2,2,2,1,-1,2,3,1,2,3,1,-1,2,1,0,-1,0,3,0,2,2,1,3,1,0,2,3,-1,-1,1,2
4071.51254554,0,0,0,1,0,2,3,1,3,2,0,3,2,1,1,0,-1,0,1,0,2,0,0,-1,3,3,1,1,2,0,1,0,0,2,1,3,1,-1,2,0,3,-1,-1,3,2,3,2,2,1,3,3,0,2,3,-1,0,2,1,-1,2,2,1,2,2,2,-1,0,3,3,1,0,2,-1,3,0,-1,-1,1,1,2,0,-1,1,0,1,3,2,1,3,3
3699.28163214,0,2,0,3,1,2,0,2,1,-1,0,3,-1,0,3,2,-1,3,3,0,1,1,1,1,2,0,0,3,0,-1,2,0,-1,1,-1,3,3,3,0,-1,0,-1,0,-1,3,3,0,-1,2,-1,2,3,-1,2,2,3,3,3,2,-1,3,2,2,3,2,-1,1,-1,1,2,1,3,-1,1,1,1,1,3,1,-1,-1,0,0,0,2,2,3,1,1,2
4099.11360194,3,1,0,0,-1,1,1,2,0,3,0,0,-1,3,1,2,1,2,3,1,-1,0,0,3,3,0,3,-1,2,2,1,0,3,2,0,0,2,-1,3,1,0,2,2,1,2,-1,1,1,3,1,3,1,0,0,1,0,2,2,2,0,1,3,0,2,2,0,3,3,3,1,-1,0,3,-1,2,-1,-1,2,1,3,1,2,1,1,2,3,2,2,0,-1
3939.64083163,1,-1,0,-1,3,2,-1,3,0,0,0,-1,2,1,1,3,2,0,-1,0,-1,0,0,2,-1,0,2,-1,1,0,1,1,0,2,2,0,1,2,2,-1,1,-1,2,2,1,0,3,2,2,2,-1,3,3,2,1,-1,3,-1,3,1,1,-1,0,-1,-1,0,3,0,-1,2,3,-1,1,1,2,3,1,1,-1,0,1,-1,2,0,1,-1,0,-1,2,2
3818.11951386,2,0,0,3,0,0,1,3,2,0,-1,0,3,1,1,-1,1,0,-1,3,2,2,3,0,2,2,1,-1,1,3,2,2,1,1,-1,3,0,2,-1,1,2,0,1,3,2,3,1,-1,1,0,0,0,-1,-1,-1,-1,1,2,0,-1,3,1,2,1,3,2,0,2,-1,3,-1,0,0,3,-1,3,2,1,2,-1,1,1,0,0,1,2,0,1,0,1
3881.75528279,3,1,2,0,0,1,0,-1,2,0,-1,3,2,-1,2,2,-1,1,0,0,-1,1,1,1,2,0,2,3,-1,3,2,-1,3,0,3,0,2,1,3,1,1,3,0,2,0,1,2,1,0,0,0,0,0,3,3,1,0,1,2,2,3,2,0,-1,1,-1,1,2,-1,1,-1,1,2,2,-1,-1,3,3,1,-1,-1,-1,0,1,2,2,1,-1,3,2
3831.92004206,-1,2,1,-1,0,0,2,3,3,1,-1,-1,2,0,0,0,-1,1,-1,2,3,1,1,2,0,0,-1,3,3,2,3,-1,0,1,0,2,3,3,1,2,0,1,2,1,1,1,-1,1,0,-1,0,3,1,-1,-1,1,2,3,0,0,2,1,1,3,1,1,3,2,-1,1,0,3,0,-1,2,-1,0,-1,2,-1,2,-1,3,-1,3,0,2,2,2,1
4000.59316451,3,3,-1,0,0,3,2,0,1,0,-1,1,-1,1,0,1,3,3,-1,-1,0,2,2,1,0,2,0,-1,-1,1,3,3,1,2,3,1,-1,-1,2,0,2,3,1,2,0,3,0,3,1,1,-1,3,1,2,3,2,2,3,0,2,2,0,0,1,-1,2,0,0,3,1,-1,1,0,2,3,1,0,3,1,2,2,2,-1,1,0,1,-1,1,0,0
3730.33282059,1,-1,2,0,2,-1,-1,0,-1,0,3,3,1,2,0,0,1,0,1,-1,0,1,1,1,1,2,0,-1,1,2,2,0,3,1,1,-1,3,3,-1,2,3,-1,2,-1,-1,0,3,0,1,0,-1,-1,3,3,2,1,1,1,1,3,-1,2,0,-1,0,3,0,2,-1,2,2,2,2,2,-1,2,1,-1,3,2,3,2,0,-1,1,-1,3,0,1,2
3812.75264179,1,-1,-1,3,0,1,0,2,0,1,2,0,0,3,-1,0,-1,3,2,3,3,0,3,2,2,0,2,0,3,2,-1,3,1,1,0,2,-1,-1,2,-1,2,1,2,1,3,3,-1,-1,3,3,3,2,3,1,3,-1,1,2,1,1,0,-1,1,2,0,-1,1,0,-1,0,-1,1,1,1,0,1,1,2,-1,1,2,3,0,0,0,3,3,2,0,0
3821.56964591,3,0,0,1,0,2,2,-1,-1,1,2,-1,2,2,-1,1,1,1,-1,1,0,1,3,0,-1,-1,2,-1,3,1,2,1,3,-1,1,-1,3,3,1,0,2,0,2,3,-1,3,2,1,2,0,2,2,3,0,1,2,0,0,0,1,0,0,-1,-1,0,0,0,1,1,1,1,2,3,3,2,3,1,2,1,-1,0,-1,3,-1,2,2,0,-1,0,-1
3809.68585774,2,0,0,0,3,3,3,-1,3,0,2,-1,0,0,0,-1,-1,2,0,-1,3,2,1,2,1,3,-1,0,0,-1,3,1,2,1,0,-1,0,-1,2,2,0,1,3,0,2,1,1,0,-1,-1,1,-1,2,-1,1,-1,1,-1,2,1,1,2,0,1,-1,-1,1,2,2,0,-1,-1,1,2,0,2,2,1,2,1,0,-1,1,-1,2,0,-1,1,1,1
3756.40048497,-1,3,-1,0,-1,3,0,2,2,2,-1,3,0,-1,0,2,1,2,-1,0,-1,-1,-1,3,-1,-1,-1,1,1,-1,1,0,0,1,2,3,3,-1,2,1,1,-1,-1,0,2,2,3,0,0,1,-1,2,0,0,-1,0,1,2,1,-1,2,1,0,3,0,1,3,3,3,-1,1,2,1,0,0,1,1,1,2,3,-1,1,-1,2,3,2,1,0,2,2
3905.90620714,0,3,2,0,1,-1,-1,-1,3,2,1,-1,1,1,0,-1,2,0,2,0,2,-1,2,0,-1,0,1,-1,2,3,-1,-1,-1,0,2,0,-1,-1,1,2,2,1,2,1,0,2,-1,1,-1,1,-1,3,3,0,0,1,1,1,1,2,1,1,0,3,-1,2,0,2,3,3,0,0,1,2,2,-1,3,3,0,-1,3,-1,0,0,1,2,2,3,1,3
3993.69290041,3,3,1,3,0,0,3,-1,1,0,3,3,0,2,2,2,2,1,1,0,-1,-1,2,2,-1,1,2,1,3,2,2,0,1,-1,3,-1,2,1,-1,1,0,1,1,2,2,2,1,3,1,0,3,0,0,0,-1,1,-1,2,0,0,1,1,3,0,1,3,-1,3,-1,1,2,1,3,-1,2,0,2,-1,3,0,1,0,2,1,-1,-1,0,3,2,-1
3863.35457852,-1,2,0,1,2,2,2,3,1,0,2,3,-1,2,0,-1,3,0,0,2,1,1,0,-1,1,1,-1,3,0,3,3,0,3,0,1,3,3,0,0,3,3,1,1,2,-1,0,2,-1,1,1,3,2,1,1,1,2,3,-1,-1,-1,0,-1,0,1,1,0,-1,0,1,-1,0,1,3,2,-1,-1,0,1,-1,-1,3,-1,-1,0,0,-1,1,-1,3,3
3871.02153863,3,2,1,2,2,2,0,-1,2,0,0,1,2,0,3,3,2,0,-1,3,3,3,0,0,-1,3,1,1,2,1,2,-1,-1,3,0,2,2,1,-1,-1,2,3,1,0,1,2,1,3,1,0,0,2,1,0,3,2,1,3,-1,0,-1,-1,2,-1,1,2,3,-1,-1,1,1,0,-1,0,0,1,2,0,3,2,-1,-1,-1,1,0,1,1,3,0,3
4087.61316177,3,0,1,3,0,1,-1,2,2,1,2,2,3,3,3,1,3,0,3,1,0,-1,2,-1,-1,-1,1,2,1,1,3,3,2,1,1,2,2,1,0,3,3,2,0,3,1,1,-1,0,1,3,1,-1,0,3,0,3,-1,1,-1,-1,2,2,2,3,0,3,0,0,0,2,-1,0,0,2,0,1,2,2,0,0,0,2,-1,3,-1,1,0,-1,1,0
3941.55757165,3,0,2,0,0,3,1,1,-1,1,0,2,2,0,1,3,-1,0,2,3,2,0,-1,0,0,0,2,-1,2,1,3,0,0,1,-1,3,-1,1,1,1,0,2,0,3,3,2,0,-1,2,-1,2,3,1,1,1,2,-1,3,-1,3,-1,0,2,-1,0,0,2,2,2,0,0,1,-1,3,3,3,1,0,-1,1,2,2,1,-1,0,3,2,2,3,1
3907.05625115,2,0,-1,0,1,3,3,0,2,2,3,-1,0,2,2,1,0,-1,0,1,-1,0,-1,3,1,3,2,-1,0,-1,-1,1,0,3,-1,-1,1,2,1,3,2,1,0,3,3,1,0,2,-1,1,0,-1,2,3,-1,-1,2,1,2,1,1,-1,0,0,0,-1,1,2,1,0,-1,1,3,1,2,3,0,1,0,1,2,2,-1,3,2,0,2,0,2,0
3989.85942036,2,1,2,-1,2,1,0,3,0,3,0,2,1,3,0,0,1,3,0,2,2,0,2,-1,0,2,1,3,-1,3,3,1,1,2,-1,1,-1,2,-1,3,3,-1,-1,0,1,2,1,3,1,-1,-1,3,1,1,2,-1,0,3,3,1,2,-1,-1,0,1,1,-1,2,3,0,3,2,0,2,0,2,-1,1,3,3,0,1,1,0,0,0,0,3,2,2
3818.11951386,1,0,2,1,1,2,3,0,1,1,3,2,-1,-1,-1,-1,2,-1,-1,0,1,0,-1,1,0,0,-1,1,1,2,3,-1,2,0,2,1,2,1,0,-1,3,-1,0,2,1,-1,3,-1,0,3,1,3,2,-1,2,0,3,-1,0,2,3,2,0,1,3,2,3,-1,3,0,3,2,1,2,-1,3,3,2,0,0,2,0,1,3,0,3,2,2,0,1
3610.34489485,0,2,-1,-1,0,-1,0,3,2,3,2,2,3,3,-1,0,1,1,-1,-1,2,1,3,-1,-1,2,2,3,-1,0,3,-1,-1,2,3,1,2,1,-1,3,2,3,-1,2,-1,2,0,-1,1,0,0,-1,-1,1,1,0,0,1,-1,2,-1,0,2,2,3,0,0,2,0,0,3,1,0,-1,-1,-1,1,2,0,0,0,3,0,1,2,-1,0,1,1,3
3959.19157991,3,0,3,0,3,0,3,3,2,3,3,-1,2,3,1,0,2,3,0,1,1,1,2,1,1,2,1,3,1,-1,3,0,-1,0,2,2,1,1,1,3,0,1,1,0,2,2,2,-1,1,2,3,1,2,0,-1,2,-1,2,0,0,-1,3,2,2,-1,0,-1,0,0,2,1,1,2,-1,0,-1,1,2,3,3,1,-1,3,3,-1,0,3,1,-1,-1
3973.37545612,0,0,1,2,0,0,2,3,3,0,3,0,2,3,3,2,2,2,1,1,0,0,3,2,3,0,2,1,-1,-1,-1,1,1,2,-1,0,3,1,-1,-1,0,2,2,3,2,3,-1,1,-1,1,-1,2,2,1,2,3,-1,3,2,-1,2,2,1,3,-1,3,0,2,2,-1,3,0,-1,0,1,1,1,1,2,1,0,0,1,2,1,0,-1,3,0,3
3818.50286187,1,0,-1,0,1,-1,1,-1,3,1,1,2,1,-1,3,2,1,0,2,3,2,-1,-1,0,-1,1,3,0,0,-1,2,1,0,2,-1,0,3,0,1,1,-1,1,-1,1,2,3,3,0,2,2,-1,0,0,2,2,-1,0,1,1,3,-1,1,-1,-1,2,0,0,3,2,0,2,-1,-1,-1,0,2,2,0,2,-1,-1,0,0,2,1,3,2,2,3,3
3573.92683432,1,3,2,0,2,0,2,3,-1,1,2,0,3,1,-1,0,1,-1,1,2,1,3,0,-1,3,-1,2,1,0,1,-1,3,-1,2,3,-1,1,3,-1,2,2,3,1,-1,-1,1,3,1,2,2,2,2,-1,0,1,3,0,-1,-1,-1,1,0,-1,3,2,2,1,2,0,0,3,0,-1,-1,3,3,0,2,0,0,-1,0,-1,1,0,-1,2,-1,3,1
3830.00330204,3,1,3,2,-1,0,1,1,2,0,-1,-1,1,0,0,2,1,3,1,0,-1,2,2,2,3,2,-1,2,-1,2,-1,0,1,2,1,-1,1,-1,1,0,3,3,2,0,0,0,0,2,-1,3,1,3,0,-1,2,1,3,-1,2,3,-1,1,3,0,-1,-1,2,0,2,1,1,0,-1,1,1,0,-1,0,0,3,1,0,0,-1,1,3,2,-1,1,3
3659.03009156,2,-1,0,-1,2,1,-1,2,2,-1,-1,0,1,0,-1,0,-1,0,1,-1,-1,3,-1,2,3,0,2,3,-1,0,0,1,2,-1,3,3,2,-1,-1,3,3,3,0,1,0,3,3,1,-1,3,0,2,2,1,1,1,0,-1,1,0,1,-1,2,-1,3,1,0,-1,1,1,0,0,3,0,1,3,1,-1,0,1,3,0,2,2,2,2,-1,1,-1,-1
3935.42400357,3,-1,0,0,1,-1,-1,-1,0,3,1,0,3,3,2,-1,1,3,3,1,3,0,-1,1,-1,0,3,0,2,2,3,1,2,2,2,0,-1,-1,-1,0,0,2,3,3,0,1,3,2,2,3,0,1,1,1,2,3,1,1,-1,2,1,3,-1,3,0,0,2,3,2,0,0,0,-1,1,1,-1,-1,0,2,1,0,2,2,0,3,-1,2,-1,2,1
3968.00858404,3,2,0,0,1,-1,3,-1,2,0,2,2,3,-1,3,-1,0,2,1,-1,1,1,2,-1,0,1,-1,2,1,0,-1,3,0,3,-1,1,0,2,0,1,0,0,1,2,2,0,2,2,2,0,1,-1,1,0,1,3,0,-1,3,2,0,3,0,2,-1,0,2,3,3,-1,3,1,-1,1,2,0,2,0,3,3,1,1,-1,2,-1,1,-1,-1,3,2
3875.6217147,-1,0,3,-1,3,2,-1,3,3,-1,1,2,0,0,0,3,1,0,2,2,-1,-1,3,-1,-1,1,2,1,0,3,0,1,1,1,0,3,-1,2,1,0,2,2,0,3,3,1,-1,2,0,1,3,2,2,2,0,1,0,1,-1,-1,2,-1,2,0,0,1,1,-1,3,3,-1,0,2,1,0,-1,2,2,0,-1,1,-1,-1,1,0,2,1,2,1,0
3971.84206409,3,0,2,1,2,2,1,2,3,2,0,0,-1,3,-1,1,2,3,2,3,2,3,3,0,1,0,1,1,1,3,-1,3,0,0,2,2,0,2,3,1,0,2,2,1,3,-1,-1,-1,1,-1,1,1,-1,2,-1,2,0,2,3,3,0,2,0,-1,1,2,0,0,1,3,0,3,-1,2,3,1,1,-1,1,0,1,0,-1,-1,1,3,0,2,3,0
3940.02417963,-1,0,2,0,0,2,3,1,1,-1,0,-1,3,2,1,-1,3,3,3,2,-1,0,0,-1,1,2,1,0,3,1,2,-1,1,-1,0,3,1,2,2,1,2,1,1,2,3,0,2,0,0,2,2,0,-1,3,1,0,0,3,-1,2,-1,1,-1,1,1,2,0,2,2,0,0,0,3,1,-1,3,1,-1,1,3,3,-1,-1,0,-1,2,1,3,1,3
3756.40048497,0,1,3,1,3,2,3,-1,2,0,0,2,0,3,2,0,3,1,1,2,-1,2,-1,1,0,0,1,-1,-1,0,3,2,0,1,2,3,1,1,3,1,0,0,-1,2,-1,-1,1,3,2,2,3,2,3,1,0,3,2,3,1,1,2,-1,1,3,1,0,3,1,0,0,3,0,-1,3,1,3,-1,2,-1,-1,2,2,-1,3,1,0,-1,0,0,2
3654.04656748,-1,2,3,3,3,0,2,3,3,0,1,2,1,1,-1,1,3,0,2,0,-1,-1,-1,1,3,0,3,1,-1,1,2,3,2,-1,1,3,3,2,-1,3,0,-1,2,-1,-1,0,2,3,0,-1,1,-1,1,2,-1,3,1,0,1,0,2,-1,3,1,1,0,0,-1,2,0,2,0,3,3,0,1,3,0,3,2,1,3,0,-1,-1,2,1,1,1,-1
3599.61115069,2,2,1,1,3,2,0,1,-1,2,0,2,1,0,0,2,0,-1,0,1,-1,0,1,-1,0,0,1,3,3,2,0,-1,-1,0,1,0,2,1,-1,-1,0,0,-1,-1,-1,-1,1,-1,1,1,2,1,-1,1,0,2,2,-1,1,1,3,3,2,0,-1,0,-1,-1,2,0,-1,-1,0,3,2,0,3,-1,3,-1,1,3,2,3,2,1,3,2,-1,2
4063.07888942,1,1,0,2,0,1,3,0,3,2,1,0,1,0,3,3,2,-1,1,1,3,3,2,1,1,3,2,2,0,2,3,-1,3,2,3,3,2,1,1,0,1,3,3,1,3,-1,-1,2,-1,0,0,2,3,2,0,0,-1,-1,1,2,0,2,1,0,0,0,2,0,1,0,-1,1,0,-1,0,-1,2,1,1,2,2,3,2,0,3,-1,1,-1,-1,0
4064.99562945,-1,2,0,2,3,3,-1,3,0,-1,1,2,3,-1,3,3,0,3,-1,3,1,0,-1,1,3,2,3,1,1,0,1,2,2,2,3,1,0,2,2,-1,0,0,1,-1,3,1,2,0,-1,-1,0,0,0,2,0,2,0,3,3,2,2,3,1,1,1,1,1,2,1,2,-1,2,3,0,1,-1,0,0,1,2,2,-1,3,0,2,1,1,3,2,0
3894.78911498,2,-1,-1,3,0,1,-1,0,-1,-1,-1,0,-1,1,1,0,0,0,2,1,2,-1,3,2,2,0,1,1,3,-1,-1,-1,2,1,3,2,1,2,-1,2,3,-1,0,-1,3,-1,0,1,0,2,2,-1,0,1,1,3,0,0,0,0,0,2,0,0,0,2,2,1,1,3,2,-1,3,1,-1,2,2,-1,1,1,2,1,2,3,1,-1,2,1,-1,0
3791.66850148,0,2,0,2,1,0,2,-1,1,2,0,1,1,0,0,2,-1,2,1,0,2,0,0,3,1,-1,2,0,1,2,1,3,-1,3,0,3,2,-1,-1,-1,2,1,2,1,-1,0,0,3,2,-1,0,3,-1,-1,3,0,3,3,3,1,0,2,3,-1,2,2,1,1,3,1,0,3,1,3,2,3,3,0,-1,1,2,0,3,2,2,2,-1,-1,-1,1
3483.45670501,0,3,3,0,2,0,-1,3,2,-1,3,1,-1,1,-1,-1,0,3,1,0,-1,0,-1,1,3,-1,2,1,0,0,-1,2,-1,0,2,3,1,1,0,2,2,1,2,-1,1,1,0,-1,3,1,0,3,1,2,-1,1,0,-1,2,0,-1,2,2,3,2,-1,1,1,-1,1,3,-1,-1,1,1,2,2,-1,2,-1,-1,-1,0,-1,0,2,1,2,0,0
3975.67554415,3,2,2,1,0,-1,-1,3,2,1,-1,-1,3,2,2,-1,-1,-1,0,1,0,2,3,1,2,3,1,1,0,0,-1,1,2,0,2,0,3,2,2,1,0,2,1,3,2,1,-1,3,-1,0,2,3,1,3,1,3,0,-1,3,0,0,0,0,2,3,3,1,2,0,0,0,1,2,-1,-1,-1,1,2,1,1,1,-1,2,3,3,-1,-1,1,-1,0
3811.60259777,-1,2,3,-1,3,2,3,0,-1,2,2,-1,2,2,3,1,1,0,2,3,1,0,0,3,-1,3,0,0,2,2,-1,2,0,-1,1,1,2,-1,-1,0,-1,0,2,-1,0,1,1,-1,-1,-1,0,3,3,0,0,1,0,3,1,-1,-1,1,-1,3,-1,1,0,-1,3,0,2,1,0,-1,2,1,3,2,2,3,0,1,0,2,0,0,1,2,3,3
3815.43607782,3,3,0,-1,3,1,3,1,-1,-1,0,1,0,3,3,1,1,3,0,0,1,-1,0,0,2,3,1,1,2,1,0,0,0,3,3,2,0,2,1,2,2,2,-1,-1,3,-1,2,2,3,2,0,3,-1,3,2,-1,2,-1,3,-1,3,0,-1,1,0,1,3,-1,1,0,0,1,-1,-1,2,1,-1,2,2,0,1,2,1,-1,2,2,1,1,2,1
4042.37809712,1,-1,3,-1,1,2,0,-1,0,0,3,1,-1,2,3,0,-1,3,2,3,1,3,2,1,-1,2,2,2,0,-1,1,3,1,1,-1,0,3,1,-1,1,2,2,3,1,1,2,0,3,2,3,0,1,0,1,2,2,0,1,2,3,2,3,0,-1,0,3,2,0,-1,-1,-1,0,1,3,3,1,2,3,0,0,0,3,0,2,-1,1,1,0,0,2
3778.25132129,1,3,0,0,-1,-1,1,1,2,0,2,3,-1,3,1,1,2,0,1,2,2,-1,0,3,3,-1,2,3,-1,0,0,0,1,0,0,-1,1,3,2,0,0,-1,3,-1,2,-1,0,1,3,-1,3,3,1,3,2,0,2,1,1,-1,-1,1,2,3,-1,2,3,3,0,3,3,3,1,2,0,0,1,0,1,2,2,1,2,-1,0,-1,2,-1,1,1
3881.75528279,-1,1,1,2,3,-1,0,-1,3,0,0,3,1,3,2,-1,2,-1,0,3,-1,2,2,0,3,0,0,1,2,0,-1,1,2,3,3,-1,1,0,2,0,-1,1,1,2,0,0,2,-1,-1,1,0,1,2,0,3,-1,2,3,3,3,3,-1,1,0,1,-1,3,0,2,0,1,-1,1,1,0,3,2,2,1,2,2,1,3,1,1,-1,0,2,2,-1
3837.67026215,3,3,2,3,3,1,2,3,2,-1,1,2,2,0,-1,2,0,3,0,2,-1,3,0,3,1,3,1,0,2,-1,2,3,-1,1,2,-1,1,3,1,1,0,2,2,0,2,3,3,-1,-1,-1,-1,0,1,1,2,2,1,0,0,3,-1,2,3,0,3,3,-1,0,0,1,1,1,1,0,2,1,2,3,3,2,0,-1,-1,3,-1,-1,1,1,0,2
3992.15950839,2,1,0,2,0,3,0,-1,0,2,1,1,1,3,1,2,-1,1,-1,1,2,3,2,2,1,3,0,3,3,1,-1,0,0,2,-1,0,1,2,3,3,-1,1,2,1,3,3,3,2,-1,3,2,3,2,-1,2,-1,0,1,0,3,2,2,1,0,0,-1,0,-1,1,1,1,3,0,0,3,-1,2,0,-1,2,2,-1,0,1,1,1,0,1,-1,0
3853.77087838,0,1,-1,2,0,3,0,0,2,2,3,1,1,0,3,-1,3,0,2,-1,1,1,-1,1,0,1,-1,3,1,2,3,2,0,1,1,1,1,3,0,1,2,2,0,3,-1,0,0,0,3,1,1,3,-1,2,2,3,3,0,0,-1,-1,-1,1,-1,2,3,3,-1,0,1,2,1,2,0,2,1,0,3,3,2,-1,2,2,2,0,-1,-1,0,-1,-1
4097.96355792,3,3,1,-1,0,3,1,1,3,1,0,1,3,2,0,-1,0,0,3,3,2,1,3,1,3,1,2,3,-1,3,0,1,0,2,1,3,2,-1,1,0,1,1,2,2,0,-1,-1,2,-1,1,2,0,3,-1,-1,3,2,2,2,0,0,-1,1,2,1,0,-1,2,0,3,2,2,-1,0,-1,2,1,2,2,1,0,2,3,0,1,0,1,3,3,0
4076.49606961,1,0,3,0,1,3,-1,0,1,0,-1,0,0,-1,-1,1,3,1,0,3,2,0,0,-1,0,-1,1,0,-1,3,-1,2,0,2,2,2,2,2,-1,2,0,2,-1,1,1,0,1,0,2,3,2,1,3,3,1,0,1,3,0,-1,-1,2,3,3,2,-1,3,2,2,-1,2,3,2,3,1,0,1,2,2,1,1,1,-1,1,2,-1,1,2,3,0
3936.95739559,3,2,3,2,3,0,2,-1,1,3,3,3,2,3,2,0,0,0,0,3,0,1,-1,-1,-1,1,1,2,1,3,3,2,0,2,3,-1,0,-1,2,2,1,0,2,1,2,0,0,-1,1,1,1,-1,2,1,1,2,2,-1,-1,1,-1,2,1,0,0,3,2,0,-1,0,3,3,1,1,1,3,0,-1,0,0,1,3,0,2,2,1,-1,2,2,-1
4055.0285813,1,0,1,-1,3,-1,0,2,0,3,1,0,1,3,0,0,2,3,0,0,2,0,-1,0,3,2,1,3,1,-1,1,-1,2,0,1,0,2,3,1,0,2,3,2,1,2,-1,1,3,3,2,0,-1,1,-1,2,-1,3,3,3,0,2,2,0,-1,2,2,2,1,-1,1,1,2,-1,3,2,2,-1,1,1,0,0,-1,2,1,0,3,-1,0,1,1
3904.75616312,1,1,2,-1,3,-1,-1,1,-1,0,0,3,2,1,0,0,1,0,3,0,3,0,0,0,0,-1,2,2,1,1,3,3,2,2,3,2,3,2,-1,1,-1,1,0,2,3,2,1,1,0,2,1,0,1,3,2,-1,1,1,3,-1,0,2,-1,-1,3,3,2,-1,0,0,-1,0,1,2,1,2,1,3,-1,-1,0,1,3,2,2,-1,-1,1,0,2
3798.95211359,1,2,1,2,1,2,2,1,0,-1,1,0,1,2,3,0,3,2,-1,3,0,-1,0,-1,2,-1,-1,1,3,1,1,0,2,1,3,1,0,-1,-1,2,1,3,3,3,1,-1,0,0,2,3,0,0,3,2,3,1,0,-1,3,0,3,1,1,0,3,2,3,-1,-1,3,-1,3,2,1,-1,-1,3,-1,0,0,0,0,0,3,2,1,-1,2,2,0
3802.78559364,3,2,0,-1,-1,1,1,0,-1,0,3,2,3,0,1,1,-1,1,2,1,0,2,1,-1,0,3,0,3,1,-1,3,1,3,3,2,-1,3,-1,-1,0,0,0,1,2,-1,-1,1,1,3,1,0,-1,3,0,-1,0,2,-1,0,3,2,0,2,0,-1,2,0,3,3,0,1,-1,2,-1,2,-1,2,2,2,2,0,1,3,2,0,0,2,3,3,2
3860.67114248,0,0,3,3,2,0,0,-1,2,2,2,-1,3,-1,-1,3,1,2,3,1,1,0,3,0,3,1,2,3,1,-1,2,2,3,-1,-1,1,2,1,-1,0,2,-1,0,1,-1,2,0,-1,1,2,0,0,0,2,3,3,0,-1,3,3,1,2,0,2,1,0,3,1,2,1,0,-1,0,-1,0,0,-1,3,-1,1,2,3,1,-1,1,3,3,1,2,1
3721.51581646,1,-1,0,-1,1,2,-1,-1,3,0,2,3,0,2,-1,3,-1,3,3,0,3,2,0,3,1,2,3,1,1,-1,0,2,1,1,3,-1,3,3,2,-1,3,3,-1,1,0,0,0,1,1,2,3,-1,2,-1,-1,1,0,0,2,0,2,0,1,2,-1,0,0,2,2,3,3,1,2,3,2,-1,2,1,-1,0,3,-1,-1,3,1,0,3,3,2,0
3746.81678483,0,1,1,0,0,1,2,3,-1,2,1,0,-1,1,-1,0,-1,0,-1,0,0,2,-1,1,-1,1,2,3,-1,0,-1,-1,1,-1,1,3,-1,0,0,2,1,3,3,0,0,-1,2,0,2,2,2,2,1,-1,1,0,0,1,3,2,1,3,0,0,3,2,2,-1,2,0,-1,-1,2,-1,2,-1,3,1,-1,2,2,3,1,1,0,3,2,1,3,1
3946.92444373,1,-1,1,2,1,1,-1,3,2,3,2,2,2,2,-1,1,-1,0,1,0,0,0,0,1,-1,-1,-1,0,2,0,-1,2,1,2,2,1,3,0,-1,-1,2,2,3,2,0,-1,-1,1,1,2,3,2,0,3,1,-1,-1,0,-1,1,3,-1,1,-1,1,3,-1,0,3,0,0,1,0,3,2,0,3,3,0,2,1,1,3,0,2,0,0,3,-1,1
3933.50726354,2,2,1,1,2,3,0,3,3,1,1,2,3,-1,2,-1,-1,1,3,0,0,-1,2,1,0,-1,-1,-1,0,0,2,2,2,3,3,1,2,-1,1,0,0,-1,-1,0,2,0,-1,3,3,0,2,2,3,1,1,-1,1,-1,1,-1,3,0,-1,1,3,3,2,0,3,0,-1,1,3,0,3,3,0,1,1,0,1,-1,2,0,2,3,2,2,1,1
3856.45431442,0,1,1,0,2,3,0,-1,-1,0,3,2,1,1,2,-1,0,2,-1,0,0,2,-1,0,3,-1,2,0,3,2,2,-1,2,-1,2,-1,1,2,-1,0,1,3,-1,-1,1,1,-1,2,0,1,1,2,1,3,-1,-1,1,2,3,2,0,0,3,1,-1,-1,-1,3,1,1,2,1,1,-1,0,0,0,0,1,0,3,3,-1,1,0,2,1,0,2,3
3957.65818789,2,2,-1,-1,2,1,-1,2,-1,0,2,0,3,1,2,0,0,-1,-1,1,3,1,0,0,0,-1,1,2,0,3,3,3,0,1,2,3,3,-1,2,1,1,1,2,2,0,0,0,1,1,1,3,2,1,3,1,0,2,-1,1,-1,3,2,1,1,3,2,-1,-1,-1,3,2,1,3,0,0,2,-1,0,0,0,0,3,-1,-1,1,0,-1,2,-1,1
3979.89237221,0,2,2,1,0,1,-1,3,1,2,1,2,0,3,2,2,-1,-1,0,1,2,0,0,1,0,3,1,1,3,-1,3,2,0,2,3,3,1,2,2,3,3,3,2,2,2,-1,1,-1,3,-1,0,-1,0,3,2,2,1,1,-1,1,1,2,0,3,-1,-1,1,1,-1,0,3,0,1,0,0,2,3,0,0,3,1,0,-1,0,1,0,2,1,2,-1
4040.46135709,0,-1,1,-1,-1,0,1,0,2,2,0,2,2,-1,0,-1,0,2,1,1,0,3,2,2,2,2,3,1,2,-1,-1,0,1,-1,2,-1,2,0,1,3,3,-1,-1,0,0,-1,1,2,2,3,1,0,2,3,2,1,1,2,2,0,0,2,3,0,0,0,3,1,1,3,1,-1,1,3,0,1,0,1,-1,1,3,-1,3,3,1,-1,3,1,3,0
3974.52550013,0,0,1,1,3,2,1,0,2,-1,0,0,1,1,-1,2,1,0,-1,0,1,1,0,0,1,1,3,0,2,0,-1,1,1,-1,-1,1,3,3,2,1,0,2,3,-1,2,3,-1,-1,3,3,-1,3,-1,2,-1,3,2,2,1,1,0,2,2,2,-1,0,0,1,2,2,-1,2,0,-1,0,3,0,-1,3,2,0,1,-1,2,1,2,1,1,2,3
3974.14215213,-1,3,2,3,-1,2,3,2,0,-1,-1,0,3,0,3,1,2,3,0,2,3,-1,0,1,1,0,1,1,-1,-1,2,1,2,2,-1,1,0,0,1,2,2,1,2,-1,0,0,0,1,-1,3,1,1,3,-1,0,3,-1,1,-1,2,1,0,-1,2,-1,2,2,0,3,3,1,3,3,0,-1,0,3,2,-1,0,1,1,3,3,2,0,0,1,1,2
3933.89061154,2,2,-1,1,3,-1,0,2,1,2,0,2,0,2,3,0,1,3,0,0,2,0,2,-1,1,0,2,3,-1,2,2,3,-1,1,-1,3,2,3,0,-1,-1,-1,0,0,2,1,1,1,2,-1,2,0,1,3,0,1,-1,-1,3,-1,0,-1,1,0,2,0,1,0,1,-1,2,0,1,3,1,1,0,0,2,2,3,3,-1,3,-1,1,3,3,0,1
3899.77263905,0,2,0,-1,0,3,3,-1,-1,3,2,3,0,-1,2,1,1,0,1,3,-1,3,-1,3,-1,0,2,1,1,1,2,2,2,1,-1,-1,2,2,3,1,-1,0,2,0,3,-1,1,2,0,0,1,2,0,2,0,0,1,2,0,2,3,1,1,-1,3,0,-1,0,1,2,3,1,0,3,1,1,2,2,0,-1,3,1,-1,1,0,0,2,3,3,-1
3720.74912045,3,-1,-1,2,1,3,0,-1,2,3,2,2,2,3,-1,1,2,2,3,0,2,3,2,-1,-1,3,1,1,-1,-1,3,-1,1,0,0,-1,1,1,2,-1,0,3,0,0,2,3,1,0,0,-1,0,2,0,2,3,3,3,0,1,-1,2,0,3,2,3,0,0,2,-1,1,1,1,0,1,2,-1,-1,3,-1,1,1,0,0,0,0,-1,1,2,2,3
3984.49254828,2,2,0,1,0,3,0,0,0,-1,0,2,3,0,1,1,1,2,-1,2,1,2,1,3,2,3,3,1,2,1,2,-1,0,2,2,0,0,1,1,1,2,1,3,0,-1,-1,3,-1,2,0,0,0,3,1,3,3,2,0,0,-1,1,1,0,1,3,0,3,0,3,-1,-1,2,1,2,3,3,1,3,1,1,-1,-1,-1,1,-1,-1,2,3,2,-1
3900.53933506,2,0,0,0,3,2,0,1,-1,1,1,-1,-1,3,3,1,-1,3,2,0,1,-1,1,-1,1,3,2,3,-1,-1,-1,3,1,2,0,-1,2,1,3,1,2,1,2,0,1,0,-1,-1,2,2,1,2,1,2,3,2,0,3,1,2,3,0,0,0,1,2,-1,2,3,0,0,0,1,2,2,-1,0,-1,3,0,1,3,-1,-1,-1,0,-1,1,2,1
3670.91387973,0,3,-1,0,0,0,1,3,1,2,-1,-1,0,1,-1,1,2,1,0,1,-1,-1,2,-1,2,0,2,2,-1,2,3,-1,1,1,1,2,0,0,2,-1,2,0,-1,2,1,0,2,3,0,2,1,-1,2,-1,1,1,3,0,3,0,3,1,-1,2,1,2,2,0,-1,0,1,-1,0,-1,-1,2,1,3,3,-1,2,1,1,-1,3,3,2,3,3,1
3833.45343409,-1,1,2,1,1,-1,1,0,1,2,2,3,1,3,-1,1,1,0,0,-1,0,2,3,-1,2,0,1,1,0,1,0,3,3,2,1,-1,2,3,1,3,2,2,3,2,3,0,3,3,2,-1,1,2,-1,-1,0,1,3,-1,3,1,-1,0,0,-1,3,2,2,2,0,0,3,3,2,2,0,-1,2,1,-1,3,3,1,-1,1,-1,2,0,2,2,3
4002.12655653,0,2,0,3,3,1,3,-1,2,0,2,0,2,1,1,-1,3,0,0,1,-1,0,2,0,3,3,2,2,2,-1,1,3,3,-1,3,-1,-1,3,3,1,0,0,2,-1,2,1,2,2,1,0,3,0,3,1,-1,2,0,1,0,0,2,2,1,-1,3,1,2,3,0,1,3,1,-1,-1,0,1,1,1,2,3,-1,2,1,1,0,2,2,0,0,-1
3829.61995403,2,-1,2,-1,0,2,3,0,0,1,1,3,1,-1,-1,0,2,3,1,0,-1,1,-1,2,1,0,1,0,2,0,3,-1,1,1,0,1,2,3,0,-1,0,2,3,1,0,3,1,-1,3,-1,2,3,2,1,3,0,0,0,2,3,3,2,3,-1,1,2,0,1,2,3,3,-1,1,3,3,-1,1,-1,-1,0,1,3,1,-1,2,2,2,2,-1,0
3649.06304341,2,3,3,1,-1,1,1,3,1,1,-1,0,0,-1,0,-1,3,2,0,1,2,-1,3,2,2,2,2,0,2,3,0,0,0,-1,1,-1,0,3,2,3,2,0,3,-1,-1,2,2,1,3,3,0,0,1,3,2,3,3,1,1,0,-1,0,3,-1,2,3,2,-1,-1,0,2,3,3,1,2,3,1,-1,-1,0,-1,1,2,1,2,-1,1,0,0,-1
3831.53669406,0,2,3,-1,3,3,1,3,3,1,-1,3,1,0,1,2,-1,2,3,3,3,2,2,0,1,0,0,1,1,-1,3,2,2,1,1,1,3,0,1,2,0,3,2,0,-1,-1,-1,-1,-1,-1,-1,2,1,0,-1,0,-1,1,-1,1,0,2,0,-1,-1,3,3,-1,2,1,0,-1,1,2,0,3,2,0,0,2,0,3,0,0,0,-1,3,1,2,3
4048.1283172,3,2,1,-1,3,2,1,1,3,3,3,2,0,2,3,2,0,-1,2,1,2,3,3,3,0,0,3,1,1,-1,1,0,1,2,-1,-1,3,1,1,3,0,2,-1,-1,3,0,-1,0,0,3,-1,3,0,2,2,0,1,0,-1,3,0,2,2,0,-1,2,-1,1,1,3,3,1,0,0,2,2,2,2,0,3,2,1,1,0,2,1,-1,0,1,2
3883.67202281,1,2,-1,2,0,2,3,-1,2,2,3,3,1,2,-1,1,-1,0,0,0,-1,3,3,0,-1,3,0,0,0,3,2,1,3,1,0,2,1,2,1,3,-1,1,2,0,2,3,-1,0,2,3,-1,-1,3,1,2,1,1,2,0,3,1,0,1,1,1,2,1,3,0,0,-1,-1,0,0,-1,-1,0,2,2,1,3,1,3,-1,-1,0,2,0,1,-1
3956.89149188,2,-1,3,2,2,-1,0,0,3,1,0,3,2,0,0,3,2,2,1,2,3,0,-1,2,3,-1,-1,0,-1,3,2,1,0,1,1,1,-1,3,1,1,2,-1,2,1,1,-1,2,2,0,-1,-1,0,3,0,0,1,3,1,1,0,1,2,2,-1,-1,-1,3,3,0,3,0,2,3,0,3,1,-1,0,1,3,0,-1,2,0,2,2,1,0,3,1
3558.9762621,1,1,0,2,-1,0,3,1,0,2,2,1,-1,1,-1,-1,-1,3,0,0,-1,1,0,1,0,1,2,-1,1,0,-1,0,2,1,2,2,-1,-1,3,2,-1,2,2,1,1,-1,1,-1,0,3,2,0,3,-1,2,3,2,3,-1,-1,1,-1,3,3,1,2,0,2,3,1,2,1,0,-1,0,1,0,-1,2,2,3,3,3,0,-1,-1,3,2,1,2
4125.56461433,-1,3,3,0,-1,-1,-1,2,0,1,0,2,1,1,0,1,1,2,-1,0,3,1,-1,-1,0,0,-1,2,1,3,0,1,2,2,3,3,3,3,-1,2,1,1,0,1,0,1,1,1,2,3,0,1,-1,0,2,-1,2,1,-1,3,0,3,1,2,3,3,0,2,1,2,3,2,-1,0,1,2,2,0,1,2,1,2,2,3,3,0,2,1,0,3
3443.58851243,-1,1,0,-1,1,2,0,-1,-1,-1,3,1,-1,3,-1,1,3,1,-1,1,3,2,0,0,1,2,-1,-1,2,2,1,1,1,0,0,2,2,3,-1,1,1,-1,3,3,-1,2,0,1,0,-1,2,0,0,2,-1,-1,-1,3,-1,3,-1,-1,-1,2,2,0,1,0,0,-1,0,1,2,2,2,3,3,0,1,-1,3,1,1,0,3,2,-1,1,0,1
3938.49078761,1,2,-1,0,2,1,0,2,3,2,-1,1,0,0,2,0,2,-1,3,-1,2,1,2,-1,1,2,0,0,3,-1,1,3,0,1,-1,0,-1,0,1,3,1,1,2,1,1,-1,3,0,2,1,3,2,2,-1,3,2,1,0,1,0,-1,1,0,0,3,2,2,1,0,-1,1,-1,3,0,2,1,0,3,0,-1,2,-1,3,-1,-1,3,2,1,0,3
3862.2045345,1,-1,0,-1,2,3,3,1,-1,1,0,1,-1,2,0,1,2,2,0,2,2,-1,0,0,-1,2,0,3,2,3,1,0,1,3,1,-1,3,1,-1,0,3,3,-1,3,3,-1,1,0,2,2,-1,-1,2,0,0,1,-1,2,0,2,0,1,-1,3,0,3,1,3,2,3,1,-1,1,1,2,1,2,3,0,2,1,0,1,0,1,-1,2,-1,2,-1
4175.39985505,-1,3,2,-1,2,3,-1,1,2,3,0,1,-1,2,1,0,2,1,-1,1,0,3,-1,3,-1,3,1,0,1,0,0,2,1,-1,2,1,2,2,1,1,3,2,3,3,0,1,0,2,3,-1,2,3,1,-1,0,0,2,0,3,0,0,2,0,2,3,-1,3,0,0,0,1,1,2,3,3,1,0,3,2,1,0,-1,2,3,0,2,3,2,3,-1
3757.55052898,1,2,2,2,-1,1,-1,2,-1,3,0,0,3,3,2,1,-1,0,0,-1,2,1,0,3,3,2,-1,-1,2,1,0,2,1,3,3,-1,2,0,-1,1,0,3,1,2,-1,3,0,1,0,-1,1,-1,-1,0,1,3,2,3,3,0,3,2,3,-1,3,1,1,2,2,0,1,2,2,0,1,0,2,-1,-1,-1,2,0,0,0,1,1,1,1,2,2
4004.42664457,-1,3,2,2,0,0,2,3,1,1,0,2,0,2,3,-1,0,0,1,2,-1,2,0,0,1,1,0,2,1,1,3,1,2,2,0,1,2,-1,-1,1,0,0,0,0,2,-1,3,0,0,3,1,0,3,2,2,2,3,2,-1,-1,2,-1,3,-1,3,0,1,1,1,-1,1,3,3,0,1,3,-1,2,1,-1,2,3,-1,2,1,0,1,1,3,3
4011.71025667,-1,2,1,2,3,3,-1,1,-1,2,-1,0,2,3,0,2,2,2,0,0,1,1,3,3,0,-1,0,0,2,1,-1,0,1,-1,0,1,0,0,2,1,3,-1,2,2,1,3,2,1,3,0,2,-1,0,1,3,2,-1,1,3,-1,2,2,1,0,1,1,2,0,0,2,-1,-1,1,-1,3,1,1,3,-1,3,1,-1,2,2,0,0,1,2,-1,0
3869.48814661,2,1,3,-1,3,0,-1,-1,-1,-1,2,2,-1,3,0,2,2,3,1,-1,2,2,0,1,3,0,-1,0,2,3,-1,1,0,1,0,0,-1,2,3,1,-1,3,0,2,1,2,1,2,3,3,0,0,-1,2,2,0,-1,0,-1,2,1,1,1,1,3,2,1,0,3,1,3,2,0,1,1,3,1,2,1,0,0,-1,0,-1,1,3,1,2,3,2
3976.44224016,-1,-1,-1,-1,0,2,1,0,3,2,3,0,1,-1,1,-1,0,2,3,0,1,0,1,1,2,1,2,2,2,0,3,2,2,-1,-1,2,1,3,1,1,-1,-1,0,-1,0,3,2,2,0,0,0,-1,3,2,3,3,2,1,0,-1,3,2,0,1,0,1,1,0,1,-1,-1,1,2,-1,0,3,0,0,1,3,0,2,1,3,3,1,3,3,0,-1
3998.29307648,0,3,0,0,0,3,3,0,2,3,2,2,3,0,1,0,1,0,2,0,0,3,1,2,1,-1,2,1,0,-1,-1,-1,1,-1,-1,1,-1,1,1,1,2,2,1,3,0,1,-1,-1,0,-1,-1,2,2,2,1,-1,3,-1,3,2,2,-1,-1,0,3,0,-1,-1,-1,3,1,1,0,2,0,2,0,0,1,1,0,3,-1,3,2,1,3,2,3,3
3868.7214506,3,0,1,2,1,1,2,1,3,3,2,-1,-1,0,3,-1,2,1,-1,-1,3,0,3,1,1,2,3,-1,0,1,2,1,-1,-1,3,0,-1,0,0,-1,1,2,2,2,2,3,1,1,3,3,0,3,0,-1,1,0,2,1,2,0,2,2,-1,0,-1,1,1,0,-1,0,-1,2,0,2,-1,0,0,2,1,-1,2,0,3,0,1,3,3,2,1,1
4050.81175324,2,3,2,0,2,0,3,0,-1,1,3,3,1,2,3,2,0,1,0,0,2,0,2,1,3,3,3,1,3,-1,3,-1,2,-1,-1,3,2,-1,2,1,1,0,0,0,0,1,-1,-1,2,3,3,-1,2,1,0,0,0,3,2,0,0,-1,0,2,2,1,1,0,1,1,3,1,2,2,1,3,-1,2,2,1,-1,0,0,-1,1,1,2,3,1,3
3777.86797328,1,1,0,0,0,3,3,-1,1,-1,0,2,1,0,2,1,2,1,-1,3,2,3,1,1,0,-1,-1,2,1,1,0,2,3,3,1,0,0,0,0,3,2,-1,3,2,2,-1,1,-1,0,0,0,2,2,3,2,1,1,-1,-1,0,3,-1,0,2,-1,0,3,2,1,-1,0,3,1,2,3,3,2,1,2,-1,2,3,2,-1,3,0,-1,3,2,3
3897.47255102,-1,1,3,0,0,3,3,0,-1,-1,1,2,-1,-1,1,2,2,3,1,3,-1,0,2,-1,1,2,2,2,-1,0,-1,-1,3,-1,2,1,2,2,0,1,-1,2,0,2,1,1,1,3,0,1,1,0,0,2,3,0,1,3,2,0,0,1,3,1,3,3,2,3,-1,1,3,-1,0,2,-1,0,0,2,0,3,3,-1,0,2,1,1,2,0,1,-1
3754.48374494,1,1,2,1,1,0,1,0,3,0,0,1,3,1,0,2,0,3,2,-1,-1,3,-1,2,-1,1,1,0,2,3,0,1,0,-1,-1,0,2,3,-1,-1,2,1,1,1,2,2,2,2,0,2,2,3,3,3,0,2,3,1,-1,-1,0,3,0,2,2,3,1,2,3,2,-1,0,2,3,2,3,-1,1,1,-1,0,1,-1,-1,2,-1,0,3,0,-1
3852.62083436,2,1,1,0,3,1,2,3,3,1,1,3,3,-1,2,2,0,-1,0,-1,3,3,3,0,3,0,-1,2,-1,0,-1,-1,-1,2,1,-1,3,2,0,1,2,0,0,1,0,0,3,1,-1,2,1,0,2,-1,3,2,1,1,-1,1,3,-1,2,0,1,1,0,0,1,3,1,3,2,0,1,-1,2,1,0,2,2,2,3,3,-1,0,0,0,0,-1
3789.36841345,1,-1,2,2,0,-1,1,-1,3,3,-1,1,-1,1,2,1,1,3,-1,0,3,2,-1,3,1,2,-1,2,2,1,3,-1,-1,0,-1,-1,0,1,3,-1,1,-1,0,0,-1,-1,-1,0,3,-1,2,2,2,0,0,0,0,-1,2,0,3,2,0,1,2,0,3,-1,1,1,1,2,2,0,1,1,2,3,3,1,3,0,0,2,0,2,0,0,2,1
3990.24276836,3,-1,1,0,2,2,0,3,-1,3,1,2,0,2,0,2,1,-1,3,3,0,2,2,2,2,3,3,-1,0,-1,-1,1,3,1,3,1,2,2,0,3,1,-1,1,2,-1,1,1,1,0,3,1,-1,0,0,1,-1,0,2,0,0,1,3,1,-1,-1,2,-1,2,2,-1,0,3,0,2,0,2,0,1,0,-1,2,1,1,1,0,-1,2,1,2,3
3863.35457852,2,3,-1,3,1,3,-1,2,2,0,1,1,2,3,1,3,0,1,3,1,-1,1,-1,0,2,2,-1,0,-1,2,-1,0,2,0,1,2,0,2,3,3,0,3,2,2,1,1,1,-1,3,-1,2,2,0,0,-1,3,0,-1,1,2,3,-1,1,3,1,0,3,1,-1,3,2,0,1,2,2,0,-1,3,-1,1,0,0,1,2,-1,1,1,0,-1,3
3792.43519749,1,1,2,1,3,1,0,0,-1,3,2,0,3,3,-1,3,1,-1,-1,3,2,3,2,3,0,3,2,0,0,1,-1,3,0,2,3,0,2,2,0,-1,2,3,0,-1,-1,-1,0,2,2,-1,-1,-1,1,1,2,0,1,0,1,-1,0,1,2,3,-1,0,1,-1,2,2,3,0,2,0,2,1,1,2,3,0,0,-1,1,2,1,1,3,-1,1,1
4131.69818241,-1,2,0,2,1,2,-1,0,2,2,2,-1,2,1,1,0,0,3,3,0,2,0,3,0,-1,0,3,2,3,2,-1,-1,1,3,0,1,3,1,2,3,3,3,-1,-1,0,1,3,2,1,1,1,0,1,2,-1,-1,0,1,1,2,-1,3,0,0,2,0,-1,1,1,3,0,2,2,0,0,0,3,2,3,3,1,3,2,1,-1,1,-1,0,2,1
3802.01889763,1,-1,-1,1,-1,1,0,1,-1,2,2,-1,2,3,3,3,2,1,-1,0,0,1,0,0,0,3,2,1,-1,0,3,-1,3,1,2,3,2,2,3,3,2,0,1,1,2,0,1,-1,1,2,3,3,-1,-1,3,3,-1,1,2,2,0,2,-1,2,-1,0,2,-1,2,3,0,0,2,1,2,1,3,3,3,0,0,3,1,2,1,3,1,1,0,1
3645.22956335,0,0,2,0,0,0,2,3,0,2,3,0,1,1,-1,3,-1,0,0,0,-1,1,0,3,1,-1,1,1,-1,2,3,1,-1,-1,2,-1,0,3,3,1,2,3,2,3,-1,1,2,2,1,3,3,1,-1,0,2,1,-1,0,0,-1,-1,0,2,-1,2,2,-1,2,-1,1,3,3,3,1,3,-1,2,2,2,1,1,-1,0,-1,1,3,-1,2,0,2
3895.93915899,3,1,0,-1,2,3,3,1,0,2,-1,2,0,3,2,3,1,2,-1,3,2,-1,3,-1,0,-1,-1,0,0,2,2,0,2,3,-1,0,1,2,1,3,3,0,0,3,-1,1,3,1,1,1,2,2,3,0,-1,2,1,-1,3,1,1,0,-1,1,2,3,1,0,-1,1,2,0,3,1,-1,3,0,2,3,1,3,-1,0,3,0,1,-1,3,2,0
3780.93475732,2,3,1,0,3,1,0,2,-1,2,3,3,2,1,2,2,3,-1,0,-1,-1,1,-1,-1,0,1,1,0,1,-1,-1,1,2,3,0,2,0,0,0,-1,1,1,0,2,2,1,-1,2,-1,3,1,2,2,0,-1,-1,0,-1,2,-1,0,-1,3,-1,1,1,-1,2,0,-1,0,0,-1,1,2,2,1,1,-1,1,-1,3,0,0,2,-1,1,3,-1,0
3830.76999805,3,1,2,-1,0,-1,1,0,1,3,1,2,-1,0,0,2,-1,1,1,1,1,-1,1,2,2,-1,2,0,3,0,3,0,2,2,2,1,2,-1,3,0,3,-1,3,2,2,-1,2,0,1,3,3,3,-1,-1,-1,1,0,2,2,3,0,1,2,3,0,3,1,1,2,0,2,-1,0,1,0,3,2,2,-1,3,-1,3,1,2,0,-1,-1,1,0,-1
4006.7267326,3,-1,1,3,0,-1,2,3,-1,0,2,2,-1,1,3,-1,0,2,2,2,2,-1,3,1,2,3,3,3,2,2,-1,1,-1,3,2,3,1,0,1,0,2,1,3,-1,3,0,-1,1,1,0,1,0,2,3,2,2,-1,-1,1,1,0,1,2,1,1,3,1,-1,-1,0,0,0,2,2,1,0,3,0,1,0,3,0,1,3,2,2,0,0,1,0
3768.66762115,-1,-1,2,1,-1,2,-1,-1,-1,0,1,-1,3,0,2,2,0,-1,0,2,2,0,3,0,2,3,3,0,2,3,2,2,-1,1,-1,1,2,1,1,-1,0,0,3,-1,3,0,2,1,2,1,-1,1,0,1,-1,0,1,1,1,-1,3,2,2,-1,-1,3,-1,3,0,2,0,2,2,1,2,0,1,-1,-1,-1,3,2,3,1,-1,0,3,2,0,0
3875.6217147,3,1,0,-1,3,3,0,-1,1,3,0,-1,1,2,0,0,1,1,-1,0,-1,2,1,0,2,2,3,0,3,2,0,1,3,1,0,-1,3,2,3,2,2,1,-1,0,3,2,1,-1,3,2,3,0,1,-1,3,1,2,1,-1,1,3,0,0,-1,2,0,2,0,2,1,1,-1,3,2,3,0,1,-1,2,-1,2,0,2,1,-1,-1,3,2,2,0
3934.27395955,0,1,-1,-1,0,2,3,2,-1,0,1,-1,0,3,0,3,1,2,2,3,3,0,2,0,0,2,1,0,0,2,2,-1,2,1,1,3,-1,0,2,0,2,1,2,2,1,1,2,3,3,1,1,3,1,-1,3,0,-1,3,2,3,0,2,1,1,0,1,1,-1,1,0,-1,-1,2,-1,3,3,-1,-1,2,2,1,3,0,0,2,1,-1,3,3,0
3825.40312597,2,1,-1,3,2,1,-1,-1,3,0,1,2,0,1,3,-1,1,0,2,3,2,0,0,-1,0,3,-1,-1,3,1,2,1,0,-1,2,1,3,1,1,-1,0,1,3,2,0,2,-1,1,0,3,1,1,-1,-1,2,3,0,-1,3,-1,0,2,1,-1,0,-1,0,2,1,2,2,3,-1,0,2,0,-1,0,2,-1,3,1,3,1,1,1,3,-1,2,3
4025.51078487,-1,0,2,-1,1,2,2,-1,3,0,-1,1,1,2,0,-1,0,2,2,1,1,-1,3,3,0,0,0,2,0,1,3,0,2,2,3,0,-1,0,3,1,2,1,2,3,2,0,1,0,1,2,0,-1,3,1,3,-1,3,1,1,3,-1,2,1,-1,2,2,1,1,3,1,1,1,-1,-1,2,-1,-1,-1,3,2,0,0,0,1,2,2,2,0,3,0
3908.97299118,1,-1,1,0,0,1,0,2,3,3,1,3,1,2,2,3,-1,-1,1,0,-1,0,0,0,2,0,0,2,2,1,-1,1,-1,-1,1,3,3,1,3,1,-1,2,-1,-1,0,0,-1,3,2,3,0,-1,2,1,0,2,2,2,3,1,3,2,1,2,0,2,-1,3,3,0,1,0,0,2,0,3,1,3,0,-1,-1,0,1,2,-1,2,2,1,1,1
3949.99122778,0,3,2,1,0,-1,1,2,2,1,-1,-1,-1,-1,1,-1,2,2,-1,2,3,1,1,2,1,0,0,2,3,3,1,-1,0,0,0,0,-1,0,2,-1,-1,2,1,1,-1,0,1,2,2,2,2,2,-1,-1,0,0,3,2,3,1,3,1,3,3,-1,0,0,1,1,1,1,3,-1,0,1,2,0,3,0,1,0,2,2,0,-1,3,3,3,0,-1
3732.63290862,3,1,0,1,-1,-1,-1,0,0,0,2,1,2,1,-1,2,0,2,2,2,-1,0,0,3,1,2,3,3,0,3,0,0,-1,-1,2,3,1,3,3,1,2,1,1,3,2,-1,1,3,2,3,2,1,-1,2,1,-1,1,-1,1,0,-1,-1,3,2,1,0,1,1,3,-1,0,-1,2,0,0,3,2,2,3,1,-1,0,-1,-1,0,-1,-1,2,1,3
3660.18013557,-1,0,2,1,0,3,0,-1,3,2,0,-1,-1,1,-1,-1,2,-1,-1,3,-1,0,1,3,-1,2,-1,1,0,0,2,0,1,0,0,0,2,2,1,0,1,1,2,-1,0,0,2,3,1,0,3,2,1,-1,2,2,1,2,2,3,0,-1,3,0,-1,-1,1,2,3,1,2,-1,0,1,1,-1,1,3,-1,0,3,-1,-1,-1,2,2,-1,1,0,1
4024.74408886,3,2,-1,0,-1,-1,3,3,1,3,1,-1,0,1,2,0,-1,2,1,-1,0,2,3,1,1,1,3,3,-1,0,2,0,2,2,3,0,0,2,-1,2,2,1,2,1,3,3,-1,1,1,2,2,0,-1,0,1,3,-1,2,2,3,0,2,3,-1,1,0,2,0,0,0,1,2,1,3,1,0,0,2,0,-1,0,-1,1,1,-1,3,2,3,3,3
4032.79439698,0,0,1,1,-1,3,-1,-1,-1,2,0,1,0,3,-1,3,3,2,1,0,1,3,2,0,3,3,0,2,1,2,2,3,0,0,1,1,-1,2,2,1,0,3,1,-1,1,0,3,3,2,3,1,1,0,1,0,2,2,2,3,-1,3,3,1,1,3,3,0,-1,3,0,0,0,2,2,1,1,3,2,-1,0,2,2,0,1,2,3,-1,1,2,1
3998.67642448,1,1,0,3,0,-1,0,0,1,-1,2,2,-1,3,0,2,3,2,0,2,1,1,-1,-1,0,0,1,2,3,2,-1,0,1,-1,0,0,2,2,3,3,1,0,3,3,3,2,1,2,-1,1,1,1,-1,3,3,1,1,-1,3,0,0,2,1,2,2,0,3,0,-1,1,3,2,3,2,1,-1,3,0,2,-1,1,2,3,0,3,2,3,3,0,3
3883.67202281,1,3,0,2,-1,2,3,1,0,0,2,-1,3,2,-1,2,3,1,-1,0,0,2,2,1,1,0,3,3,-1,1,2,2,2,3,1,3,3,0,3,-1,1,1,1,-1,-1,2,0,0,2,1,2,3,-1,0,-1,-1,1,-1,2,1,0,2,0,0,3,2,3,0,-1,1,0,3,1,2,3,-1,0,1,3,-1,-1,2,2,1,0,1,0,0,3,2
3696.98154411,2,-1,3,-1,-1,1,3,3,-1,2,1,0,-1,2,0,1,1,-1,3,3,0,3,-1,1,1,-1,1,2,0,2,0,2,1,1,2,1,0,-1,-1,-1,-1,1,0,1,2,2,3,0,2,3,-1,1,3,-1,2,0,1,0,1,0,1,0,2,3,-1,0,0,2,2,2,2,-1,0,2,-1,0,3,3,1,-1,2,-1,0,3,-1,0,2,3,1,1
3932.74056753,1,1,1,0,3,2,0,1,-1,0,3,1,2,-1,2,3,0,1,-1,3,3,0,2,3,2,0,-1,-1,3,0,1,0,-1,2,2,1,3,1,3,3,-1,1,-1,1,1,3,3,-1,2,0,2,1,3,0,2,0,3,0,0,1,1,-1,0,2,1,0,2,1,-1,2,2,1,0,3,2,0,2,3,3,3,0,3,2,2,1,2,1,2,0,-1
3779.0180173,1,1,2,3,2,3,0,0,0,2,1,1,-1,-1,0,3,1,2,2,-1,2,1,1,1,3,1,2,1,-1,2,2,2,3,-1,1,1,2,0,0,1,0,2,2,3,1,0,0,3,2,-1,1,2,-1,3,0,0,-1,3,-1,2,2,-1,3,1,3,-1,0,3,-1,0,-1,-1,3,3,3,-1,1,2,2,0,1,-1,1,2,3,-1,1,2,0,0
3874.85501869,-1,-1,0,0,3,2,2,-1,-1,-1,1,2,1,2,2,3,1,0,2,3,1,0,0,-1,0,0,2,1,-1,3,0,3,2,2,0,0,-1,1,1,0,0,1,2,0,2,3,0,-1,1,-1,2,-1,2,-1,1,1,1,0,1,-1,2,1,2,0,3,1,3,3,3,1,3,3,3,2,-1,2,3,1,2,2,3,3,1,1,0,2,-1,-1,1,-1
3814.28603381,2,3,0,-1,-1,0,2,-1,0,-1,2,3,2,-1,1,3,2,-1,-1,0,0,1,-1,1,-1,-1,0,2,-1,0,3,1,1,1,2,2,-1,1,3,0,1,3,0,1,0,1,3,2,-1,2,-1,0,2,3,0,1,2,-1,3,2,0,0,-1,-1,2,-1,2,0,1,0,3,3,1,3,0,-1,0,3,1,1,1,1,0,-1,1,2,2,3,0,-1
4044.29483715,1,0,0,0,1,1,-1,1,2,1,0,0,3,0,-1,-1,0,2,1,2,3,3,-1,-1,1,1,2,0,2,3,2,2,2,3,1,3,1,-1,2,3,0,2,2,2,-1,-1,-1,3,-1,0,0,0,3,2,0,2,3,-1,-1,-1,0,0,0,2,1,0,1,0,1,1,2,3,-1,3,1,-1,2,3,2,0,3,2,1,0,1,-1,0,0,1,1
3955.35809986,-1,1,0,-1,3,0,-1,0,3,3,1,2,2,3,3,3,3,0,0,2,-1,0,1,-1,-1,0,3,0,0,0,-1,3,-1,3,-1,-1,1,3,1,2,-1,1,2,1,2,0,2,3,1,0,3,0,3,2,0,2,0,1,1,3,-1,2,2,3,2,0,-1,1,0,0,-1,1,-1,2,0,2,2,-1,0,1,1,2,2,1,2,1,-1,-1,2,-1
3981.04241623,1,0,3,-1,2,3,-1,2,0,3,2,-1,-1,3,3,2,0,0,1,3,-1,2,-1,-1,1,1,0,0,0,3,1,0,2,3,-1,1,1,-1,2,0,1,3,-1,-1,-1,2,-1,2,3,1,0,2,3,2,3,0,-1,1,0,2,2,0,0,1,2,0,-1,0,1,0,1,2,1,0,-1,1,2,2,-1,0,1,-1,1,3,-1,-1,3,2,2,0
3776.71792926,0,1,-1,-1,2,0,3,0,0,1,0,1,0,-1,2,-1,0,2,2,-1,2,3,-1,0,3,1,2,0,3,0,2,0,3,0,1,3,0,-1,1,1,0,-1,3,2,1,1,2,-1,1,2,0,0,0,3,2,-1,2,3,2,-1,3,2,3,1,3,3,3,1,-1,1,2,-1,1,1,1,-1,1,-1,3,-1,0,2,2,3,1,-1,0,1,1,3
3889.03889489,-1,0,1,2,1,1,-1,1,1,0,2,1,2,1,1,2,0,1,0,-1,3,2,3,2,1,3,1,2,2,0,-1,3,-1,2,3,-1,1,2,3,3,0,1,3,2,1,3,2,-1,2,3,1,2,2,-1,2,3,3,-1,0,-1,1,1,0,1,0,1,2,0,-1,0,2,0,1,0,3,-1,-1,0,0,1,-1,-1,0,0,-1,3,-1,3,0,2
4000.97651252,-1,3,3,0,-1,1,1,1,0,1,1,-1,0,3,1,1,0,2,0,3,-1,1,0,3,2,0,3,-1,-1,-1,3,2,0,1,0,0,1,2,-1,2,3,2,0,2,2,0,0,1,3,1,0,3,-1,-1,3,-1,3,2,3,1,2,1,2,0,1,1,3,2,2,0,0,0,1,2,-1,-1,3,2,1,3,0,0,-1,3,2,2,-1,1,2,-1
3837.67026215,-1,2,-1,-1,1,2,-1,1,0,1,2,2,3,1,0,0,-1,1,1,-1,-1,2,2,2,0,3,3,2,3,-1,0,0,0,1,1,1,-1,1,1,-1,0,3,-1,0,2,0,3,1,0,3,3,1,1,-1,0,3,2,2,3,-1,0,3,-1,1,2,2,2,-1,-1,2,3,2,0,3,2,0,-1,3,0,0,-1,3,-1,1,-1,3,2,0,2,0
3945.0077037,2,-1,2,0,0,3,1,2,2,3,-1,3,2,0,-1,0,2,3,1,1,1,-1,0,2,1,3,1,-1,3,2,3,-1,0,-1,-1,0,3,-1,2,-1,0,2,0,1,-1,2,0,0,-1,1,-1,0,0,1,0,-1,2,1,2,3,-1,3,2,1,3,3,1,0,2,-1,2,1,2,0,0,0,-1,0,1,1,1,3,2,1,2,1,1,1,-1,3
3861.43783849,0,0,-1,2,2,3,1,-1,1,3,3,3,0,1,-1,0,1,-1,-1,2,1,2,3,2,2,-1,2,3,3,2,3,0,-1,1,2,1,3,0,3,1,-1,0,3,1,1,2,3,2,1,0,1,-1,1,1,0,2,-1,0,0,3,-1,0,2,-1,0,3,2,1,-1,3,3,-1,1,3,0,0,0,1,-1,2,0,1,3,2,1,-1,2,3,1,0
3931.2071755,1,1,0,1,-1,2,-1,0,2,0,-1,-1,3,3,-1,2,1,0,0,3,3,1,2,1,1,-1,3,3,0,1,-1,0,2,-1,-1,3,2,-1,2,1,2,0,3,1,-1,1,-1,0,2,2,0,3,-1,1,1,3,-1,1,0,0,3,0,-1,1,2,2,0,1,1,3,3,1,1,3,-1,0,2,0,0,2,2,2,3,0,0,1,-1,2,-1,2
3831.15334605,3,1,3,2,-1,1,0,2,0,-1,3,0,3,3,1,1,2,3,3,2,-1,3,-1,-1,-1,1,2,-1,2,1,3,3,0,2,1,1,2,-1,1,-1,0,0,0,1,2,0,-1,-1,-1,0,-1,-1,1,2,2,3,2,2,2,2,0,3,0,-1,1,1,0,-1,-1,1,1,1,0,3,0,-1,2,0,2,0,2,3,3,1,1,0,1,1,2,0
3994.84294443,3,2,2,2,0,0,0,0,1,3,1,0,1,1,3,2,-1,2,3,1,2,0,-1,1,3,2,0,1,0,2,1,2,2,0,0,1,2,-1,-1,0,1,3,0,1,-1,2,0,0,-1,-1,-1,3,-1,2,1,-1,2,-1,-1,1,1,3,0,0,0,1,-1,1,-1,0,1,0,2,3,2,0,3,3,3,2,2,3,-1,1,2,3,0,1,2,3
3851.47079035,0,0,0,1,2,0,3,3,-1,2,1,3,2,1,3,1,-1,2,1,0,2,-1,-1,1,1,1,0,3,1,1,3,3,2,2,1,-1,3,3,2,1,0,2,1,1,2,-1,0,3,3,2,2,0,1,1,3,1,0,2,0,1,2,2,3,3,3,0,0,-1,-1,3,-1,2,3,1,2,0,-1,0,2,-1,-1,2,2,0,0,2,0,1,-1,0
3986.79263631,1,1,-1,0,-1,1,2,0,3,-1,3,1,-1,2,2,0,2,1,2,-1,1,3,2,-1,2,1,1,3,3,0,3,0,2,-1,-1,3,-1,1,3,-1,-1,2,1,0,0,3,1,3,-1,-1,2,2,0,-1,0,0,1,1,0,2,0,3,2,1,2,2,0,2,0,3,3,0,1,1,0,2,1,1,2,-1,0,1,0,0,-1,0,1,0,2,-1
3919.70673534,2,3,0,-1,0,0,2,3,3,2,2,3,2,1,3,0,3,3,1,2,1,1,0,1,3,0,1,0,-1,0,-1,0,0,1,0,-1,3,1,0,2,0,3,3,-1,0,2,0,-1,1,0,2,2,-1,1,0,1,0,-1,3,1,2,3,1,0,-1,2,2,0,2,1,3,2,1,1,3,2,2,-1,1,-1,3,3,-1,1,3,1,1,3,-1,3
3615.71176693,1,2,0,2,0,1,2,0,2,1,-1,2,1,2,2,3,-1,3,2,3,0,2,2,1,2,0,-1,1,1,0,0,-1,0,0,1,-1,-1,-1,-1,2,0,0,0,1,-1,0,0,1,-1,0,1,-1,-1,1,1,1,3,2,-1,1,3,0,-1,-1,3,0,-1,3,-1,0,0,-1,2,3,1,2,0,3,2,3,-1,3,1,-1,2,-1,-1,-1,2,2
3674.36401178,2,2,1,3,-1,2,-1,3,2,1,-1,-1,2,3,3,2,1,2,-1,3,1,1,1,0,-1,0,2,-1,0,1,0,1,-1,3,0,0,0,0,3,3,2,0,-1,2,3,-1,2,-1,0,2,1,1,3,1,-1,-1,0,1,0,2,-1,2,3,2,2,1,0,1,3,1,2,-1,1,3,2,3,3,-1,1,0,1,0,0,-1,-1,2,2,-1,0,0
4037.39457305,0,3,-1,3,-1,-1,1,3,3,1,1,1,0,-1,0,1,0,2,-1,1,3,-1,3,1,3,1,0,1,3,1,2,0,1,3,2,3,0,-1,1,1,2,1,3,2,0,1,0,0,1,0,0,3,-1,2,0,2,2,3,3,1,2,1,0,2,2,-1,2,-1,-1,0,2,0,0,-1,0,3,0,1,2,3,0,-1,-1,0,2,0,2,1,2,-1
4019.37721678,0,0,1,0,2,0,2,0,3,-1,0,1,0,0,-1,2,3,2,3,1,0,2,2,2,1,1,-1,1,0,1,-1,1,3,-1,1,2,0,3,0,3,-1,3,2,3,0,3,-1,2,-1,-1,1,2,3,-1,2,0,0,1,2,1,1,1,-1,-1,-1,3,3,2,1,-1,2,1,2,-1,3,0,2,2,2,1,3,-1,0,1,2,0,1,2,1,0
3882.5219788,2,2,1,2,2,2,2,3,2,2,1,3,0,-1,3,0,1,0,0,-1,3,2,3,3,2,3,1,3,1,0,1,2,2,0,-1,0,-1,-1,3,0,3,-1,-1,0,1,3,-1,0,3,2,-1,0,1,-1,0,0,0,-1,2,0,3,3,0,1,3,1,2,3,2,0,-1,1,3,0,2,0,3,1,-1,1,-1,1,1,2,-1,2,-1,1,2,-1
3955.35809986,-1,0,1,0,0,2,2,-1,2,-1,0,2,2,0,2,1,-1,0,0,0,1,0,3,2,1,1,1,2,3,-1,-1,3,0,2,-1,1,1,1,1,-1,3,-1,-1,3,1,3,0,0,3,-1,1,2,0,-1,-1,1,2,3,-1,0,-1,1,-1,1,0,1,0,3,0,2,2,1,3,1,1,-1,0,3,-1,0,3,2,-1,0,2,2,1,2,1,-1
3933.12391553,0,-1,1,-1,1,1,-1,2,3,2,-1,-1,1,-1,1,2,3,1,3,-1,0,2,1,0,0,-1,2,0,1,-1,3,-1,0,-1,0,0,3,3,-1,0,-1,1,0,3,-1,2,3,0,2,2,0,0,-1,-1,1,1,3,2,2,3,2,1,0,1,3,2,0,3,0,3,0,1,1,3,1,0,3,2,2,3,1,2,3,1,2,-1,2,0,0,1
3897.85589902,2,-1,0,-1,2,0,0,-1,1,-1,1,2,-1,-1,0,0,3,2,1,0,0,1,0,3,2,3,-1,1,3,-1,2,2,1,-1,1,-1,3,1,0,1,1,1,1,0,0,2,2,-1,-1,2,2,3,2,1,-1,1,1,-1,1,-1,0,-1,0,2,2,0,-1,2,1,0,-1,0,0,3,3,0,-1,-1,3,0,1,2,3,3,2,3,1,0,-1,3
3740.29986873,-1,1,-1,-1,-1,3,3,-1,2,3,-1,0,2,0,1,-1,2,1,-1,1,1,1,-1,0,1,2,1,1,2,0,2,-1,1,3,1,3,1,2,0,2,-1,2,-1,2,2,-1,1,2,-1,0,1,3,1,3,2,2,1,1,-1,-1,0,1,1,3,0,2,-1,-1,3,0,0,3,2,0,0,2,2,2,-1,0,3,3,0,0,-1,1,2,3,0,0
3901.68937908,3,3,1,1,3,0,1,2,1,3,0,1,3,0,0,1,0,-1,3,-1,3,1,2,3,3,3,0,0,1,-1,2,-1,0,1,3,1,1,0,1,0,-1,2,1,0,2,-1,-1,1,3,-1,0,1,2,0,-1,-1,3,0,2,0,-1,-1,1,1,1,2,2,1,2,-1,-1,2,0,3,-1,2,2,3,0,-1,0,0,3,2,1,0,1,0,3,2
3720.36577245,2,0,1,1,-1,3,0,2,1,2,2,1,3,-1,-1,1,0,2,2,-1,3,1,2,-1,2,1,-1,-1,3,0,0,0,2,0,2,0,-1,3,2,-1,3,0,-1,1,2,2,1,1,-1,-1,1,3,1,2,2,2,1,0,1,1,3,0,-1,3,-1,0,2,3,3,3,0,-1,1,2,0,1,-1,0,1,0,3,-1,3,-1,1,0,3,-1,-1,0
3775.56788525,0,-1,2,-1,1,0,3,2,2,1,3,3,1,-1,-1,0,2,1,3,0,0,2,0,-1,2,3,1,-1,1,0,0,-1,1,2,2,3,0,1,1,-1,3,2,2,2,-1,-1,0,3,0,0,1,1,1,-1,0,1,-1,1,0,-1,-1,2,0,3,3,2,3,1,1,0,2,-1,3,2,3,1,0,3,0,-1,1,2,3,2,-1,2,-1,2,2,1
3849.55405032,1,2,1,3,2,3,2,1,2,3,2,-1,-1,1,-1,0,1,1,0,1,2,3,0,-1,0,-1,1,1,2,-1,0,-1,3,1,-1,2,1,-1,2,-1,3,0,3,0,1,-1,-1,2,0,0,-1,-1,0,0,2,3,2,3,2,3,0,-1,0,1,-1,2,1,0,1,-1,0,2,0,2,0,1,1,2,-1,-1,0,0,2,1,3,3,-1,-1,1,1
3865.27131855,3,1,3,2,2,1,1,3,2,3,-1,0,2,1,2,1,-1,0,0,-1,3,1,1,2,3,-1,-1,2,-1,0,0,1,-1,2,2,3,2,3,-1,1,0,-1,0,-1,2,-1,1,0,-1,0,0,3,1,1,-1,3,3,0,0,2,0,0,-1,0,0,3,2,0,2,0,0,1,2,-1,1,3,1,2,1,0,1,1,2,2,2,-1,3,3,2,3
4064.22893343,1,3,1,1,0,0,-1,2,3,2,0,0,1,-1,2,3,0,0,3,0,2,1,2,2,1,3,2,0,3,2,3,-1,1,2,-1,1,-1,3,0,2,1,1,1,-1,2,-1,-1,-1,1,1,3,2,2,3,3,1,2,-1,0,1,2,-1,1,0,3,1,1,2,0,2,0,-1,-1,0,-1,0,2,3,0,0,0,0,1,3,2,-1,3,1,0,2
3701.58172017,0,2,2,3,1,2,2,1,2,2,0,2,2,-1,0,-1,-1,-1,-1,0,0,0,0,2,1,-1,3,0,0,3,-1,1,2,2,0,-1,0,2,3,-1,2,3,1,2,2,1,2,2,0,0,3,1,1,1,2,3,1,3,1,2,3,-1,1,1,-1,3,1,-1,1,-1,-1,-1,0,0,1,-1,-1,0,3,1,-1,0,-1,3,0,-1,1,2,2,1
3965.325148,2,2,0,2,-1,3,2,2,1,3,-1,3,1,2,3,-1,0,1,-1,0,0,-1,0,3,-1,-1,2,1,-1,-1,0,0,0,0,3,2,2,0,2,0,3,1,1,3,2,-1,3,2,3,3,2,1,0,0,-1,-1,0,3,0,3,1,2,3,0,1,1,-1,2,1,-1,1,2,0,3,0,1,2,1,0,2,-1,1,1,1,0,-1,2,3,-1,2
3923.15686739,2,1,-1,0,1,2,0,2,1,-1,1,-1,2,0,3,1,-1,1,0,3,0,0,1,0,-1,3,1,2,-1,2,0,-1,0,1,0,0,1,-1,2,0,3,-1,3,0,2,3,3,1,2,-1,-1,1,0,1,3,1,3,3,3,2,3,1,1,3,-1,0,0,2,1,1,2,2,3,-1,1,2,0,2,3,3,-1,0,0,3,2,2,1,1,3,2
4073.04593756,-1,3,2,3,0,2,1,2,2,-1,-1,0,2,-1,0,2,2,-1,1,1,-1,1,3,3,2,1,1,1,3,0,3,0,-1,-1,-1,0,-1,-1,2,1,3,-1,0,2,2,3,-1,0,3,2,2,3,-1,1,1,3,2,1,2,3,0,1,1,3,1,0,2,0,1,0,-1,3,2,1,0,0,0,2,1,0,0,0,3,0,2,0,2,1,-1,2
3900.92268307,2,1,3,-1,2,3,1,2,-1,1,0,-1,1,1,3,3,-1,0,3,0,2,2,0,1,1,-1,1,2,2,2,3,0,0,1,1,1,-1,1,2,-1,3,2,2,1,1,-1,-1,1,2,1,3,2,0,0,0,1,0,3,0,2,0,-1,3,3,1,0,2,0,3,-1,2,-1,3,-1,2,0,-1,3,0,3,1,3,0,-1,2,0,3,-1,-1,-1
3566.64322221,1,2,-1,0,-1,1,0,1,1,2,-1,3,0,3,3,1,0,1,-1,-1,-1,-1,1,-1,0,2,2,1,1,0,2,2,2,0,-1,3,0,2,-1,2,0,-1,2,1,2,-1,1,-1,-1,1,2,0,1,3,1,3,1,2,3,-1,2,1,-1,0,-1,2,2,3,2,0,2,3,0,-1,-1,3,-1,-1,-1,1,0,0,-1,0,0,3,0,-1,3,1
3832.68673808,3,2,-1,2,0,-1,3,2,2,3,3,-1,3,2,2,-1,1,-1,0,-1,1,2,0,2,-1,3,2,1,-1,-1,0,0,2,2,1,1,-1,0,1,3,0,3,-1,1,0,1,3,3,1,-1,0,3,2,1,2,2,3,0,1,-1,-1,2,0,-1,0,0,0,1,-1,0,1,2,1,0,0,3,3,2,2,-1,0,3,3,3,0,3,1,1,-1,1
3892.87237495,3,2,1,0,2,2,-1,3,2,0,3,1,-1,-1,3,2,-1,1,0,2,-1,0,1,2,1,0,-1,1,1,0,1,3,1,3,-1,-1,0,1,2,0,1,3,-1,1,-1,3,1,2,-1,-1,3,2,3,3,0,-1,0,3,3,2,2,0,1,1,0,1,0,-1,2,3,0,2,3,1,2,3,0,3,3,2,1,1,0,0,2,0,-1,2,2,1
3621.84533502,-1,1,-1,3,0,3,1,2,1,0,-1,0,-1,0,-1,-1,1,-1,3,2,2,2,1,2,1,2,0,3,3,1,0,1,-1,-1,0,-1,0,1,1,2,3,0,1,-1,1,2,-1,2,-1,2,2,2,0,-1,2,-1,-1,1,0,1,3,2,0,3,0,2,-1,-1,-1,0,2,-1,2,-1,3,3,2,3,1,1,-1,-1,0,1,-1,0,2,1,0,-1
3652.12982746,1,-1,1,3,-1,2,2,-1,-1,-1,-1,0,0,1,1,3,-1,-1,-1,2,1,0,3,0,3,0,0,0,1,0,1,1,-1,1,3,1,2,2,-1,1,-1,0,2,2,0,2,0,0,0,2,-1,3,3,3,1,0,1,2,3,-1,1,0,2,3,-1,0,0,-1,2,1,1,2,0,3,3,3,2,3,2,3,2,1,2,-1,1,-1,1,-1,0,0
3890.95563492,2,2,-1,-1,2,1,0,2,0,1,-1,0,1,1,1,1,2,3,2,0,2,1,2,2,1,2,3,0,1,-1,3,3,2,0,0,-1,-1,1,1,1,3,1,2,1,1,-1,0,-1,2,3,0,2,3,0,0,3,3,0,3,1,3,0,-1,-1,1,-1,3,0,-1,1,3,3,3,2,-1,2,-1,0,0,0,0,-1,3,-1,1,1,0,0,2,1
3883.67202281,2,2,2,0,-1,2,1,-1,0,2,3,0,2,-1,1,2,1,3,1,0,3,0,-1,0,-1,1,3,-1,2,-1,-1,1,0,-1,1,1,3,1,0,3,0,0,0,0,1,1,0,2,2,3,0,0,-1,1,0,2,2,2,1,3,-1,1,0,3,1,1,0,-1,2,1,3,3,2,0,-1,2,3,1,-1,2,0,3,-1,2,2,3,3,-1,1,-1
3747.20013283,1,0,3,-1,0,-1,-1,-1,-1,2,-1,0,-1,1,0,0,0,-1,1,1,3,1,0,2,1,3,3,0,-1,2,-1,1,-1,-1,1,1,3,1,2,-1,2,3,1,1,0,0,1,3,3,2,1,2,2,1,3,0,0,2,2,-1,-1,1,3,3,-1,3,3,0,-1,2,0,3,3,3,-1,1,-1,3,2,-1,0,1,0,2,3,2,3,0,2,0
3996.37633645,-1,0,3,2,1,-1,2,0,-1,2,1,1,3,0,0,3,2,2,-1,-1,3,3,2,2,1,1,1,3,-1,1,0,-1,1,2,2,2,2,3,2,0,0,-1,3,1,1,0,2,0,1,-1,0,3,1,2,0,1,-1,0,1,3,-1,-1,0,1,2,2,1,1,0,1,3,3,0,3,3,-1,0,3,1,3,0,1,3,2,3,0,0,1,2,3
3785.53493339,3,2,0,2,3,3,0,0,-1,1,2,0,3,1,0,-1,-1,0,0,0,2,0,2,2,1,0,3,2,0,1,3,0,1,1,2,1,-1,2,1,2,0,-1,3,-1,-1,3,3,0,1,2,2,3,2,3,0,3,1,-1,3,2,1,-1,-1,3,1,1,2,-1,0,2,-1,0,1,3,2,-1,-1,3,-1,-1,3,1,0,0,0,2,1,2,2,-1
3761.76735705,2,3,3,-1,1,2,2,2,0,1,0,1,-1,-1,1,1,-1,3,2,0,-1,0,3,0,1,-1,0,3,1,0,-1,0,-1,0,1,-1,2,1,1,3,-1,0,0,2,-1,3,-1,0,2,0,-1,1,3,3,2,-1,-1,3,1,3,3,-1,1,1,3,-1,0,1,3,0,3,2,-1,2,2,-1,0,2,0,0,2,1,0,2,0,1,2,0,2,3
3897.85589902,3,1,-1,2,-1,-1,3,-1,-1,2,1,1,0,-1,2,-1,3,2,0,0,1,1,0,3,1,2,1,2,3,0,3,2,2,2,1,1,2,-1,3,-1,1,1,1,0,-1,1,0,0,3,1,1,3,3,3,0,1,2,1,0,2,2,3,-1,-1,2,3,2,-1,0,2,-1,3,0,0,0,-1,1,-1,2,2,0,3,1,1,2,0,3,0,0,3
3882.5219788,-1,1,-1,-1,2,2,0,2,3,2,2,3,0,1,1,2,-1,3,-1,3,3,1,1,-1,3,3,3,1,3,2,2,1,2,1,0,-1,1,1,1,0,0,3,-1,2,3,1,3,2,1,2,3,2,2,0,2,0,-1,1,1,-1,-1,3,1,2,0,0,-1,-1,2,3,2,-1,1,0,0,0,0,2,2,1,0,3,0,0,-1,3,-1,2,1,0
3872.17158265,2,1,0,3,-1,3,-1,3,-1,1,2,-1,-1,-1,2,-1,0,-1,0,0,1,0,0,1,-1,3,2,1,0,1,2,1,3,3,2,0,2,3,1,1,-1,0,1,0,3,-1,2,1,3,1,1,0,2,-1,-1,0,-1,2,-1,1,2,-1,0,3,2,2,3,0,1,0,0,2,2,0,3,-1,2,0,2,1,-1,0,2,0,1,-1,2,2,1,3
3772.1177532,3,2,3,2,3,0,0,3,-1,1,-1,0,0,-1,3,1,0,1,2,1,2,0,-1,3,0,2,0,0,3,3,3,3,2,0,2,1,3,0,1,1,2,1,0,-1,-1,3,3,1,1,2,0,1,1,2,3,-1,0,0,3,0,2,2,2,-1,-1,-1,0,-1,1,1,0,1,-1,1,3,3,2,-1,0,2,1,1,1,-1,-1,-1,3,2,1,2
3947.69113974,-1,0,1,-1,1,0,0,-1,-1,2,3,-1,2,0,3,3,2,1,0,3,3,-1,1,1,0,0,2,3,1,1,2,0,2,2,2,2,3,3,2,2,2,3,-1,3,0,3,1,1,2,2,-1,1,1,0,0,0,3,-1,2,-1,-1,-1,1,3,1,2,3,1,0,0,1,3,1,3,0,2,-1,0,3,3,1,0,0,3,1,-1,0,2,0,1
3746.43343682,3,3,2,2,-1,1,-1,0,0,3,3,0,0,0,0,3,2,0,1,-1,1,2,2,1,2,1,1,2,1,2,3,1,0,-1,3,0,0,0,3,2,-1,2,-1,-1,2,3,0,2,1,2,-1,3,-1,0,0,2,1,2,3,0,-1,0,1,2,-1,-1,2,3,-1,-1,1,0,2,3,-1,1,2,0,3,-1,2,3,3,3,2,-1,1,-1,2,3
3993.30955241,-1,-1,3,0,-1,1,-1,-1,3,-1,-1,-1,3,3,-1,-1,2,2,0,0,1,1,2,0,2,1,2,2,1,0,2,2,2,-1,3,2,0,1,-1,-1,0,0,0,3,1,3,0,1,0,1,0,3,1,-1,3,0,3,2,1,2,1,1,0,2,1,3,-1,1,0,2,2,2,3,-1,2,2,3,0,2,3,1,0,3,0,-1,0,1,0,-1,1
3754.86709295,0,1,-1,1,1,-1,2,3,1,0,3,1,1,-1,0,1,-1,1,2,-1,-1,2,2,2,0,2,0,2,0,-1,0,0,3,0,2,1,-1,0,-1,2,3,2,2,0,-1,0,3,1,-1,2,2,1,-1,3,-1,1,3,1,0,1,1,2,0,2,1,2,1,-1,-1,1,-1,1,2,-1,-1,2,3,-1,1,0,2,3,-1,-1,3,2,0,3,3,0
3948.84118376,-1,-1,-1,-1,2,3,-1,0,-1,1,0,3,3,3,1,0,0,-1,1,1,0,1,0,2,0,0,-1,2,0,2,-1,1,0,3,2,-1,0,2,2,0,1,1,0,2,1,0,2,0,2,-1,-1,2,3,-1,3,-1,1,-1,1,1,-1,-1,0,2,3,-1,-1,-1,0,1,1,1,2,2,2,1,1,1,1,2,3,0,-1,0,-1,1,2,-1,-1,0
3983.34250426,2,3,1,-1,1,1,3,3,3,-1,1,1,1,2,2,-1,2,2,3,1,0,3,3,3,2,-1,1,3,0,1,2,3,1,1,3,3,-1,2,3,-1,0,0,2,1,1,-1,0,0,1,2,0,2,2,-1,-1,1,2,2,0,-1,1,2,1,1,3,2,2,0,0,2,0,1,1,0,-1,-1,2,0,3,0,0,0,1,3,3,3,0,2,1,0
3791.28515347,0,1,3,1,1,1,1,1,0,0,3,0,0,-1,1,3,1,3,1,-1,2,2,0,0,3,0,3,2,-1,3,-1,3,-1,3,0,2,2,3,3,3,3,1,1,1,2,-1,0,3,1,0,3,3,2,0,3,0,1,2,1,1,2,2,-1,0,-1,2,1,2,3,1,3,-1,-1,-1,-1,2,-1,2,3,2,2,2,1,0,2,0,2,-1,1,0
3787.06832541,-1,-1,1,1,0,-1,0,0,2,0,3,2,-1,2,3,3,2,0,2,3,1,1,-1,2,2,2,2,3,0,1,1,1,0,1,2,-1,1,2,1,0,2,-1,1,-1,3,-1,0,-1,-1,2,1,0,1,-1,0,1,3,1,0,2,2,2,3,0,2,1,0,0,3,2,-1,1,2,0,2,-1,3,1,0,0,-1,-1,3,3,3,-1,1,3,3,0
3943.85765969,1,0,1,1,1,3,0,2,0,2,2,-1,2,1,2,-1,1,3,1,0,1,1,2,3,0,2,2,3,1,-1,1,2,2,-1,2,2,3,3,3,1,0,0,-1,-1,3,2,-1,-1,0,1,-1,2,1,-1,-1,0,3,0,0,3,-1,3,1,0,1,0,1,3,2,0,3,-1,2,3,-1,2,2,3,3,-1,0,3,1,0,1,-1,0,1,1,0
3944.6243557,-1,2,0,0,-1,0,-1,3,3,0,1,2,0,3,-1,0,1,1,1,3,2,0,2,1,2,0,-1,0,1,-1,2,1,2,0,3,1,2,2,3,1,2,0,-1,2,2,2,3,3,0,1,-1,2,2,-1,2,-1,1,0,-1,2,2,1,2,-1,-1,3,0,2,-1,3,3,3,0,-1,1,0,0,3,-1,0,1,1,-1,1,1,1,-1,1,0,0
3555.14278205,1,0,3,1,1,0,2,3,-1,1,-1,1,2,1,0,0,-1,-1,1,2,-1,0,2,2,1,2,0,-1,-1,1,0,3,1,2,0,3,3,0,2,1,-1,-1,3,3,0,-1,1,3,0,-1,2,0,-1,0,3,0,1,3,-1,-1,1,2,-1,0,0,3,2,3,1,3,-1,-1,3,-1,0,2,3,1,1,2,3,2,1,2,2,-1,0,3,0,1
4099.88029795,3,3,2,0,3,2,2,0,2,3,0,3,1,0,3,3,1,1,2,0,1,-1,0,3,1,3,1,2,-1,-1,2,-1,0,1,3,0,1,-1,1,-1,0,2,1,3,3,1,-1,2,-1,2,-1,3,0,3,0,-1,2,2,2,1,1,1,0,-1,0,3,2,2,0,1,1,-1,-1,1,2,-1,0,1,1,-1,1,3,1,2,-1,0,0,0,-1,2
3752.56700491,0,2,1,0,0,1,2,0,3,1,0,3,2,1,-1,-1,2,1,0,1,1,1,-1,0,2,3,0,3,1,2,-1,-1,2,1,2,-1,3,-1,-1,0,1,3,0,3,0,2,-1,3,3,3,0,3,1,-1,3,3,2,2,-1,0,1,2,1,-1,2,0,2,0,-1,3,-1,2,0,1,3,-1,2,2,2,1,1,0,2,-1,3,3,2,1,0,-1
4029.72761293,-1,3,-1,0,3,-1,0,-1,0,2,1,1,3,3,1,1,1,0,1,1,0,1,0,3,2,0,0,-1,1,1,-1,-1,1,0,-1,3,1,1,-1,-1,0,3,0,2,0,1,3,2,3,-1,0,0,2,1,2,3,2,1,2,-1,2,2,2,3,3,2,0,3,0,2,0,2,2,2,-1,0,3,3,3,1,-1,2,-1,2,2,3,2,1,0,1
3848.4040063,-1,-1,-1,-1,-1,2,2,-1,3,3,1,1,-1,3,-1,-1,0,0,0,2,1,1,2,3,1,3,1,2,-1,1,0,0,2,3,1,0,2,0,0,-1,-1,0,-1,0,2,0,2,2,2,0,2,3,3,0,0,3,3,3,2,1,2,-1,3,1,2,3,1,-1,3,1,0,1,2,1,1,3,3,1,-1,0,1,2,3,1,3,1,1,1,1,-1
3641.01273529,3,0,-1,-1,3,2,1,-1,-1,0,1,3,3,0,2,3,2,0,1,-1,2,0,3,3,0,-1,2,1,3,0,0,-1,0,2,1,1,2,1,0,0,2,3,-1,-1,-1,2,3,0,2,3,3,3,-1,1,1,2,2,0,-1,1,3,-1,2,1,0,3,1,1,2,1,-1,3,1,0,-1,2,2,1,0,3,2,2,3,1,2,-1,3,-1,1,1
3954.97475185,-1,-1,-1,0,0,0,3,1,0,0,-1,0,1,1,3,0,2,-1,2,2,2,3,-1,2,1,0,2,1,-1,3,2,-1,1,1,0,1,1,3,-1,0,2,0,3,3,0,0,0,2,-1,3,0,1,1,2,0,2,3,2,0,1,-1,0,2,3,0,-1,1,2,2,1,-1,2,3,0,-1,2,3,1,1,3,2,-1,1,3,3,3,1,2,1,3
3877.15510672,1,2,2,-1,-1,-1,0,1,-1,0,0,2,3,1,-1,1,0,3,0,0,2,0,-1,3,3,2,3,2,2,1,2,3,0,0,1,2,3,-1,0,1,0,0,-1,2,1,1,0,3,-1,1,2,1,0,-1,-1,-1,2,-1,1,-1,2,1,2,1,1,3,3,3,2,-1,-1,0,0,2,3,1,3,2,1,1,2,0,0,2,3,3,2,1,0,1
4159.68258682,0,0,-1,1,3,1,-1,2,3,2,-1,3,3,-1,3,0,1,3,0,1,1,1,2,-1,2,-1,1,2,0,0,3,0,1,2,1,1,0,2,3,0,2,3,0,2,0,0,1,2,1,1,3,1,2,3,3,2,3,1,0,0,1,2,0,-1,2,3,-1,3,-1,2,-1,1,-1,3,1,3,3,0,1,1,0,2,0,2,2,2,0,2,3,-1
4065.76232546,1,1,-1,0,3,-1,3,3,0,2,-1,2,0,2,0,-1,2,0,3,0,0,3,3,2,1,0,2,-1,2,1,1,2,3,2,2,0,3,3,0,-1,2,-1,2,2,0,0,-1,1,1,2,0,-1,-1,3,3,0,3,-1,0,-1,-1,1,3,-1,1,1,1,0,2,0,1,0,0,-1,0,3,1,2,2,2,2,1,1,1,-1,3,2,1,1,2
3969.15862806,1,0,-1,0,0,2,1,0,-1,1,-1,0,-1,2,0,0,0,3,3,2,0,0,0,2,1,0,2,0,2,-1,3,1,0,0,2,0,-1,-1,-1,1,2,1,2,1,-1,2,3,-1,1,1,-1,-1,3,-1,1,3,3,-1,3,1,1,2,1,0,3,1,-1,2,2,2,1,2,2,0,1,2,-1,1,3,1,2,-1,0,1,0,2,3,-1,-1,2
3892.10567894,2,-1,1,1,3,2,3,1,-1,1,1,2,0,3,2,1,2,-1,-1,-1,-1,3,2,1,1,0,0,3,0,3,1,-1,2,2,1,0,3,1,-1,2,2,-1,1,1,0,3,1,2,1,1,-1,0,-1,3,0,0,-1,2,3,-1,3,0,-1,0,0,-1,1,0,1,0,1,0,2,2,3,2,3,0,3,2,1,-1,0,-1,2,3,0,0,0,-1
3798.56876558,-1,-1,3,3,-1,2,0,0,2,1,2,2,-1,-1,3,1,-1,-1,-1,0,0,2,1,-1,1,2,3,1,-1,1,1,1,0,-1,2,2,3,2,2,2,0,1,0,2,0,0,0,3,-1,3,1,1,1,2,1,2,0,0,2,0,3,0,1,1,2,0,2,-1,1,-1,-1,0,1,0,3,3,-1,-1,3,-1,-1,-1,1,3,-1,2,0,1,0,3
3866.80471057,-1,3,1,0,2,1,0,3,2,3,0,0,0,3,2,0,0,-1,0,-1,3,1,-1,-1,-1,1,2,1,1,0,-1,3,3,1,2,3,3,0,2,2,0,-1,1,2,-1,-1,2,3,2,2,1,2,1,-1,0,2,-1,0,3,0,2,1,0,1,2,2,-1,1,3,3,1,1,0,1,2,1,1,1,2,-1,1,0,3,2,3,0,-1,3,0,0
3741.06656475,3,0,1,1,1,2,3,-1,1,1,3,0,3,2,1,1,0,0,-1,3,1,3,3,-1,1,0,0,0,0,-1,2,0,1,2,3,-1,1,-1,3,1,0,-1,3,0,-1,-1,1,-1,2,1,2,2,0,2,2,1,-1,3,-1,-1,-1,-1,3,-1,-1,2,2,3,3,3,2,1,-1,2,1,0,3,1,1,3,0,0,0,2,1,2,0,2,3,-1
3618.01185496,0,3,-1,0,3,0,0,1,1,2,3,1,-1,1,-1,3,2,-1,0,-1,1,1,0,1,1,1,2,0,0,1,2,-1,0,0,2,-1,0,3,-1,3,-1,1,1,-1,3,2,-1,0,3,1,2,2,1,-1,2,0,2,3,-1,0,-1,1,2,2,-1,-1,0,2,1,-1,2,2,0,3,2,0,1,0,-1,2,1,3,2,3,2,3,-1,-1,-1,0
3924.69025941,1,0,0,3,-1,2,2,3,3,0,-1,1,0,3,1,-1,1,2,1,2,-1,2,0,1,1,0,-1,-1,2,2,2,2,1,-1,0,0,3,3,-1,2,1,-1,1,3,3,3,1,0,2,2,3,3,1,2,1,0,1,-1,0,-1,2,0,0,2,2,0,3,0,0,-1,3,-1,3,2,1,3,1,0,3,-1,3,3,1,-1,3,2,1,0,3,0
3794.35193752,1,1,2,-1,0,2,2,3,0,-1,-1,0,3,2,0,0,1,0,2,1,-1,2,1,-1,-1,0,2,0,1,2,-1,-1,-1,3,2,3,1,2,0,-1,3,-1,1,1,1,0,2,2,1,1,1,2,1,1,0,2,3,1,0,0,-1,3,-1,-1,0,0,-1,0,1,-1,-1,2,-1,2,-1,-1,3,2,0,-1,-1,-1,-1,0,1,1,-1,0,0,-1
3775.56788525,0,1,-1,-1,2,-1,0,0,2,1,1,0,3,-1,-1,1,3,1,1,-1,-1,0,-1,-1,0,1,1,1,3,0,2,3,3,0,2,-1,-1,2,0,1,3,0,2,3,0,0,2,3,2,3,3,-1,0,1,-1,-1,3,2,3,0,0,0,-1,2,1,0,0,3,2,0,2,1,0,3,1,-1,1,2,1,2,2,3,-1,2,1,3,3,1,1,-1
3999.05977249,1,2,3,-1,1,3,2,1,1,1,0,1,-1,0,0,2,3,-1,2,2,1,-1,2,2,1,0,1,3,3,2,0,1,3,-1,-1,-1,2,0,3,-1,1,1,0,-1,0,0,2,0,0,0,2,0,-1,1,3,-1,2,-1,2,3,3,3,2,2,0,-1,0,2,1,1,3,-1,2,-1,1,0,0,1,0,1,2,3,2,1,2,3,0,-1,3,-1
3662.86357161,0,1,3,2,2,0,3,1,2,1,2,1,2,1,2,-1,-1,1,-1,2,2,3,-1,3,3,0,1,3,3,-1,0,3,-1,0,2,3,-1,3,3,0,-1,1,1,1,3,0,1,-1,3,-1,1,1,0,0,1,-1,2,0,2,2,1,1,2,1,-1,1,1,2,1,2,2,0,2,-1,2,3,-1,3,3,3,-1,2,0,0,1,-1,-1,1,1,0
3841.88709021,3,3,3,0,0,2,2,-1,3,-1,3,0,1,0,-1,-1,2,0,-1,-1,0,0,0,-1,1,-1,1,0,2,-1,0,1,1,3,1,2,-1,2,1,1,0,3,1,0,2,3,2,2,2,-1,3,-1,2,0,1,-1,1,1,-1,-1,1,2,2,2,-1,1,2,1,1,1,3,3,3,0,2,-1,0,0,1,1,1,3,0,-1,-1,0,0,2,2,0
4122.49783028,-1,-1,1,1,2,-1,1,-1,2,0,2,2,0,1,3,1,0,2,0,3,0,3,0,1,2,0,0,2,3,0,2,0,-1,-1,1,2,2,0,-1,2,1,-1,2,0,2,1,2,2,2,1,0,0,3,-1,0,1,1,3,-1,3,3,0,3,2,0,2,1,1,3,0,2,3,-1,1,3,0,1,-1,0,-1,3,-1,-1,1,1,2,3,1,-1,1
3858.37105445,1,0,3,1,3,-1,0,1,-1,-1,-1,0,1,3,-1,-1,0,3,0,-1,2,2,1,3,1,-1,3,1,-1,3,2,-1,0,0,2,2,1,2,-1,0,0,0,0,0,3,-1,-1,3,0,0,2,1,2,3,0,1,3,-1,2,3,3,0,2,2,1,1,0,2,2,3,3,1,-1,2,-1,3,0,0,0,2,2,2,1,3,1,2,0,0,1,2
3899.77263905,3,3,0,3,3,3,2,1,0,-1,1,3,3,2,2,0,0,3,2,1,1,-1,2,2,2,2,2,0,2,2,1,2,1,1,-1,1,1,0,1,1,0,3,-1,-1,-1,3,3,1,0,0,0,2,-1,-1,-1,0,3,-1,0,-1,2,0,3,-1,2,1,3,1,3,1,2,-1,0,-1,0,3,-1,1,0,2,0,0,-1,-1,1,-1,3,0,2,3
3977.59228418,0,1,3,3,2,3,3,0,0,-1,3,2,3,1,-1,2,3,0,0,0,1,2,1,0,0,2,2,0,2,-1,3,-1,2,1,-1,3,1,3,0,0,3,3,0,2,0,-1,1,3,0,1,2,0,3,3,2,1,-1,1,2,2,3,1,1,1,2,1,-1,2,1,1,-1,1,0,3,2,-1,-1,3,3,1,1,0,-1,2,2,2,2,3,-1,1
3720.74912045,0,3,3,3,1,1,3,-1,0,2,-1,2,2,1,3,0,2,0,1,-1,1,0,-1,2,2,3,-1,0,1,1,2,0,3,0,2,3,-1,1,-1,2,2,2,-1,-1,2,1,2,-1,2,1,3,0,0,-1,0,2,0,-1,1,-1,1,1,2,3,3,0,-1,2,0,3,2,1,-1,-1,1,0,-1,2,2,0,-1,1,1,-1,3,1,-1,3,2,1
3810.45255375,-1,3,1,0,0,-1,2,0,2,0,2,3,-1,0,2,-1,0,-1,2,0,2,0,2,2,1,-1,1,2,1,0,1,-1,3,1,2,2,0,-1,-1,0,1,2,-1,-1,0,3,0,3,0,0,-1,3,1,2,-1,-1,3,2,1,3,1,3,1,3,0,3,0,1,3,1,0,-1,1,3,-1,1,0,2,1,-1,2,-1,-1,-1,0,1,1,0,2,1
3761.76735705,0,3,1,1,-1,0,1,2,3,-1,2,3,2,3,0,1,0,2,2,2,2,1,2,1,1,3,0,-1,2,1,1,-1,1,2,-1,3,3,2,2,0,0,3,0,-1,2,3,1,2,1,3,1,-1,0,1,0,1,3,3,1,-1,-1,0,-1,0,0,2,1,2,0,3,-1,2,1,-1,0,3,3,2,-1,2,2,-1,0,1,-1,1,3,-1,0,-1
3792.8185455,2,3,1,-1,2,0,1,1,-1,2,1,-1,1,-1,2,0,1,0,-1,2,-1,2,1,2,-1,3,3,2,-1,2,3,1,-1,0,0,-1,-1,1,1,3,0,0,-1,3,0,-1,2,2,2,1,3,3,-1,3,2,0,3,1,2,0,3,0,1,0,0,0,1,-1,-1,0,0,2,0,-1,1,0,1,2,2,1,2,1,1,3,0,2,3,3,-1,0
3991.39281238,2,2,0,0,-1,3,0,2,0,1,0,2,2,0,3,2,2,1,3,1,0,0,1,-1,0,0,-1,-1,-1,-1,-1,2,1,-1,2,1,-1,3,-1,2,0,2,0,2,2,1,0,2,1,-1,1,3,2,3,2,1,0,2,-1,3,1,1,3,2,0,0,3,3,0,-1,3,-1,3,1,3,3,0,2,3,1,-1,-1,-1,3,1,0,2,2,3,1
3802.40224564,2,1,2,0,1,-1,1,3,0,0,-1,-1,-1,3,1,1,1,3,1,2,1,1,-1,0,3,-1,3,3,2,2,2,1,-1,1,0,1,2,0,1,0,2,3,0,0,3,3,2,2,2,3,2,0,2,0,-1,-1,1,3,0,-1,-1,2,3,0,1,-1,-1,1,0,0,-1,0,2,2,0,2,-1,-1,0,3,3,2,2,-1,-1,3,0,3,0,1
3815.81942583,0,2,1,0,-1,0,0,-1,0,1,1,2,3,1,1,1,1,1,3,2,2,0,-1,-1,1,1,-1,-1,3,2,1,2,-1,-1,2,1,3,-1,-1,-1,-1,-1,0,0,3,1,3,2,3,0,0,0,0,2,3,-1,1,3,3,3,2,0,0,3,3,2,2,2,2,0,2,0,2,0,1,2,2,2,-1,-1,3,-1,-1,1,0,0,2,3,3,0
3898.62259503,2,3,3,0,1,-1,0,-1,2,0,3,2,3,0,0,-1,-1,0,3,1,1,3,3,0,2,-1,-1,0,1,0,2,1,1,2,3,0,2,1,1,3,0,0,0,2,2,2,1,1,-1,0,0,0,0,1,3,1,0,0,1,2,3,-1,-1,3,3,2,2,-1,-1,1,-1,2,3,-1,0,1,3,-1,2,1,1,2,3,2,2,3,2,-1,-1,2
3790.51845746,3,-1,3,2,1,2,1,2,-1,-1,1,0,3,2,2,-1,1,2,0,-1,0,2,0,-1,2,-1,3,1,3,0,3,0,0,2,2,1,2,2,0,3,2,-1,-1,3,-1,-1,3,3,-1,0,0,0,0,0,3,1,3,0,1,3,0,3,1,0,2,3,1,0,3,-1,1,1,3,1,1,1,2,2,-1,2,2,2,0,2,3,-1,1,1,2,1
3677.04744782,1,2,2,-1,1,0,0,-1,3,3,2,3,3,-1,1,2,2,-1,3,3,-1,1,0,-1,2,0,3,2,1,1,1,2,2,1,3,-1,0,3,3,0,-1,2,-1,0,0,-1,0,2,1,1,2,0,3,0,-1,1,0,3,2,-1,-1,2,1,3,-1,2,3,0,0,2,-1,0,2,1,0,3,0,1,-1,0,1,-1,1,-1,1,2,3,3,0,0
3642.16277931,1,2,2,3,-1,0,-1,3,0,1,3,0,-1,1,2,2,0,1,2,1,3,1,2,3,0,-1,2,-1,-1,0,3,0,-1,0,3,-1,3,3,3,1,0,-1,2,1,-1,1,1,0,3,3,-1,-1,0,1,2,0,2,1,3,1,3,1,-1,0,1,-1,0,1,2,-1,2,2,-1,0,2,3,2,-1,-1,2,0,2,-1,3,3,-1,2,2,3,0
3953.44135983,1,0,3,-1,0,0,2,3,0,0,0,3,0,-1,3,-1,-1,3,2,0,3,0,2,2,2,2,1,3,1,2,2,0,2,-1,-1,2,2,1,0,-1,3,1,1,-1,0,2,0,0,1,1,1,1,1,1,-1,0,3,2,1,1,-1,0,-1,-1,-1,1,-1,-1,0,-1,2,3,-1,2,1,0,3,-1,2,2,1,-1,0,1,3,3,0,-1,1,3
3763.30074907,-1,3,-1,2,2,-1,0,0,-1,1,0,3,2,1,0,-1,1,3,2,-1,1,1,3,2,3,-1,-1,2,0,0,0,-1,1,2,2,0,0,1,-1,1,1,2,1,3,2,2,3,-1,2,3,3,1,1,0,-1,1,3,1,0,3,2,2,-1,3,3,0,0,2,1,-1,1,-1,2,2,2,1,2,1,3,-1,2,0,-1,-1,3,0,0,1,0,1
3831.53669406,3,2,2,0,0,2,-1,1,1,-1,-1,-1,1,2,-1,-1,0,3,-1,-1,-1,-1,-1,3,2,0,1,-1,1,-1,0,0,0,3,3,0,3,-1,1,2,0,0,0,2,2,-1,2,-1,1,0,2,3,3,2,3,1,0,2,1,3,1,2,3,-1,1,0,2,1,2,0,3,2,1,1,0,-1,2,0,1,3,0,1,1,-1,2,0,0,3,1,2
3803.16894165,0,-1,0,2,1,2,-1,-1,0,0,3,1,-1,2,2,1,-1,0,1,-1,3,0,1,1,2,-1,2,2,0,2,1,2,2,1,1,0,-1,-1,2,-1,1,1,2,0,2,-1,0,2,0,2,3,0,-1,1,1,3,3,-1,1,-1,0,0,1,2,3,0,3,3,0,1,0,2,1,3,1,-1,2,-1,0,0,2,-1,3,-1,-1,2,-1,0,2,-1
4043.91148914,-1,-1,3,2,3,0,2,3,3,-1,2,1,0,0,-1,1,-1,2,0,1,3,3,2,0,1,0,2,0,0,1,3,2,0,-1,-1,0,0,2,2,1,0,3,-1,2,3,1,1,2,1,3,1,2,0,-1,2,-1,0,1,-1,2,-1,3,3,2,1,-1,2,1,0,0,-1,1,2,1,1,3,1,1,-1,0,0,1,3,0,1,3,3,0,2,2
4042.76144512,-1,-1,-1,2,0,3,2,2,0,0,0,3,2,3,1,2,-1,-1,-1,3,2,1,2,-1,3,0,3,0,1,0,1,0,2,2,-1,1,0,0,0,3,0,3,2,3,1,0,-1,1,3,0,2,-1,2,1,-1,-1,1,1,-1,2,0,1,1,-1,1,1,0,-1,1,2,3,2,3,-1,3,-1,2,1,1,1,0,3,2,2,0,3,2,1,2,2
3971.07536808,1,3,0,0,1,1,0,2,2,1,2,0,0,0,1,1,1,-1,3,2,3,0,3,2,1,0,2,0,-1,-1,1,3,-1,1,2,0,3,0,2,-1,1,0,3,0,0,-1,1,1,3,0,2,3,-1,0,-1,-1,-1,2,2,1,2,1,-1,2,3,1,1,2,1,3,3,-1,1,0,0,2,3,0,0,3,-1,-1,2,2,0,3,1,1,3,-1
3857.60435844,3,0,2,1,2,3,1,1,-1,0,0,3,1,3,2,1,3,3,-1,-1,1,0,-1,-1,1,3,1,3,0,2,0,0,2,2,0,3,-1,2,1,3,2,0,0,1,1,1,2,1,1,-1,1,1,2,0,1,3,2,0,-1,2,0,3,2,2,3,-1,2,-1,3,2,0,3,0,-1,3,2,1,0,2,-1,0,-1,3,-1,0,2,0,1,-1,1
3799.33546159,2,0,0,1,2,0,-1,-1,-1,2,-1,1,2,1,-1,1,1,3,2,1,3,1,0,0,0,3,-1,0,1,2,-1,2,0,1,1,0,1,2,-1,0,2,2,-1,0,1,-1,2,3,3,1,-1,1,1,2,0,2,-1,1,-1,1,-1,0,3,0,3,-1,0,2,1,0,-1,3,1,2,3,3,1,-1,3,0,-1,-1,0,1,2,2,0,0,-1,-1
4031.64435296,-1,0,0,3,-1,2,-1,1,0,-1,2,1,0,3,2,1,1,3,2,2,0,0,1,-1,-1,2,1,3,3,0,1,3,0,1,3,3,-1,-1,2,-1,-1,1,1,2,0,1,1,1,-1,0,0,2,0,0,0,1,-1,3,0,-1,3,3,1,1,2,2,2,0,1,-1,2,1,2,3,-1,3,1,2,3,0,1,0,1,3,2,0,2,2,2,2
3764.06744508,3,-1,3,2,3,0,3,-1,0,0,3,2,2,3,2,2,2,2,2,1,-1,2,0,0,-1,3,-1,3,0,-1,0,-1,2,0,2,1,1,0,1,0,0,1,-1,-1,0,-1,2,-1,-1,1,-1,0,1,1,3,0,-1,1,2,-1,2,3,1,2,2,2,3,3,-1,0,1,-1,1,1,0,2,-1,2,0,0,2,3,3,2,0,1,-1,2,-1,1
3935.42400357,-1,1,3,-1,0,2,1,3,0,0,-1,2,0,-1,3,2,2,3,1,3,3,1,1,3,2,2,2,0,-1,2,0,2,3,2,3,2,0,0,1,2,1,2,0,0,0,3,2,-1,1,-1,-1,3,0,3,0,1,-1,0,-1,-1,0,2,0,3,0,2,3,-1,2,3,3,3,1,1,0,-1,0,1,0,2,1,-1,-1,2,-1,3,1,1,-1,1
4007.87677662,0,0,2,3,1,-1,-1,1,0,0,1,1,3,2,3,1,0,2,-1,0,3,0,1,0,2,-1,1,3,0,1,0,3,1,0,1,-1,-1,3,2,3,1,2,1,1,0,-1,0,1,1,0,2,2,2,2,-1,0,1,2,3,0,0,1,2,1,0,2,3,3,2,1,3,-1,3,2,-1,3,0,2,1,-1,2,-1,3,2,-1,2,-1,2,2,1
3752.56700491,0,3,0,3,1,2,0,2,2,0,-1,3,1,2,3,1,1,0,3,3,3,3,3,0,-1,1,-1,2,3,0,-1,0,-1,1,-1,2,1,3,2,1,0,2,1,1,2,2,2,2,0,-1,1,2,0,1,3,-1,3,1,-1,0,1,2,0,1,3,0,0,3,2,2,2,-1,0,2,0,3,0,1,2,-1,3,3,0,-1,-1,-1,2,3,0,-1
3591.94419058,0,1,-1,2,3,1,1,3,3,1,-1,3,1,0,0,-1,0,-1,-1,2,-1,2,2,2,0,0,3,1,1,2,1,0,-1,0,2,1,3,-1,2,1,-1,2,2,1,3,3,0,0,3,1,2,0,3,-1,3,3,3,-1,0,-1,2,3,2,-1,0,1,1,-1,3,-1,1,-1,-1,2,1,-1,0,2,1,2,3,-1,-1,0,1,2,2,-1,0,2
3848.78735431,1,0,1,-1,0,1,2,3,-1,-1,0,1,3,1,-1,0,-1,1,2,1,2,3,2,1,1,-1,-1,2,0,2,2,3,-1,-1,3,0,-1,0,3,3,0,3,-1,2,-1,1,1,-1,2,3,2,0,0,2,0,1,-1,-1,0,-1,-1,2,1,0,2,1,1,0,3,0,0,3,1,2,1,0,0,3,0,2,0,3,3,-1,2,3,3,1,-1,1
3915.10655927,2,0,-1,-1,-1,1,2,1,1,2,3,0,2,3,0,2,-1,0,-1,2,2,3,-1,0,0,0,0,1,-1,0,-1,1,2,0,3,3,-1,3,1,2,2,1,3,3,2,3,2,0,2,3,0,-1,3,-1,1,1,1,0,1,1,1,3,-1,0,1,0,2,3,0,0,3,0,2,1,2,2,2,2,-1,-1,2,0,-1,1,1,0,1,1,3,3
3917.4066473,2,2,0,3,0,0,2,1,-1,-1,3,3,3,-1,1,0,2,2,1,-1,2,2,3,2,1,0,0,0,1,2,0,0,2,-1,0,-1,0,1,0,0,0,-1,2,-1,1,0,3,2,1,3,1,2,3,-1,3,3,1,2,-1,2,2,0,1,-1,0,-1,3,-1,1,3,1,3,3,1,1,3,1,-1,-1,-1,1,1,2,0,2,3,1,0,2,3
4063.46223742,3,1,3,1,0,3,-1,-1,2,0,3,3,-1,-1,2,1,-1,1,2,0,2,0,2,1,0,2,0,2,3,0,2,-1,0,-1,0,2,3,0,1,2,3,2,-1,1,2,1,3,0,3,3,3,1,0,0,0,0,1,1,1,2,1,3,0,0,3,-1,1,-1,-1,-1,0,1,2,2,1,0,0,-1,2,1,3,-1,2,1,-1,3,1,1,2,3
3840.35369819,2,3,0,0,-1,2,-1,2,3,1,0,1,2,0,1,0,0,0,0,0,1,1,2,3,1,2,-1,-1,1,1,3,3,-1,-1,1,-1,2,3,3,0,3,1,0,0,1,0,3,0,-1,3,1,3,1,-1,2,2,3,-1,0,2,-1,3,0,-1,2,-1,1,-1,1,-1,1,2,2,-1,3,0,0,2,0,-1,-1,2,0,-1,0,-1,2,-1,1,3
3429.40463622,0,3,0,-1,2,3,2,0,-1,0,-1,3,-1,0,3,1,1,-1,3,-1,1,3,-1,1,2,2,3,-1,1,1,0,1,1,-1,0,2,-1,-1,-1,0,-1,1,2,3,2,1,3,2,1,2,1,3,-1,3,2,0,3,-1,-1,-1,-1,1,2,2,1,2,0,-1,3,1,2,3,1,2,1,0,3,1,-1,2,1,1,0,-1,0,3,2,2,1,-1
3941.94091966,3,3,0,-1,3,2,2,0,1,1,1,1,0,3,-1,2,2,2,1,3,2,0,3,3,2,-1,1,0,0,-1,2,3,2,2,0,2,3,0,0,1,2,1,-1,-1,1,2,0,1,-1,3,0,3,0,1,0,1,1,2,2,2,0,0,1,-1,-1,3,3,0,3,-1,-1,1,0,3,1,-1,-1,2,3,3,1,2,3,0,2,3,1,-1,-1,1
3951.90796781,-1,3,1,2,2,1,1,-1,1,2,0,2,1,2,3,1,1,2,2,-1,2,1,-1,3,-1,0,1,0,3,1,3,3,2,-1,1,0,0,3,1,0,1,0,0,1,1,-1,2,3,0,-1,0,0,0,2,1,3,-1,-1,3,-1,2,0,1,1,2,0,2,0,2,0,-1,2,3,2,2,1,-1,3,0,3,3,1,2,2,3,3,0,2,-1,3
3933.89061154,2,0,3,2,1,1,3,3,0,2,0,1,2,0,2,3,1,-1,2,2,1,2,1,1,0,1,2,0,3,1,-1,3,-1,1,3,0,3,3,0,1,3,3,3,-1,1,0,0,1,1,0,2,2,3,2,-1,2,3,2,1,3,3,-1,3,2,2,-1,2,3,-1,0,0,1,2,3,-1,0,-1,1,-1,1,0,-1,-1,1,1,-1,1,3,0,0
3863.73792653,2,0,-1,0,1,2,3,3,1,3,0,1,0,-1,-1,2,3,2,1,1,3,3,-1,3,2,-1,3,1,0,-1,-1,3,-1,2,1,-1,2,1,2,0,0,0,1,2,3,3,1,3,0,0,0,-1,1,-1,2,3,2,0,1,2,-1,0,2,1,0,1,-1,-1,1,3,3,0,-1,1,1,3,-1,1,-1,0,1,0,3,2,0,3,3,0,1,-1
3936.57404758,0,3,1,-1,3,-1,1,2,-1,0,0,0,-1,3,1,1,2,3,-1,0,2,2,-1,2,-1,3,2,3,2,0,1,3,1,2,1,1,-1,0,-1,2,0,3,1,3,3,1,2,2,3,2,1,2,0,-1,3,1,0,-1,3,2,0,2,1,-1,1,3,-1,1,1,2,-1,1,1,0,3,0,-1,2,1,0,0,0,2,2,2,3,-1,1,0,3
3785.53493339,2,3,2,2,1,-1,0,0,-1,1,2,2,3,2,-1,2,1,3,-1,1,1,2,1,-1,0,0,1,2,0,1,1,-1,-1,0,1,-1,3,3,1,3,0,2,2,1,1,0,1,0,0,2,0,1,3,-1,1,2,0,3,-1,2,0,3,2,0,0,2,-1,3,2,0,-1,2,-1,-1,-1,-1,0,2,-1,-1,3,1,2,2,-1,3,1,3,0,0
3786.3016294,2,2,0,-1,2,0,0,-1,2,1,0,1,1,-1,3,3,-1,-1,-1,2,1,2,2,-1,0,0,1,2,2,3,0,0,1,0,0,1,2,0,-1,3,2,-1,3,2,2,1,1,1,2,2,2,3,-1,3,3,0,1,-1,-1,2,-1,3,-1,2,1,3,1,-1,3,1,3,1,0,1,-1,-1,0,1,0,2,3,1,0,0,3,0,-1,1,0,-1
3920.09008334,-1,1,3,2,2,2,3,1,2,3,1,-1,0,2,1,1,0,-1,1,2,2,1,-1,0,0,0,-1,-1,-1,1,2,0,0,1,2,2,0,-1,1,0,1,0,-1,2,0,2,1,2,2,1,-1,0,2,3,-1,3,3,1,-1,0,-1,0,-1,0,3,1,-1,0,-1,3,0,0,3,0,-1,1,2,1,0,-1,0,-1,3,1,3,3,0,2,-1,1
3798.56876558,0,3,0,-1,3,-1,-1,2,-1,0,0,0,-1,3,1,3,2,3,1,1,1,2,3,2,3,0,-1,2,3,-1,2,-1,1,2,3,2,2,2,0,1,-1,-1,1,0,2,-1,1,1,0,2,1,3,1,-1,2,-1,3,1,-1,2,2,0,0,0,-1,2,0,1,2,3,0,1,2,1,3,1,2,0,1,-1,0,3,0,-1,1,0,-1,0,-1,1
4013.2436487,-1,3,1,-1,3,2,1,1,3,-1,2,-1,0,3,1,3,3,1,3,0,0,1,2,3,2,1,0,0,0,2,-1,0,1,2,2,3,3,0,0,-1,0,-1,0,0,-1,1,3,0,3,2,1,2,-1,-1,2,0,1,2,-1,2,-1,-1,1,2,1,0,2,2,2,-1,-1,3,2,1,0,0,1,2,2,1,0,-1,-1,1,1,1,-1,3,2,0
3976.05889216,-1,1,0,-1,1,1,1,3,0,3,1,3,0,2,2,1,1,1,1,3,3,0,3,3,-1,0,-1,2,0,1,2,2,0,2,0,2,3,1,2,-1,1,3,0,0,0,2,-1,0,-1,3,2,1,0,2,0,3,-1,1,2,-1,0,-1,3,0,1,1,0,3,2,3,0,-1,0,3,3,-1,1,2,2,-1,-1,-1,3,2,0,2,1,2,2,1
3764.06744508,2,2,3,3,-1,1,0,2,1,1,2,2,1,0,3,1,1,-1,-1,0,1,-1,2,2,2,0,3,1,0,1,-1,0,2,1,2,-1,0,-1,-1,-1,2,0,0,-1,-1,3,-1,1,0,3,1,1,1,-1,2,0,-1,3,0,1,3,1,-1,3,-1,2,1,0,1,-1,1,-1,-1,2,-1,2,0,-1,2,0,3,0,2,0,0,2,-1,1,2,3
3964.55845199,3,2,-1,3,1,2,2,3,1,0,1,2,1,2,0,0,0,2,1,0,-1,0,1,0,3,0,-1,2,3,2,-1,2,-1,2,1,3,2,2,0,1,-1,1,1,1,-1,1,-1,3,2,0,-1,-1,-1,3,2,-1,0,0,1,0,-1,1,3,2,1,3,3,2,2,0,2,-1,0,-1,-1,1,0,2,3,0,3,1,3,3,1,-1,1,0,0,0
3750.26691688,3,1,-1,-1,1,2,0,3,-1,-1,1,0,1,0,2,2,2,2,2,1,1,-1,3,0,0,0,-1,2,-1,2,-1,0,-1,0,-1,3,-1,-1,0,-1,0,-1,0,0,2,-1,0,0,1,1,2,0,3,2,1,0,2,-1,3,3,2,1,-1,3,-1,0,3,-1,3,3,1,1,1,1,2,2,0,-1,0,2,2,2,0,3,1,1,0,2,-1,3
4034.327789,0,1,1,0,1,3,-1,0,1,2,0,1,2,1,3,-1,3,3,0,2,-1,0,2,1,0,1,3,2,0,-1,2,0,0,-1,2,-1,2,3,2,1,3,0,3,1,0,2,0,0,-1,3,1,2,3,2,2,3,1,0,3,0,1,1,0,0,-1,1,-1,1,1,-1,2,0,-1,3,-1,-1,-1,2,1,2,-1,-1,-1,1,2,2,0,1,0,1
4005.96003659,-1,2,0,-1,2,3,1,1,3,-1,0,2,0,1,1,1,1,3,1,3,-1,0,-1,0,0,0,0,3,1,1,1,-1,1,2,3,-1,1,0,-1,2,3,0,3,2,2,-1,2,0,2,-1,-1,2,2,2,0,3,0,1,3,-1,2,0,3,0,3,-1,-1,3,0,3,0,1,3,1,1,1,1,0,0,2,2,2,3,0,-1,2,3,1,1,2
3985.64259229,2,2,0,3,-1,3,-1,2,1,0,2,2,1,1,1,1,1,1,0,2,-1,1,0,-1,-1,-1,1,2,1,1,-1,0,3,2,1,0,3,2,0,1,3,0,-1,0,-1,1,2,0,-1,0,0,-1,-1,3,2,1,3,3,1,3,1,-1,0,2,0,1,2,-1,2,2,2,2,3,-1,0,2,2,-1,0,3,0,1,3,0,0,-1,-1,3,1,3
4010.56021266,1,0,1,1,2,1,0,0,2,3,0,0,0,1,-1,3,1,2,3,3,1,0,0,2,1,3,0,2,0,2,1,2,1,-1,-1,2,2,-1,1,1,3,1,-1,1,0,3,-1,0,3,3,0,3,1,1,-1,0,2,2,-1,2,3,-1,-1,-1,3,-1,-1,1,2,1,0,0,3,0,-1,-1,0,2,0,2,-1,-1,2,1,1,2,2,0,2,1
3762.15070505,1,1,-1,2,1,1,0,-1,1,1,-1,1,1,0,3,2,1,-1,2,0,2,2,-1,1,2,3,-1,3,0,1,2,0,3,1,0,0,2,2,3,3,1,1,-1,3,-1,1,3,0,0,0,0,-1,1,-1,3,3,2,-1,0,-1,0,3,0,1,0,-1,3,2,3,0,-1,3,2,2,3,2,3,0,-1,-1,0,2,1,-1,0,3,3,0,0,1
3671.29722773,1,3,-1,2,2,3,-1,0,-1,0,0,2,-1,-1,3,2,0,1,1,0,3,-1,2,0,3,2,2,2,-1,1,1,0,3,1,-1,-1,3,1,-1,0,2,-1,3,-1,3,-1,-1,3,-1,2,1,-1,1,0,1,-1,0,-1,3,2,-1,2,2,1,0,2,1,2,1,2,3,2,0,0,1,1,2,3,0,3,0,-1,0,-1,0,-1,3,0,1,0
4046.21157717,2,3,1,-1,1,0,2,3,1,1,0,3,1,3,1,1,3,3,1,2,3,3,-1,3,2,0,2,1,2,3,3,3,0,2,2,-1,-1,3,2,0,0,1,0,1,1,2,3,0,-1,3,-1,-1,-1,1,3,2,3,2,-1,0,-1,2,1,3,-1,1,1,1,2,3,1,0,0,2,2,0,2,0,1,1,0,0,0,0,2,0,-1,3,2,0
3999.8264685,3,1,-1,2,1,3,0,2,1,2,0,-1,0,2,-1,0,1,2,-1,3,-1,0,-1,2,-1,3,1,2,1,2,-1,3,0,2,0,2,2,3,2,0,3,0,0,1,2,3,-1,1,-1,1,2,1,-1,0,3,-1,0,1,1,0,1,2,0,-1,3,3,2,1,0,2,3,2,1,0,1,1,1,3,3,2,0,-1,-1,3,0,0,3,2,2,0
3802.40224564,2,-1,3,1,2,2,1,3,2,-1,0,0,0,1,0,1,0,1,0,-1,1,2,1,1,3,-1,-1,1,0,2,3,2,-1,1,3,-1,0,3,-1,-1,-1,0,2,-1,3,2,2,0,0,2,-1,2,-1,2,-1,-1,1,0,2,3,1,3,1,2,-1,3,2,3,1,0,1,0,-1,1,2,-1,2,0,0,0,0,3,1,1,0,2,3,1,1,-1
3917.0232993,-1,-1,-1,0,3,1,-1,0,2,-1,2,2,1,1,-1,-1,0,-1,2,3,-1,0,3,0,1,1,-1,1,3,-1,2,3,-1,2,2,-1,1,1,0,3,0,-1,0,-1,0,1,2,1,-1,-1,0,2,1,-1,0,0,2,2,1,-1,2,3,0,0,2,1,-1,1,2,1,2,3,1,0,2,1,0,1,0,0,3,2,-1,1,0,-1,0,1,3,-1
4094.13007787,-1,2,2,1,-1,0,3,2,3,-1,0,2,-1,-1,0,3,1,0,-1,3,-1,0,1,3,3,0,0,2,-1,3,3,2,2,1,0,1,-1,1,-1,1,0,2,2,2,2,3,1,3,2,3,1,3,2,3,0,0,-1,1,2,1,0,-1,1,3,1,3,-1,2,2,2,0,0,2,3,0,1,1,-1,1,1,0,1,0,1,0,0,1,0,3,-1
3768.28427314,1,-1,0,-1,1,1,-1,2,2,2,-1,0,-1,0,3,0,0,0,3,-1,2,1,3,3,1,0,1,0,-1,3,-1,0,0,2,1,2,3,-1,0,-1,2,1,-1,0,-1,-1,-1,1,-1,2,0,1,2,2,2,1,1,-1,0,3,1,-1,0,1,1,1,3,0,0,-1,2,2,0,0,-1,-1,2,-1,1,0,3,2,0,3,-1,1,2,-1,1,1
3887.50550287,-1,2,1,3,2,2,2,2,2,0,3,0,1,1,2,3,-1,0,3,3,1,0,3,3,3,0,3,1,-1,1,-1,0,-1,-1,2,3,0,1,0,1,0,0,-1,0,0,1,1,1,-1,1,0,2,3,2,3,1,2,2,3,-1,2,0,0,-1,0,-1,-1,2,0,0,-1,1,1,-1,3,3,1,1,-1,-1,-1,2,3,2,2,1,0,-1,3,1
3876.0050627,0,-1,1,0,0,1,-1,3,-1,-1,2,2,0,-1,-1,2,0,2,1,0,2,1,2,3,3,3,0,1,2,2,3,2,-1,2,1,0,-1,-1,3,1,-1,1,1,3,-1,0,1,1,2,2,3,-1,1,0,-1,3,2,2,0,3,2,0,0,-1,1,-1,-1,1,2,-1,2,0,-1,-1,0,0,3,0,2,3,2,-1,2,1,0,0,1,1,-1,1
3817.35281785,1,3,3,2,3,3,3,0,1,3,2,-1,1,0,3,3,0,1,1,0,-1,2,0,2,2,3,3,3,-1,1,1,-1,1,-1,0,2,-1,-1,1,1,1,3,-1,2,3,0,1,0,0,0,1,0,2,2,0,2,0,3,0,0,1,1,2,3,3,3,0,2,0,1,2,-1,2,-1,3,2,-1,-1,1,3,-1,-1,3,2,-1,1,1,-1,0,-1
3835.75352212,2,-1,-1,-1,0,2,-1,1,3,2,-1,1,2,1,2,2,-1,0,-1,0,0,-1,0,2,-1,3,-1,3,3,2,2,1,2,0,2,0,1,2,1,0,2,0,1,2,2,0,0,1,0,-1,2,1,-1,-1,1,-1,0,2,3,3,1,-1,-1,2,1,-1,2,0,1,1,1,0,3,-1,-1,0,0,3,3,3,1,1,-1,2,0,1,3,1,1,-1
3803.55228965,1,-1,2,2,-1,1,3,1,-1,2,0,0,1,0,0,-1,1,3,-1,-1,0,-1,1,0,3,0,-1,2,2,0,3,3,2,1,1,-1,2,0,-1,2,0,2,-1,2,1,1,-1,0,0,2,2,1,0,3,1,2,3,3,0,-1,3,2,2,0,1,2,1,-1,-1,2,0,3,2,3,0,-1,3,1,2,3,1,2,2,-1,0,0,0,3,2,1
4043.91148914,2,0,1,1,3,3,2,3,0,-1,-1,0,2,3,2,1,3,0,2,2,1,2,0,-1,1,2,-1,2,3,1,1,2,3,3,3,-1,2,3,0,0,-1,2,-1,0,2,1,-1,0,-1,1,0,3,1,1,3,0,-1,0,1,1,3,0,0,2,0,-1,0,0,1,2,1,-1,1,-1,0,1,2,0,1,2,3,3,-1,2,1,0,2,3,3,2
4003.27660055,1,0,1,3,2,1,3,3,3,-1,1,2,2,-1,-1,1,0,2,0,0,3,0,3,0,2,1,1,-1,-1,2,-1,3,0,-1,2,0,0,1,0,0,1,-1,2,0,-1,1,2,3,-1,0,3,3,0,0,2,-1,2,2,2,2,3,0,1,3,-1,2,1,2,1,2,-1,1,0,-1,1,3,-1,0,3,1,2,3,0,1,1,1,0,2,2,2
3926.22365143,3,1,1,3,0,3,0,3,3,3,0,3,-1,2,-1,2,2,-1,3,0,3,1,2,2,3,1,-1,3,1,2,0,0,0,-1,1,0,-1,-1,2,3,-1,3,2,0,1,-1,1,-1,1,2,2,2,1,2,0,0,1,1,0,1,1,0,2,3,1,1,1,3,0,0,2,3,-1,3,3,-1,0,2,-1,3,0,-1,1,1,2,-1,0,3,0,2
3868.7214506,1,1,3,-1,2,2,2,0,-1,-1,-1,3,0,0,0,3,1,0,2,0,1,3,-1,0,0,2,-1,2,-1,0,2,3,-1,2,-1,2,1,1,2,-1,-1,1,3,1,-1,0,1,3,1,3,3,2,3,1,0,2,0,0,1,2,1,3,0,-1,-1,0,3,3,1,2,1,3,1,2,2,2,0,3,2,3,-1,1,1,0,2,0,0,3,3,3
4069.59580551,2,-1,3,0,1,3,1,0,1,3,2,0,1,0,2,0,1,0,2,-1,0,-1,0,0,3,1,-1,0,3,2,-1,3,3,0,2,2,-1,0,2,3,2,0,2,-1,0,0,0,-1,-1,3,-1,2,3,0,2,3,1,3,1,1,3,2,0,-1,-1,1,3,1,2,3,2,-1,2,-1,1,-1,1,1,1,1,0,2,1,3,0,1,2,0,0,3
3667.84709568,3,2,2,3,2,0,0,3,3,0,2,-1,1,0,-1,2,2,0,3,3,-1,2,-1,3,-1,-1,2,1,1,0,-1,1,2,0,1,-1,1,1,-1,3,1,1,1,3,2,-1,0,2,-1,3,3,0,1,-1,0,3,1,1,2,0,0,2,0,0,1,2,2,-1,2,0,1,1,2,2,3,-1,2,-1,1,2,3,2,1,-1,1,0,3,-1,1,0
3813.9026858,1,3,-1,1,1,2,0,-1,0,2,2,-1,3,-1,-1,3,3,1,2,0,1,-1,-1,1,1,1,0,2,3,3,2,2,-1,0,-1,2,0,3,0,2,-1,1,2,0,-1,2,0,1,1,1,0,3,3,2,2,3,0,2,1,3,1,0,-1,-1,2,0,3,1,0,0,1,-1,-1,2,-1,0,-1,2,0,0,-1,1,-1,2,-1,0,1,-1,0,-1
3835.37017411,1,2,2,1,2,1,3,1,0,2,3,-1,1,-1,-1,1,2,2,1,1,-1,1,1,1,0,-1,-1,2,2,-1,-1,2,3,3,3,0,0,3,-1,0,0,2,2,0,2,2,2,-1,2,3,2,3,3,0,-1,-1,1,0,0,2,-1,-1,1,0,-1,0,-1,1,1,0,0,-1,3,-1,3,-1,0,0,2,3,3,2,0,-1,1,1,3,0,2,0
3831.15334605,0,1,0,-1,1,2,3,1,1,1,-1,1,0,2,0,1,1,2,0,-1,1,2,1,2,1,2,-1,3,0,3,0,1,2,-1,-1,3,-1,-1,-1,0,2,2,2,-1,3,-1,-1,0,-1,3,1,2,2,2,-1,2,-1,0,0,3,2,0,2,1,0,2,3,0,2,0,-1,1,-1,1,-1,1,1,3,2,-1,3,3,2,3,0,0,1,1,3,3
3943.47431168,-1,3,2,-1,0,0,-1,0,0,2,-1,-1,1,-1,2,3,2,0,1,-1,0,-1,2,0,3,3,2,3,0,2,2,-1,1,1,2,1,0,2,1,-1,3,1,0,1,0,0,-1,-1,3,-1,3,2,2,2,0,-1,1,3,3,0,2,1,3,0,1,1,3,1,3,2,3,1,0,2,2,3,1,3,3,2,0,0,0,0,3,-1,-1,-1,2,-1
3815.43607782,0,2,1,1,0,0,1,-1,-1,1,0,3,3,0,1,2,2,0,1,2,3,0,-1,0,3,3,3,-1,-1,0,0,1,3,1,2,3,1,1,-1,0,3,0,3,0,2,2,1,3,-1,0,0,2,2,3,3,1,0,2,-1,1,3,1,2,2,1,-1,-1,1,2,-1,2,3,0,0,0,1,-1,-1,2,2,-1,0,2,-1,2,2,1,2,3,1
3783.23484536,1,0,3,1,2,0,2,2,3,-1,1,3,-1,3,2,-1,0,1,2,1,-1,2,3,-1,3,2,2,1,3,0,-1,2,2,1,2,2,0,0,-1,1,-1,3,0,0,1,1,3,0,-1,-1,2,1,-1,1,0,0,2,2,3,1,-1,3,-1,0,2,1,3,3,0,3,0,-1,0,-1,3,-1,3,2,2,1,1,3,-1,3,2,1,3,0,0,1
3872.17158265,3,3,1,2,2,3,2,3,1,1,2,2,2,2,2,2,-1,2,2,3,-1,0,-1,0,0,-1,2,1,0,3,1,-1,0,1,0,1,0,2,-1,-1,0,3,2,3,0,1,3,3,1,1,1,3,-1,0,3,2,0,-1,-1,2,3,1,3,2,1,-1,0,2,0,0,0,0,3,1,1,1,1,2,-1,-1,-1,-1,3,2,3,0,0,1,-1,0
3924.69025941,-1,3,0,2,-1,-1,-1,0,1,0,-1,-1,0,2,3,1,0,2,-1,0,0,-1,2,0,2,2,3,0,-1,1,1,-1,0,-1,1,-1,3,3,0,2,2,1,2,1,0,-1,2,0,0,2,-1,1,0,2,1,0,0,2,1,-1,1,2,2,2,-1,-1,2,3,1,1,0,-1,3,2,3,1,1,1,0,-1,3,-1,3,3,2,3,0,2,1,2
3963.02505997,1,0,2,1,2,2,2,1,0,3,2,2,3,0,1,0,3,1,-1,-1,-1,-1,0,2,0,1,3,0,1,0,1,2,0,0,3,1,0,-1,1,0,-1,1,1,0,0,3,-1,-1,-1,3,0,2,1,-1,0,2,-1,2,2,0,3,1,2,0,-1,2,2,3,3,2,1,0,3,0,1,2,3,2,3,-1,3,1,-1,0,-1,1,3,2,2,-1
3924.3069114,3,1,2,-1,2,3,1,1,-1,1,0,1,0,-1,-1,2,3,0,-1,-1,1,3,3,2,-1,3,0,3,-1,2,1,3,1,2,0,0,0,2,0,3,2,0,1,3,2,3,1,2,2,-1,0,2,0,2,2,3,3,-1,3,0,-1,3,1,0,2,0,1,2,0,0,1,1,2,1,1,1,0,3,-1,3,2,-1,1,1,0,3,2,1,3,2
3776.71792926,0,1,2,-1,3,2,0,2,1,2,-1,2,0,0,0,3,1,1,0,-1,-1,2,-1,0,0,2,1,-1,-1,-1,-1,1,1,3,1,2,2,3,2,2,2,1,1,3,2,0,0,0,0,3,2,0,3,0,1,1,-1,3,1,1,2,-1,0,2,0,2,0,3,1,2,2,3,-1,3,-1,1,0,-1,1,-1,3,-1,-1,1,1,-1,3,1,2,-1
3718.06568441,0,-1,1,-1,-1,2,2,3,0,2,3,2,2,-1,2,1,2,2,1,0,2,-1,-1,3,-1,2,1,-1,1,1,2,0,-1,0,0,1,-1,-1,-1,2,0,-1,2,1,2,0,-1,2,1,0,1,0,1,-1,2,0,0,1,2,1,3,2,-1,0,3,-1,2,-1,-1,0,3,0,3,0,2,0,1,2,1,3,3,-1,-1,-1,3,1,1,1,1,-1
4005.57668858,2,3,1,3,0,-1,1,2,1,2,1,0,1,2,0,1,3,-1,-1,0,-1,-1,-1,-1,1,3,1,1,3,3,3,3,3,0,3,2,3,3,1,0,-1,-1,0,0,3,0,1,2,0,0,3,1,-1,3,1,-1,0,3,2,2,2,-1,0,2,2,0,3,0,2,0,0,1,2,2,3,1,3,0,2,-1,1,2,1,2,0,0,3,1,1,1
3760.61731303,-1,0,-1,2,2,-1,3,1,2,2,0,0,0,2,2,0,1,0,0,-1,-1,2,1,2,0,-1,3,3,-1,1,0,-1,1,0,-1,1,0,2,1,1,0,1,2,-1,1,3,1,1,2,3,0,3,2,1,1,-1,1,0,3,-1,3,1,3,-1,2,1,3,-1,2,0,-1,3,-1,0,-1,3,-1,3,1,2,-1,-1,3,0,-1,1,2,3,0,0
3846.48726628,2,1,-1,0,2,0,1,1,-1,0,0,3,0,3,2,0,3,1,1,3,-1,-1,2,3,0,1,-1,3,3,2,-1,-1,-1,2,1,1,1,3,2,-1,3,1,0,-1,2,2,-1,3,3,0,2,0,-1,0,1,2,1,3,2,0,2,2,3,0,-1,2,1,0,-1,3,1,-1,2,3,3,-1,1,0,2,0,1,3,1,0,2,2,1,2,3,1
3712.69881233,1,1,0,0,0,0,2,3,0,-1,1,0,0,3,-1,0,2,-1,-1,2,2,-1,3,1,2,0,-1,1,-1,1,-1,2,2,-1,3,-1,1,1,2,2,2,2,2,3,3,3,0,3,1,3,-1,1,1,-1,1,2,0,1,1,3,-1,-1,0,2,0,-1,2,2,-1,-1,-1,1,1,0,0,-1,1,2,2,2,-1,0,0,1,0,0,1,0,-1,2
3963.40840797,0,-1,2,1,3,3,3,3,1,2,0,-1,3,3,1,0,-1,2,1,1,3,1,1,0,0,3,-1,-1,2,1,-1,0,3,0,0,1,3,2,2,2,-1,3,-1,2,0,1,0,0,2,3,-1,3,3,3,-1,1,2,1,2,0,1,0,-1,2,3,2,-1,1,0,3,0,1,1,-1,-1,-1,1,-1,0,0,1,3,2,0,-1,3,1,0,2,2
3765.6008371,-1,0,-1,2,3,0,0,1,-1,3,1,1,0,2,-1,0,1,1,2,3,1,-1,0,1,2,3,-1,2,2,-1,1,1,-1,2,2,0,2,0,2,1,3,2,2,-1,2,-1,2,-1,1,0,3,0,1,-1,-1,0,1,2,0,2,1,2,-1,2,3,-1,-1,-1,-1,0,3,1,2,0,-1,1,2,1,3,0,0,1,-1,-1,0,-1,0,-1,1,0
3631.42903515,0,1,0,-1,0,1,0,3,-1,-1,3,-1,1,-1,1,2,1,0,1,2,0,-1,3,-1,3,2,0,1,-1,2,-1,2,3,2,-1,-1,0,0,-1,2,-1,1,1,2,1,-1,0,-1,0,0,1,0,0,2,1,3,1,2,1,-1,-1,1,2,0,1,3,3,0,-1,0,3,0,2,2,1,3,2,1,1,-1,3,3,1,-1,2,-1,3,2,-1,0
3844.57052625,0,2,0,0,3,1,3,0,2,0,0,0,3,0,3,3,2,2,1,3,2,1,-1,-1,0,2,3,-1,-1,2,1,3,3,1,1,-1,0,0,2,1,0,-1,0,2,3,2,-1,0,3,-1,2,0,1,3,2,-1,2,3,2,-1,0,-1,3,1,-1,2,1,1,-1,0,1,3,0,-1,2,1,0,-1,-1,1,2,1,-1,1,1,0,0,2,1,2
3830.00330204,3,2,1,1,2,0,0,3,0,1,0,1,3,2,1,-1,2,3,0,3,-1,2,1,3,2,0,3,1,3,-1,-1,2,-1,3,0,1,1,3,1,0,2,3,0,3,-1,3,0,0,-1,-1,-1,2,2,3,0,2,1,-1,-1,0,2,1,1,2,2,2,0,-1,3,3,-1,0,-1,-1,1,3,3,0,1,-1,2,1,1,0,3,2,0,2,2,0
3959.57492792,1,3,2,0,3,2,2,3,1,-1,1,-1,2,2,0,0,0,1,2,1,2,2,1,2,3,3,-1,1,-1,0,2,1,-1,2,0,-1,2,2,1,0,-1,1,3,1,0,-1,0,2,3,3,0,3,1,1,1,2,2,-1,0,3,-1,1,1,1,0,2,-1,1,0,-1,-1,3,1,2,-1,0,3,0,3,0,3,0,2,1,0,0,-1,3,0,3
4000.20981651,1,1,0,2,-1,2,-1,-1,-1,3,3,0,2,1,0,1,1,0,1,-1,0,2,0,-1,1,2,2,2,3,2,2,1,2,2,3,3,3,-1,-1,3,0,-1,0,0,2,3,2,3,1,2,3,2,2,3,0,2,3,1,-1,2,0,0,1,3,3,-1,-1,3,2,0,1,0,-1,0,0,-1,0,3,1,1,1,-1,0,1,0,0,0,-1,2,-1
3717.2989884,3,-1,-1,-1,1,2,-1,-1,2,-1,2,2,0,2,0,-1,1,2,0,-1,2,2,2,-1,1,-1,1,2,1,2,-1,0,-1,2,1,0,-1,1,3,2,2,3,3,3,0,-1,1,2,1,2,1,1,3,1,1,2,0,0,3,1,1,0,-1,-1,-1,0,1,2,-1,2,0,2,-1,0,3,-1,3,-1,1,2,0,1,0,0,1,-1,3,3,0,3
3908.20629517,-1,0,3,0,0,2,-1,2,3,3,1,1,0,2,3,2,0,-1,2,1,1,0,0,1,1,-1,0,-1,0,1,-1,2,2,3,1,1,3,2,2,0,-1,-1,2,0,0,-1,0,2,1,3,1,0,3,3,0,0,0,-1,1,2,2,2,3,0,3,2,1,-1,-1,2,2,1,-1,0,3,3,-1,3,-1,1,3,3,0,2,3,3,2,1,0,2
3806.6190737,2,-1,0,0,3,0,2,3,-1,0,2,0,0,3,3,1,1,3,-1,3,3,1,1,3,2,-1,-1,-1,2,1,3,2,1,0,3,1,0,3,2,0,0,-1,1,2,0,-1,1,0,3,1,3,2,0,3,3,-1,1,-1,0,1,3,-1,-1,0,1,2,2,0,-1,0,2,1,1,-1,0,2,1,2,1,2,0,0,2,-1,2,-1,3,2,2,1
3756.40048497,-1,0,3,3,2,0,-1,-1,0,2,1,3,2,2,0,0,0,2,-1,0,2,-1,-1,2,-1,-1,1,1,2,0,3,2,-1,1,0,0,2,-1,1,-1,3,1,3,2,-1,3,2,1,2,1,1,2,3,-1,0,3,1,3,2,0,3,2,3,0,-1,1,1,2,0,2,3,1,0,1,3,0,3,2,3,-1,1,2,1,-1,2,0,3,1,3,0
3730.7161686,-1,-1,-1,0,1,0,2,2,1,2,0,3,1,-1,0,0,3,0,-1,2,2,1,-1,0,1,0,-1,3,-1,2,3,2,3,-1,0,2,-1,2,1,3,3,1,3,2,2,3,1,2,3,0,1,-1,3,1,-1,-1,1,0,0,-1,1,2,3,1,2,2,-1,-1,3,2,0,0,-1,2,-1,1,0,0,0,1,1,1,2,-1,1,-1,2,-1,3,-1
3820.8029499,1,2,0,1,0,1,-1,1,1,3,3,3,1,2,-1,1,1,3,0,-1,3,0,1,3,-1,-1,3,2,-1,-1,3,3,1,-1,0,0,-1,1,3,1,2,-1,3,-1,-1,-1,0,1,2,2,-1,-1,3,3,-1,2,2,1,1,0,0,0,0,3,0,2,2,0,2,0,1,3,1,-1,0,0,0,-1,3,1,-1,2,0,2,2,0,3,2,2,1
3684.33105992,3,3,2,-1,-1,2,0,-1,-1,-1,-1,-1,0,-1,1,3,-1,0,-1,2,-1,2,3,-1,-1,1,-1,1,1,-1,0,3,2,3,1,-1,1,2,2,3,1,3,0,1,1,0,3,3,1,1,2,2,1,-1,0,3,0,2,1,1,0,-1,1,0,1,0,3,2,-1,-1,2,3,0,1,2,2,2,-1,2,0,0,2,2,0,3,3,0,1,2,-1
3761.38400904,-1,-1,3,2,3,3,-1,-1,-1,1,0,0,3,3,3,-1,0,2,2,1,2,1,0,2,-1,2,1,0,0,2,1,0,1,-1,1,1,0,-1,1,3,3,2,3,1,0,2,2,-1,1,0,1,2,2,3,3,-1,2,2,3,-1,2,-1,-1,-1,0,-1,-1,-1,1,3,0,1,0,2,1,1,0,0,-1,1,3,2,3,0,-1,3,2,3,0,2
3908.20629517,-1,0,3,-1,0,2,1,2,3,1,-1,2,3,0,0,0,3,-1,1,3,-1,0,0,1,3,3,0,-1,0,2,3,3,3,2,2,0,1,2,-1,1,1,3,1,1,0,2,2,2,0,1,2,1,3,1,1,2,-1,1,2,-1,2,2,2,2,-1,2,0,2,-1,-1,3,3,1,1,1,0,2,0,1,3,3,-1,0,-1,0,0,3,2,0,1
3849.93739833,0,1,3,-1,0,-1,3,0,1,2,1,3,-1,2,-1,2,1,2,1,2,2,0,1,0,1,3,-1,-1,0,0,-1,1,0,0,2,0,1,3,1,2,2,2,1,1,3,0,1,3,0,1,-1,1,1,2,3,3,2,1,0,2,-1,2,-1,-1,2,0,2,3,-1,3,2,-1,2,3,0,0,-1,3,2,3,0,-1,-1,3,-1,-1,3,1,3,2
3934.27395955,0,2,2,2,1,2,0,2,-1,0,1,0,0,-1,1,-1,2,0,1,0,3,0,3,-1,1,-1,2,3,2,3,0,1,-1,1,1,3,3,2,3,1,-1,1,-1,0,2,3,0,0,3,-1,2,0,1,1,0,2,1,0,2,1,-1,1,-1,3,-1,1,-1,2,0,2,-1,3,0,0,2,1,0,2,3,2,0,3,3,1,3,1,2,3,2,2
3910.1230352,2,2,0,3,-1,0,2,-1,-1,2,-1,0,3,1,-1,2,0,3,0,-1,0,1,3,1,0,2,-1,0,2,-1,-1,3,1,3,0,3,1,1,0,0,3,0,1,3,2,-1,2,-1,3,0,-1,1,1,2,3,0,3,1,2,1,1,1,1,2,3,3,0,1,2,1,-1,1,3,2,-1,2,0,2,1,0,0,1,1,2,0,2,2,-1,0,0
3836.13687013,3,-1,1,0,2,-1,1,1,1,1,1,2,2,1,3,1,0,1,0,3,2,2,2,2,1,2,-1,1,-1,3,-1,-1,0,2,0,0,-1,2,0,3,-1,2,0,0,-1,3,0,-1,1,2,3,3,2,1,3,1,0,0,-1,2,0,-1,2,-1,-1,3,0,0,1,3,0,3,0,3,0,1,2,-1,-1,3,1,-1,0,2,3,-1,2,1,1,1
3906.28955514,0,-1,1,0,1,1,2,0,3,1,3,2,2,1,3,3,3,2,1,-1,1,1,2,-1,0,2,0,1,3,0,2,1,1,-1,2,-1,3,-1,1,2,2,-1,1,2,2,3,-1,-1,3,2,2,0,0,0,-1,-1,1,3,1,-1,0,1,0,0,1,1,-1,2,0,2,0,0,2,3,-1,0,3,3,2,3,0,0,-1,-1,0,1,1,1,-1,2
3832.30339007,-1,-1,2,2,3,1,3,3,2,3,1,-1,3,1,-1,-1,2,3,1,1,-1,-1,1,1,1,-1,3,3,0,-1,3,1,0,-1,0,0,0,3,0,2,0,-1,0,1,-1,1,3,2,-1,1,2,2,2,1,3,3,0,0,2,0,3,0,2,-1,-1,2,-1,2,-1,2,1,0,3,0,1,3,0,2,2,0,0,0,-1,-1,3,-1,1,-1,3,1
4223.70170375,2,-1,-1,0,2,2,3,2,3,1,1,2,2,0,3,0,0,1,2,3,1,0,2,-1,3,2,3,-1,-1,0,2,3,0,2,-1,1,2,0,2,2,2,1,0,-1,1,0,1,0,3,2,1,1,1,0,3,-1,1,2,3,1,0,0,-1,1,1,1,3,1,0,3,3,3,1,0,0,-1,3,0,0,-1,1,3,2,1,1,3,0,1,0,0
3910.88973121,1,0,3,1,3,2,-1,0,-1,-1,2,3,2,2,-1,3,3,-1,1,-1,-1,1,0,2,2,0,3,1,-1,3,1,0,2,3,3,1,0,-1,0,1,2,0,0,2,0,1,0,1,2,2,2,3,3,1,3,2,-1,2,2,0,0,2,1,0,0,0,-1,3,0,0,3,1,1,1,1,3,1,-1,3,-1,3,1,-1,3,3,2,2,2,0,0
3673.21396776,2,0,0,1,-1,0,-1,0,-1,0,2,3,-1,1,-1,-1,0,0,0,1,1,3,3,2,0,2,2,-1,3,2,1,1,2,1,0,2,0,1,3,3,1,3,3,0,2,2,2,1,-1,-1,1,2,3,-1,1,1,-1,3,0,-1,3,-1,3,1,2,-1,0,3,-1,1,2,0,1,1,0,-1,-1,2,-1,3,-1,-1,1,1,-1,0,2,0,2,1
3920.09008334,2,0,-1,0,2,1,1,2,1,3,-1,2,3,-1,1,1,0,2,3,0,0,1,2,-1,1,3,2,-1,3,1,2,0,2,2,-1,1,1,1,0,0,3,2,2,-1,-1,-1,-1,-1,2,1,0,0,3,3,3,-1,2,1,3,-1,1,0,1,0,0,1,2,0,1,3,0,-1,0,0,3,2,-1,1,-1,0,0,-1,2,0,-1,3,1,1,2,2
4109.08065009,-1,1,3,0,2,0,3,-1,0,1,2,2,1,0,3,-1,0,3,2,0,0,1,1,0,0,3,1,3,1,2,-1,3,2,2,0,-1,1,2,2,2,2,3,3,2,0,1,1,0,0,2,3,-1,-1,2,-1,0,3,2,3,-1,3,1,0,3,1,3,2,3,0,2,3,1,-1,1,0,0,3,2,2,-1,1,3,1,3,0,0,1,1,0,1
3860.67114248,2,-1,-1,0,0,0,2,1,1,1,-1,0,2,1,0,2,-1,3,-1,0,2,2,1,0,3,3,3,3,-1,-1,-1,2,-1,3,0,1,2,3,-1,2,1,0,0,2,3,0,3,2,3,2,-1,-1,1,3,2,1,1,2,2,0,-1,-1,-1,0,2,1,0,1,3,0,3,-1,1,0,2,0,2,0,2,1,0,1,2,1,-1,1,3,3,-1,1
4030.11096094,0,0,1,2,3,-1,2,3,-1,3,-1,1,0,1,1,3,2,0,1,3,3,2,2,1,0,3,3,3,2,1,-1,1,-1,-1,3,2,2,0,3,2,-1,0,1,-1,0,0,-1,0,2,2,1,3,2,0,1,1,-1,2,1,3,0,2,1,1,0,3,1,2,0,2,0,1,1,3,0,1,0,3,2,-1,2,2,1,0,-1,-1,1,2,3,-1
3880.98858678,1,2,3,2,0,0,-1,3,3,3,0,-1,3,2,-1,0,-1,2,2,2,1,2,0,0,0,2,0,2,1,2,0,0,3,0,-1,1,2,3,1,3,2,1,1,0,-1,0,2,3,-1,1,1,1,2,0,-1,3,-1,2,2,0,1,1,2,2,-1,2,3,0,-1,1,-1,-1,2,0,-1,-1,0,1,-1,1,3,1,1,-1,0,3,0,-1,1,1
3936.95739559,0,1,-1,2,1,2,1,0,-1,-1,0,3,2,1,0,-1,2,0,1,1,-1,1,1,2,2,2,3,0,0,-1,3,2,3,2,3,1,3,1,3,-1,2,-1,-1,0,0,3,2,2,3,-1,1,3,0,3,2,2,0,1,1,2,2,0,2,0,0,2,3,2,-1,0,-1,1,-1,3,3,1,3,0,-1,3,2,2,-1,0,1,1,0,-1,3,3
3882.9053268,0,2,3,-1,3,3,1,0,-1,1,1,3,1,1,-1,1,-1,3,0,3,0,2,0,2,-1,3,3,-1,1,2,0,0,2,-1,2,3,-1,1,-1,2,3,-1,2,0,1,0,0,2,3,2,3,3,0,2,0,0,2,2,3,2,1,1,1,1,0,2,0,3,2,-1,3,3,1,0,-1,1,-1,3,1,1,-1,3,1,0,-1,0,-1,1,1,2
3400.2701878,2,3,-1,0,3,0,1,0,-1,1,-1,3,2,-1,2,1,-1,-1,0,-1,0,1,-1,-1,1,3,2,0,2,-1,-1,1,2,0,3,-1,0,1,-1,-1,0,3,-1,1,2,2,1,-1,2,2,0,0,2,-1,1,-1,2,0,2,2,0,1,2,1,3,2,1,0,-1,1,1,-1,0,1,-1,-1,-1,0,0,0,-1,3,-1,-1,2,1,3,2,3,-1
3928.14039146,-1,2,1,1,-1,2,-1,1,-1,3,3,3,0,3,2,-1,2,1,1,-1,0,1,2,3,0,2,2,3,0,0,1,0,0,1,1,1,-1,3,2,0,2,0,-1,0,2,-1,2,3,3,3,1,0,0,1,2,-1,1,3,-1,0,1,1,2,-1,3,2,0,2,3,2,0,1,1,-1,-1,0,-1,0,2,2,1,3,0,1,3,0,0,1,3,3
4011.71025667,2,0,1,0,3,0,3,3,0,0,2,1,0,2,0,3,1,-1,-1,1,1,2,3,0,3,0,2,2,3,2,3,-1,0,-1,3,1,1,1,2,2,2,0,0,-1,1,-1,2,-1,3,0,3,1,2,1,0,0,1,3,2,0,1,2,0,2,1,2,0,-1,-1,1,2,1,3,0,3,3,1,1,3,3,0,2,-1,-1,3,1,1,-1,2,2
4114.83087017,2,3,0,0,-1,-1,3,1,2,1,0,3,-1,1,1,1,3,1,-1,3,0,0,-1,2,0,2,1,2,2,0,2,-1,3,0,-1,1,0,1,3,-1,3,3,1,1,3,2,0,3,2,3,-1,-1,-1,2,0,1,3,3,2,2,-1,1,0,3,1,0,0,1,1,2,1,3,3,1,-1,2,0,3,3,2,1,1,2,0,0,3,0,0,0,0
3811.21924976,2,0,3,2,3,1,3,-1,1,-1,2,1,2,-1,0,0,0,-1,3,1,-1,0,-1,1,1,0,2,3,0,2,2,0,1,0,-1,3,0,3,3,1,2,1,-1,1,-1,0,0,3,3,3,-1,2,1,3,1,0,2,1,2,3,-1,2,-1,-1,3,1,0,2,0,2,2,1,2,1,-1,3,1,3,0,2,2,1,2,-1,0,0,1,2,1,-1
3986.0259403,1,-1,0,-1,2,1,2,2,1,0,3,-1,2,-1,3,3,2,2,3,1,0,0,1,1,3,2,2,1,1,3,1,2,3,1,3,2,1,0,-1,2,1,0,0,3,2,-1,3,1,0,0,2,3,-1,3,3,2,-1,-1,-1,1,2,0,1,3,3,-1,0,3,1,0,3,0,-1,2,0,0,-1,2,0,1,2,0,0,-1,0,0,-1,0,3,1
3896.322507,0,-1,3,-1,1,1,1,2,0,2,-1,1,3,-1,2,0,1,2,2,1,0,1,-1,-1,1,-1,2,3,0,1,3,-1,-1,1,2,2,-1,1,3,3,0,1,2,0,3,0,-1,3,1,1,0,0,-1,-1,0,1,2,2,1,0,-1,0,0,0,3,3,3,2,3,1,2,3,-1,1,3,-1,3,3,0,2,3,3,0,0,1,2,-1,3,0,1
3999.44312049,1,2,0,2,-1,1,1,3,0,2,1,3,3,0,0,2,0,0,-1,-1,2,2,2,0,2,3,0,1,0,2,-1,3,-1,3,2,3,1,0,2,-1,1,0,1,1,0,3,1,3,0,3,-1,3,2,1,2,3,0,1,3,1,2,1,2,-1,1,-1,0,2,1,2,-1,3,2,-1,-1,2,1,3,3,3,0,0,1,0,0,2,-1,0,-1,-1
3950.75792379,-1,3,-1,2,1,0,2,0,0,2,0,3,3,1,1,0,3,3,2,2,2,2,0,1,1,2,1,3,-1,1,1,3,-1,2,0,3,0,-1,-1,0,3,-1,-1,3,2,2,0,0,3,2,0,1,-1,1,2,0,3,2,1,0,3,3,-1,3,2,1,-1,1,0,2,-1,0,0,3,1,1,0,-1,0,-1,2,3,3,0,1,-1,0,3,2,3
3769.05096915,2,1,-1,3,-1,2,2,-1,0,3,3,1,1,2,-1,3,0,0,0,-1,-1,3,-1,2,-1,2,1,2,1,1,2,3,0,0,2,0,1,3,3,3,1,2,2,2,1,-1,0,-1,3,3,1,-1,2,0,-1,2,1,0,3,3,0,0,0,1,1,-1,0,2,1,-1,3,2,0,-1,3,1,0,3,-1,1,0,1,2,0,3,1,3,2,0,-1
3695.83150009,0,1,-1,0,0,1,1,3,-1,1,2,3,2,2,3,1,1,0,2,3,-1,1,-1,-1,2,3,0,-1,1,3,1,2,-1,2,1,-1,3,3,0,0,0,1,-1,1,-1,2,0,-1,-1,1,0,1,3,0,0,3,3,0,2,-1,2,0,0,2,1,3,2,3,2,2,0,1,2,1,3,3,0,-1,0,-1,1,0,-1,0,3,1,1,-1,-1,-1
3451.25547254,3,1,1,0,-1,-1,2,2,-1,0,0,0,1,3,2,1,2,3,0,2,-1,0,0,1,0,2,2,2,2,-1,3,0,0,2,2,3,1,-1,2,-1,1,-1,2,2,3,-1,0,1,3,3,1,-1,-1,-1,-1,-1,-1,-1,1,-1,1,1,3,3,2,0,3,-1,-1,-1,-1,0,3,1,1,-1,1,0,0,3,1,3,2,-1,2,3,2,2,-1,3
3888.65554689,2,-1,-1,2,1,2,-1,0,2,0,-1,0,0,0,0,1,1,1,-1,2,-1,1,2,-1,1,3,-1,0,-1,1,1,3,2,0,3,1,0,2,1,-1,3,1,0,1,2,0,1,2,2,0,2,3,1,-1,3,3,-1,0,2,2,3,1,3,1,0,0,0,-1,3,1,0,0,1,3,-1,2,-1,1,2,3,0,2,-1,-1,3,2,1,0,1,-1
3853.77087838,3,0,2,2,-1,1,1,2,2,-1,-1,1,3,3,1,1,2,-1,0,2,0,2,2,1,0,1,0,-1,3,-1,3,1,3,3,2,1,2,-1,0,1,3,1,1,-1,-1,1,0,1,0,3,1,2,-1,0,0,1,3,0,-1,2,0,2,0,-1,3,2,3,2,1,0,1,0,0,3,0,-1,2,-1,2,0,1,-1,1,-1,0,3,-1,2,0,2
3776.71792926,1,1,0,2,0,1,1,-1,2,0,2,3,3,1,2,1,0,3,2,1,2,3,3,1,-1,-1,2,0,-1,0,0,3,1,2,-1,-1,2,-1,1,2,0,1,3,1,0,0,3,1,-1,0,2,-1,2,2,-1,1,0,3,1,1,0,-1,3,1,3,-1,3,0,3,3,2,2,0,-1,2,2,3,3,3,-1,0,1,2,0,-1,1,2,-1,2,-1
3836.13687013,0,3,3,0,3,2,1,2,3,-1,0,2,-1,-1,1,0,-1,0,0,2,1,3,1,-1,0,-1,1,3,0,-1,0,-1,2,3,-1,0,-1,1,-1,-1,3,2,3,2,1,3,0,2,2,1,-1,1,2,0,3,0,2,-1,1,-1,2,1,0,2,1,0,2,1,-1,-1,-1,1,-1,-1,2,0,1,3,0,2,-1,2,0,2,1,0,1,3,1,-1
3995.60964044,-1,3,0,1,-1,1,1,-1,3,1,3,0,0,-1,1,0,3,0,-1,1,-1,0,1,-1,2,2,1,2,2,-1,3,0,3,2,-1,2,1,2,1,2,1,2,2,-1,1,-1,3,1,0,-1,1,2,0,-1,3,0,3,1,2,0,2,2,0,1,-1,-1,2,0,3,-1,3,2,0,0,2,3,1,1,2,2,0,0,0,2,0,1,1,0,3,3
4038.54461706,-1,-1,1,2,0,-1,3,2,3,3,2,1,-1,-1,2,1,-1,0,3,3,1,2,0,2,3,1,0,1,1,3,3,0,0,2,1,2,0,1,0,2,2,2,3,-1,2,-1,0,0,3,1,3,2,-1,0,1,3,-1,3,0,2,1,3,0,-1,1,3,-1,0,2,1,3,3,-1,1,2,1,0,0,-1,2,2,0,0,2,1,0,1,3,-1,1
3800.86885361,0,0,1,2,-1,3,-1,2,-1,3,1,2,-1,3,0,0,2,2,1,3,0,2,0,2,-1,1,0,3,0,2,3,1,-1,0,1,3,0,1,-1,-1,2,1,2,-1,1,3,2,2,-1,1,0,1,3,-1,2,-1,2,1,1,0,1,2,3,3,3,2,0,1,2,-1,-1,0,1,-1,1,2,2,0,3,3,2,3,1,3,1,-1,1,0,3,3
3966.85854002,-1,2,-1,1,0,1,3,0,1,1,-1,1,1,1,2,2,-1,3,0,-1,0,0,3,2,2,2,0,3,1,0,1,3,0,1,3,3,2,0,0,3,0,-1,1,3,3,2,-1,3,2,2,3,-1,1,-1,2,-1,3,-1,0,1,1,2,1,2,2,3,2,2,-1,3,2,3,1,2,-1,0,3,1,1,1,0,0,-1,0,0,0,0,-1,3,3
4041.61140111,0,1,0,1,3,2,3,3,-1,1,1,-1,-1,3,3,1,1,0,1,1,0,3,1,-1,-1,0,0,1,0,2,3,1,2,2,0,3,2,0,-1,-1,2,2,0,0,0,3,1,0,-1,1,2,2,2,1,-1,0,0,-1,2,-1,0,2,0,0,-1,2,1,3,2,2,3,-1,-1,2,1,-1,2,2,0,1,2,3,1,-1,0,2,0,3,3,-1
4020.91060881,2,0,2,3,-1,2,-1,0,-1,3,1,2,1,0,2,0,2,1,3,2,3,1,0,2,3,1,1,1,2,1,3,0,-1,1,1,1,2,-1,0,1,0,0,-1,-1,2,2,3,3,0,1,0,3,3,2,2,1,-1,3,0,-1,-1,0,2,0,1,2,3,3,3,3,1,2,1,2,0,2,3,3,2,3,0,0,1,0,-1,-1,3,0,0,-1
3799.33546159,0,0,-1,3,0,-1,3,-1,1,3,0,2,0,0,1,3,2,1,1,2,3,0,0,3,3,3,0,2,-1,1,1,1,0,0,-1,-1,0,2,0,-1,2,1,1,1,1,-1,3,-1,2,-1,0,-1,0,2,3,3,0,2,2,1,3,-1,2,1,-1,0,2,1,3,2,-1,3,0,2,1,-1,3,0,1,2,1,2,0,3,3,2,1,1,-1,-1
4030.49430895,3,1,-1,0,-1,1,2,-1,0,-1,2,2,0,0,0,0,2,0,-1,3,3,1,0,-1,0,1,-1,-1,0,2,-1,0,-1,1,2,0,-1,2,1,1,2,3,0,3,1,-1,3,3,0,2,1,3,-1,3,0,0,3,3,3,1,1,1,2,0,1,1,3,1,3,-1,0,1,2,2,-1,1,2,0,2,2,3,1,0,3,1,2,2,2,1,3
4102.18038599,3,2,1,2,3,2,1,1,-1,2,0,-1,0,1,1,0,1,0,2,1,-1,0,3,-1,3,1,0,3,0,3,1,0,0,0,-1,1,2,-1,2,3,0,2,3,3,1,2,2,2,2,-1,3,-1,1,0,-1,2,2,1,0,3,0,3,0,0,0,2,-1,3,2,2,0,3,1,1,-1,1,0,-1,2,3,0,-1,1,3,-1,2,1,0,3,-1
3794.35193752,3,-1,3,0,1,1,-1,1,1,-1,1,2,0,2,2,1,3,3,2,2,3,2,3,0,2,0,1,-1,0,1,2,-1,-1,-1,0,2,3,-1,1,1,1,0,0,3,1,3,3,2,0,-1,0,0,-1,2,1,2,-1,2,-1,0,3,0,1,-1,0,2,-1,2,1,1,-1,0,0,2,-1,1,2,2,-1,-1,3,0,0,2,0,1,0,-1,0,-1
3609.57819884,1,0,2,3,1,3,3,-1,3,-1,-1,1,2,-1,2,1,-1,0,1,-1,2,2,1,0,3,-1,-1,3,1,-1,2,3,0,-1,2,-1,-1,2,2,1,0,0,3,1,-1,-1,2,-1,3,3,2,3,2,-1,0,0,0,1,-1,1,-1,0,2,1,1,-1,3,3,2,-1,2,0,0,2,2,-1,0,0,0,1,2,0,3,0,0,1,3,0,1,-1
3956.50814387,0,-1,2,-1,1,2,1,2,0,1,1,2,3,-1,0,3,3,1,1,0,1,1,-1,1,3,0,2,1,2,-1,0,2,-1,1,2,3,1,2,-1,1,-1,-1,0,2,3,-1,1,-1,-1,2,1,-1,3,3,1,2,0,0,0,-1,3,1,2,3,0,0,-1,2,1,3,0,3,2,1,2,1,2,-1,0,3,0,2,2,0,3,0,-1,3,3,2
3800.86885361,0,1,-1,3,2,0,1,3,2,2,-1,1,0,0,-1,-1,-1,-1,2,0,2,3,2,1,-1,3,1,3,1,-1,0,-1,0,2,1,2,3,-1,3,2,2,-1,1,2,0,0,2,2,1,1,-1,3,0,2,1,2,1,0,0,-1,0,2,1,2,2,0,1,0,-1,3,1,3,1,-1,-1,-1,0,1,2,0,2,0,3,1,3,3,3,1,-1,-1
3813.9026858,0,-1,-1,2,1,-1,2,2,-1,1,1,1,-1,3,1,-1,0,0,1,0,-1,0,-1,0,2,2,2,0,0,2,3,1,2,0,1,1,3,1,2,-1,1,1,2,2,3,3,1,-1,2,0,3,-1,0,1,0,1,0,-1,2,-1,2,3,2,-1,-1,3,-1,0,-1,1,3,1,2,-1,2,3,1,3,1,3,-1,0,3,0,0,2,3,2,0,0
3874.08832268,1,1,2,0,1,1,3,1,3,2,0,1,0,2,-1,2,2,3,-1,3,0,1,2,-1,3,3,1,3,3,0,1,-1,2,0,3,-1,3,0,2,3,3,-1,-1,0,0,0,0,1,3,0,2,3,3,2,-1,2,2,2,2,0,1,2,1,-1,-1,1,-1,1,2,1,0,1,-1,1,1,2,-1,-1,2,0,2,-1,-1,-1,0,0,3,2,0,0
3921.24012736,1,3,2,0,1,-1,1,2,2,3,0,-1,1,0,1,0,1,3,1,2,0,-1,0,0,1,3,-1,3,1,0,0,2,0,1,2,2,2,2,2,1,3,2,2,-1,-1,1,1,1,1,2,3,-1,-1,0,3,3,3,-1,0,3,0,-1,0,1,2,-1,-1,2,-1,3,-1,1,2,3,0,2,-1,2,1,-1,0,0,0,2,3,0,1,1,0,3
3795.50198154,3,1,-1,-1,-1,2,-1,0,-1,3,0,1,0,0,-1,1,1,0,3,-1,2,0,1,2,2,-1,0,1,2,1,0,-1,2,0,1,-1,3,1,0,1,1,2,-1,-1,1,-1,0,3,3,0,-1,0,2,-1,0,3,2,-1,3,-1,1,3,3,1,3,1,-1,2,2,0,1,3,2,3,1,0,2,0,3,2,2,1,3,2,0,1,-1,1,0,0
3730.33282059,1,3,3,1,0,1,0,3,0,-1,0,2,0,-1,0,-1,3,1,0,0,-1,2,-1,0,3,0,-1,2,2,1,3,-1,2,2,2,3,2,3,3,2,1,1,3,0,-1,3,-1,2,3,2,1,1,1,0,1,-1,0,1,3,2,2,3,3,2,1,2,1,-1,-1,0,1,-1,3,2,2,1,0,-1,1,-1,2,-1,2,1,0,1,2,0,-1,-1
3961.87501595,2,1,3,0,2,3,2,1,0,-1,-1,2,3,-1,1,1,2,2,1,-1,0,1,3,1,-1,-1,-1,0,-1,3,3,3,3,1,2,3,-1,-1,1,2,3,3,2,0,0,2,-1,0,2,3,0,-1,1,0,2,0,2,2,0,3,2,3,-1,3,0,3,0,1,0,2,0,0,1,-1,2,1,0,1,3,3,2,1,0,1,0,1,3,0,1,2
4029.72761293,-1,2,2,2,1,-1,2,3,-1,2,3,0,2,2,0,1,2,0,2,1,-1,0,3,-1,0,0,0,2,1,0,0,-1,3,3,1,2,-1,1,3,0,3,3,1,1,3,3,3,1,-1,1,1,0,0,3,1,2,1,1,1,2,2,1,0,2,3,3,3,-1,-1,0,0,0,-1,-1,1,1,2,-1,-1,0,2,3,0,1,1,2,3,2,2,3
3876.77175871,2,-1,2,2,-1,-1,0,0,2,2,0,1,0,0,-1,3,1,2,-1,3,-1,-1,3,2,3,2,2,0,1,3,1,-1,2,3,1,2,1,1,3,3,-1,0,3,0,3,0,3,1,0,-1,1,1,0,3,-1,2,0,3,0,1,3,3,1,2,2,1,1,0,2,1,2,0,1,0,0,3,-1,1,3,-1,-1,2,0,0,2,-1,1,2,2,-1
3874.47167068,-1,2,-1,2,1,2,0,2,-1,1,2,1,2,1,3,1,2,3,-1,1,-1,0,1,-1,0,1,1,3,1,1,0,2,3,3,0,-1,-1,1,0,-1,2,2,0,1,1,-1,1,0,0,0,2,-1,1,2,3,0,3,3,3,2,1,0,2,2,2,-1,0,0,1,0,1,0,-1,3,2,0,-1,-1,-1,2,2,-1,2,3,0,-1,2,1,0,0
3845.72057026,3,-1,2,-1,0,1,0,2,2,-1,-1,1,-1,2,0,0,0,0,2,2,1,1,-1,2,3,2,-1,1,3,3,0,0,2,0,1,1,2,-1,-1,3,0,3,-1,3,2,-1,1,2,1,0,0,-1,2,1,0,0,1,-1,2,-1,2,3,1,1,3,3,2,-1,1,2,3,2,3,3,0,0,1,0,-1,0,0,1,0,1,-1,3,2,3,-1,1
3872.17158265,2,1,1,2,2,3,3,1,3,3,2,2,-1,3,2,-1,1,-1,3,3,1,0,0,1,0,2,2,1,2,3,2,0,1,-1,1,3,0,0,1,1,2,2,0,-1,-1,3,1,0,2,3,0,2,2,0,-1,0,0,1,1,0,-1,-1,0,1,3,1,0,-1,3,2,2,-1,-1,1,-1,0,0,3,1,2,-1,0,2,3,0,3,-1,0,3,-1
4042.76144512,-1,-1,1,1,2,0,1,3,1,3,2,-1,1,0,-1,0,0,1,2,2,2,-1,1,0,0,2,2,3,0,0,3,1,2,-1,2,-1,1,2,2,0,0,1,0,1,-1,1,-1,0,0,-1,0,2,2,-1,3,0,-1,0,1,2,2,2,2,1,-1,-1,-1,1,1,2,3,2,2,3,1,1,1,3,3,3,3,3,3,0,0,1,3,0,3,-1
3731.0995166,3,0,3,0,0,3,-1,-1,1,-1,0,1,1,2,0,0,2,0,2,2,2,0,1,-1,2,0,3,0,2,3,1,2,-1,1,0,2,-1,2,0,0,3,2,-1,2,-1,3,-1,3,-1,0,-1,2,-1,1,1,-1,2,2,1,1,2,1,-1,2,3,2,0,0,2,-1,0,3,-1,-1,1,1,-1,1,0,-1,-1,3,-1,3,0,0,2,3,-1,-1
3945.0077037,2,2,3,3,-1,-1,3,1,-1,0,1,0,1,1,0,0,0,2,-1,1,1,-1,0,2,1,0,-1,2,3,3,2,0,-1,-1,2,3,1,1,0,2,1,1,-1,-1,3,1,1,0,-1,-1,0,0,3,1,1,2,-1,1,1,0,-1,-1,0,-1,3,2,1,0,2,2,0,3,2,3,2,2,2,2,0,-1,2,-1,2,3,1,0,0,0,3,2
3825.78647397,1,0,3,1,0,0,0,1,0,0,3,2,3,0,-1,3,2,3,-1,-1,2,1,2,-1,3,3,1,-1,-1,2,2,-1,1,0,2,0,2,0,0,2,1,2,2,2,2,3,0,1,1,1,3,1,-1,-1,3,1,3,2,0,-1,2,3,0,1,2,3,2,-1,1,3,-1,1,1,-1,1,0,-1,1,1,0,0,2,-1,3,3,0,1,-1,-1,0
4160.44928283,3,1,3,2,1,0,0,3,0,-1,-1,2,1,0,1,0,2,2,3,1,1,-1,-1,-1,0,0,3,-1,0,0,-1,3,0,-1,2,1,2,3,2,0,3,2,0,0,3,0,-1,1,1,2,0,2,1,3,1,2,3,3,0,2,0,1,1,3,1,2,2,3,3,-1,0,2,1,1,2,1,2,-1,2,0,2,-1,2,1,2,-1,3,2,0,1
3935.42400357,0,-1,-1,3,1,-1,2,0,3,-1,1,2,2,1,3,1,2,3,0,1,0,0,-1,2,0,3,1,-1,3,2,2,0,1,0,-1,-1,2,2,-1,0,0,2,0,0,0,2,0,-1,0,1,0,3,1,1,0,2,1,-1,-1,0,2,3,0,1,1,-1,3,1,3,2,-1,0,1,-1,2,-1,1,0,1,2,2,3,2,3,2,-1,1,2,1,1
3469.2728288,0,-1,0,-1,-1,1,1,-1,3,0,-1,2,-1,1,2,3,0,-1,0,3,-1,-1,2,2,-1,2,2,-1,-1,0,3,1,2,2,-1,3,1,-1,3,3,0,1,3,1,-1,-1,1,1,2,1,-1,2,3,-1,0,1,1,1,1,-1,3,1,0,0,3,0,2,-1,2,2,0,1,1,3,-1,2,3,0,3,1,1,2,1,2,2,0,2,1,-1,-1
3800.86885361,1,3,0,3,0,0,2,1,0,3,2,-1,0,2,1,1,2,-1,2,-1,0,1,2,-1,3,2,2,0,3,-1,3,2,0,-1,3,-1,3,0,1,0,-1,1,1,3,1,-1,-1,0,3,0,2,-1,-1,-1,3,2,0,3,1,2,0,2,-1,0,1,-1,0,0,-1,2,3,0,-1,2,2,1,-1,2,3,1,3,1,2,3,3,2,2,0,-1,0
3861.05449049,1,2,-1,1,1,2,-1,3,-1,3,3,0,2,3,1,3,0,-1,0,0,0,0,1,-1,3,-1,3,1,1,3,0,2,2,2,1,0,2,2,-1,3,-1,2,1,2,2,1,-1,-1,2,0,3,2,3,0,1,2,-1,0,0,0,3,1,-1,0,2,2,3,1,0,2,-1,1,1,1,3,-1,-1,3,1,1,0,3,2,-1,2,0,1,0,-1,2
3726.88268854,1,0,2,2,-1,2,1,0,2,1,2,-1,0,2,2,2,0,1,0,3,3,3,2,2,-1,2,1,2,-1,0,-1,0,2,3,0,0,0,-1,1,2,2,1,1,-1,3,-1,3,3,0,-1,1,-1,1,1,1,2,0,-1,-1,0,0,0,-1,1,3,1,1,3,2,0,1,-1,0,1,1,0,-1,-1,0,2,0,-1,-1,-1,-1,3,3,-1,-1,2
3555.14278205,-1,1,2,0,0,2,1,2,-1,2,-1,2,1,2,-1,2,3,2,1,1,1,-1,-1,1,3,0,0,3,1,2,1,1,2,3,2,2,2,2,0,0,3,2,2,1,-1,1,-1,-1,2,-1,2,-1,2,0,-1,-1,-1,-1,-1,0,0,0,1,1,-1,1,3,-1,2,0,-1,0,1,3,1,2,-1,1,1,-1,-1,0,3,3,0,3,0,1,-1,0
3905.13951113,1,0,0,-1,1,0,3,3,2,-1,0,-1,1,0,3,3,2,2,3,-1,-1,3,1,0,2,2,3,2,1,0,0,3,-1,0,1,3,0,2,-1,0,1,3,1,2,1,-1,2,3,0,3,-1,3,1,3,1,0,0,2,1,2,2,2,1,1,2,1,0,2,0,1,2,2,2,1,2,0,-1,1,-1,3,0,-1,-1,-1,3,1,1,3,0,2
3821.18629791,0,0,-1,0,3,3,3,3,-1,2,3,0,0,1,0,1,1,2,3,1,0,1,-1,3,1,0,-1,-1,0,0,2,2,-1,-1,0,3,-1,2,3,-1,-1,1,-1,0,-1,2,-1,0,3,2,2,1,1,1,-1,2,1,1,2,1,2,1,0,3,1,3,2,2,1,-1,0,3,3,2,0,-1,1,1,2,3,2,0,3,0,0,2,0,-1,-1,3
3777.48462527,3,2,0,1,3,0,2,0,1,1,1,-1,3,1,2,0,-1,0,0,-1,3,1,1,0,1,2,2,-1,3,1,2,1,3,1,3,3,3,2,2,0,2,0,-1,-1,0,2,1,1,1,2,2,1,3,-1,-1,1,0,2,0,-1,2,3,1,1,0,3,1,-1,3,3,3,-1,3,2,0,-1,-1,-1,1,0,-1,3,2,3,-1,0,2,3,3,1
3918.17334332,1,2,2,0,3,-1,0,-1,-1,2,0,3,-1,0,-1,2,-1,1,2,2,-1,1,-1,3,1,1,-1,3,3,0,-1,0,1,0,3,2,-1,1,0,0,3,2,2,1,1,0,1,2,3,0,2,0,1,1,2,1,3,0,0,-1,3,-1,1,0,3,2,2,-1,1,2,1,2,3,3,2,1,1,0,-1,1,2,2,-1,0,2,0,0,0,-1,2
3805.08568167,0,3,-1,2,-1,1,1,0,2,0,0,2,1,2,1,1,0,1,3,-1,1,2,1,-1,0,3,-1,2,-1,2,1,3,2,1,-1,3,2,0,2,0,0,-1,1,2,2,-1,1,-1,0,3,0,0,2,3,-1,1,3,0,2,3,2,2,0,3,3,0,2,0,2,-1,-1,2,0,3,1,-1,1,1,-1,0,3,-1,1,0,2,-1,3,-1,1,-1
3961.10831994,-1,1,2,1,1,0,2,0,0,2,3,3,2,0,3,0,1,0,-1,1,2,3,-1,3,0,3,-1,2,3,1,3,0,3,-1,-1,-1,1,2,0,1,-1,0,1,0,0,-1,0,-1,0,2,2,1,2,0,1,1,3,3,1,-1,-1,2,-1,1,2,3,3,1,2,1,2,2,0,2,2,-1,0,1,2,0,2,0,3,2,-1,1,3,1,0,1
3984.49254828,3,1,0,0,0,3,2,1,-1,3,-1,-1,3,-1,2,-1,1,-1,1,2,-1,1,-1,2,3,1,1,2,2,3,-1,-1,2,1,-1,0,0,3,-1,3,0,2,0,2,2,1,3,0,-1,0,0,1,-1,-1,0,0,0,3,1,2,1,0,-1,1,2,0,0,3,3,1,0,1,0,3,2,0,1,1,3,-1,2,2,2,1,0,2,0,1,2,2
3855.68761841,0,0,2,2,1,1,0,0,3,2,1,2,3,1,-1,-1,1,3,0,-1,2,1,1,2,0,3,3,0,2,1,-1,3,1,2,1,3,3,2,1,1,1,2,1,3,2,-1,2,0,-1,0,2,3,3,3,2,2,-1,1,2,-1,0,3,0,-1,2,1,-1,-1,-1,0,3,1,-1,0,-1,2,0,3,3,0,2,2,1,3,1,1,2,0,3,-1
3985.25924429,0,0,-1,1,-1,-1,2,-1,3,1,1,0,-1,0,2,-1,1,0,2,3,1,2,-1,-1,3,-1,3,1,1,3,0,0,3,2,3,1,2,2,0,0,2,1,0,-1,1,0,2,3,2,0,-1,1,2,1,2,1,-1,1,-1,0,0,2,1,1,2,3,3,3,0,2,2,2,2,-1,-1,3,1,3,-1,0,0,0,1,1,0,-1,1,1,2,2
4046.59492518,3,3,1,2,1,0,3,2,1,3,2,-1,-1,2,0,2,1,0,3,0,3,2,0,1,-1,2,3,3,-1,2,1,3,2,-1,3,0,2,-1,2,1,-1,2,2,-1,0,0,2,2,-1,2,1,0,3,0,3,0,1,-1,-1,1,0,1,-1,0,-1,0,3,2,2,2,-1,2,2,3,3,0,0,0,1,3,1,1,0,3,0,1,1,1,1,1
4033.944441,1,3,1,3,3,-1,1,3,3,1,2,1,2,1,0,3,0,1,1,3,1,-1,2,0,1,3,0,0,0,3,0,3,2,3,0,1,1,3,0,2,0,-1,1,0,2,-1,-1,1,-1,2,-1,1,2,2,1,3,-1,2,-1,2,0,3,2,3,-1,2,2,-1,0,0,3,0,-1,1,0,0,0,1,-1,1,0,2,1,-1,0,2,2,3,-1,3
4005.19334058,2,1,2,0,3,2,-1,2,3,3,2,0,0,3,0,3,0,1,1,-1,1,3,-1,1,-1,2,2,2,-1,0,-1,-1,0,3,1,3,1,0,0,1,2,0,0,0,1,1,1,2,3,1,3,0,-1,2,0,3,-1,-1,3,-1,1,1,2,3,2,3,3,0,3,-1,2,2,3,1,2,-1,2,0,1,1,0,0,0,1,0,2,2,0,-1,3
3558.9762621,0,-1,-1,-1,2,0,1,2,0,-1,3,3,-1,3,3,2,2,-1,0,0,3,3,2,1,-1,3,1,2,0,0,0,2,-1,1,2,-1,3,2,-1,1,-1,1,-1,3,0,2,-1,0,1,-1,1,2,1,2,1,-1,-1,1,1,3,2,0,3,2,0,1,2,1,3,0,1,1,-1,-1,2,0,2,-1,1,-1,-1,0,1,2,0,1,2,-1,2,-1
3856.45431442,0,2,0,-1,0,3,1,3,1,2,2,0,3,3,3,3,2,2,0,2,3,1,1,0,1,3,-1,2,3,3,2,0,-1,2,1,2,2,2,1,2,-1,0,1,2,3,3,0,-1,3,-1,2,3,1,1,1,3,2,-1,1,-1,1,0,1,0,3,3,2,0,2,0,3,0,1,-1,-1,0,0,2,0,1,0,-1,3,-1,1,-1,-1,1,0,-1
4110.61404211,3,0,2,3,2,2,3,1,2,0,3,0,2,0,-1,3,1,1,3,-1,3,3,1,0,1,0,0,3,-1,3,0,-1,1,-1,3,1,3,2,1,-1,2,1,-1,1,0,2,2,0,0,1,0,1,0,0,0,-1,2,2,3,3,3,1,0,1,1,-1,0,0,2,1,1,2,3,2,0,2,1,2,3,1,2,2,1,2,3,-1,-1,1,0,-1
3668.23044369,3,3,2,-1,2,-1,0,0,0,-1,3,1,-1,1,3,0,0,2,1,2,3,0,-1,3,2,2,2,-1,-1,1,3,1,0,0,0,-1,-1,1,2,1,1,3,2,0,2,3,0,0,-1,1,0,3,0,1,3,3,3,2,3,0,2,2,-1,2,3,-1,2,-1,1,0,2,1,1,-1,-1,1,-1,-1,2,2,-1,1,2,0,-1,1,0,0,2,-1
3686.63114796,2,3,1,0,1,-1,1,1,1,-1,2,0,0,-1,3,-1,2,0,3,-1,0,1,0,2,2,1,1,3,2,0,2,-1,2,2,1,-1,0,-1,2,0,-1,2,0,2,-1,1,2,1,0,0,-1,3,3,0,1,0,-1,0,-1,3,2,2,-1,1,3,1,3,-1,2,1,3,0,0,-1,2,-1,0,-1,2,-1,1,1,2,0,0,-1,1,3,-1,2
4001.35986052,2,1,2,-1,0,1,0,0,0,1,1,0,-1,0,-1,1,2,-1,-1,-1,0,-1,1,-1,0,3,3,2,1,0,-1,2,0,-1,3,2,2,2,2,0,2,1,1,2,2,1,-1,1,3,1,1,2,1,-1,-1,0,1,0,3,2,0,0,3,2,2,0,0,3,-1,3,3,0,3,2,0,-1,-1,-1,3,3,1,1,2,1,0,3,3,1,0,1
3805.85237769,1,1,-1,2,0,1,3,3,2,3,0,1,-1,3,0,0,0,0,2,-1,-1,0,2,-1,2,-1,-1,1,0,-1,-1,-1,3,-1,1,2,1,2,2,-1,0,0,-1,1,3,0,2,2,0,1,1,1,-1,0,-1,-1,1,-1,3,3,2,0,2,2,2,-1,2,3,1,1,1,3,1,1,-1,3,0,0,0,0,3,3,2,2,0,2,-1,-1,1,1
3772.5011012,2,2,3,1,3,-1,-1,1,1,1,3,2,3,3,-1,3,-1,1,1,2,2,0,3,2,0,1,3,-1,0,2,0,1,3,-1,3,-1,0,-1,-1,2,-1,3,1,0,1,3,0,1,-1,2,-1,1,2,-1,1,-1,3,-1,2,0,0,0,3,1,-1,3,0,3,0,1,-1,1,0,0,2,-1,1,2,0,1,2,3,0,1,1,2,2,2,1,-1
3999.05977249,1,2,1,3,2,-1,3,2,-1,1,-1,-1,2,0,0,2,0,3,-1,3,2,-1,2,-1,2,0,1,3,-1,-1,1,2,3,-1,-1,0,3,0,3,2,0,1,-1,3,0,-1,0,1,0,1,2,3,1,2,-1,1,-1,1,2,0,3,1,2,1,2,3,1,3,2,0,1,0,1,2,-1,0,1,0,0,0,2,3,0,2,0,1,3,2,1,3
3768.66762115,1,3,-1,0,-1,0,1,-1,2,0,1,2,0,3,1,2,-1,0,2,2,0,1,-1,-1,3,-1,1,3,-1,0,0,-1,0,-1,3,3,-1,2,0,3,1,1,2,1,2,0,3,-1,-1,2,1,2,2,3,2,0,1,2,1,1,3,-1,-1,0,3,2,3,-1,-1,0,0,2,1,-1,0,3,3,3,1,0,2,-1,0,1,2,2,1,0,3,0
3865.65466655,2,-1,-1,3,2,3,2,2,2,2,0,-1,3,3,3,3,0,1,0,2,2,-1,1,0,1,-1,0,0,3,0,2,3,1,-1,1,-1,2,0,0,1,1,2,-1,-1,3,-1,1,0,-1,0,1,0,1,-1,1,0,1,2,2,-1,-1,0,3,1,1,0,3,0,2,3,-1,0,3,3,0,2,2,1,2,0,0,1,3,-1,-1,3,-1,1,1,2
3933.50726354,1,0,-1,-1,3,1,0,-1,3,2,3,1,0,1,0,1,-1,3,0,1,3,3,2,3,2,1,1,3,-1,1,3,2,2,0,0,0,1,0,2,3,2,2,1,0,1,-1,3,-1,3,0,-1,0,1,3,0,3,1,2,3,2,2,2,3,2,0,0,1,1,1,0,2,0,3,-1,0,2,3,2,1,3,-1,2,-1,2,2,0,-1,1,2,-1
3933.12391553,3,1,2,1,3,1,3,0,1,1,2,2,0,-1,-1,-1,1,2,2,3,1,1,3,0,1,0,-1,0,0,3,3,0,2,0,0,0,2,0,0,1,2,3,0,1,1,-1,-1,2,1,2,1,-1,2,3,1,3,-1,2,-1,3,2,2,3,3,2,1,3,2,-1,3,-1,2,3,-1,1,-1,0,2,-1,3,0,3,1,1,1,1,2,2,0,-1
3967.24188803,3,2,0,0,1,3,3,1,3,1,0,-1,3,-1,0,3,3,0,0,3,1,1,0,0,3,2,1,-1,2,1,1,2,3,1,2,3,2,0,-1,-1,0,0,3,1,2,2,0,1,2,1,0,-1,0,3,3,0,2,-1,2,1,-1,0,3,1,-1,1,2,2,0,1,2,3,0,-1,2,0,3,1,-1,-1,3,1,-1,2,2,2,-1,0,3,3
3673.59731577,0,1,2,-1,3,3,3,0,1,1,-1,3,0,-1,2,2,3,2,2,1,1,1,2,2,2,3,2,2,-1,-1,2,0,2,0,-1,-1,1,0,3,0,-1,1,-1,1,-1,1,-1,-1,0,-1,1,2,1,0,0,1,2,-1,1,3,-1,2,0,0,-1,0,2,-1,0,3,0,1,3,-1,-1,3,-1,1,-1,0,-1,3,1,1,0,1,3,2,3,2
4052.72849327,3,2,3,0,0,2,1,1,2,1,1,0,2,-1,0,3,1,0,1,3,0,3,0,1,2,3,3,3,-1,3,2,1,0,-1,1,-1,2,0,3,-1,3,0,0,0,0,1,3,-1,2,1,-1,-1,2,-1,2,0,2,2,-1,2,3,2,0,0,-1,0,3,3,0,3,1,0,2,2,-1,1,1,1,1,2,0,2,0,-1,3,1,3,3,3,0
3778.63466929,3,3,2,-1,2,0,2,-1,0,3,1,1,0,0,1,-1,-1,2,1,-1,-1,2,0,2,1,3,2,1,1,0,3,1,2,1,0,2,0,1,-1,2,-1,2,0,-1,1,2,3,0,-1,-1,0,1,2,1,0,0,-1,2,-1,0,-1,1,0,1,-1,2,0,-1,2,0,2,-1,-1,-1,1,-1,3,0,0,1,0,1,1,2,-1,-1,2,3,0,2
3526.39168163,1,2,2,3,-1,-1,-1,3,2,-1,2,3,1,2,-1,0,1,-1,3,3,-1,0,3,2,0,0,1,1,-1,3,0,2,-1,2,-1,-1,0,2,3,3,-1,0,1,-1,0,0,-1,0,2,-1,1,1,0,1,3,3,2,-1,3,3,3,-1,1,3,1,1,0,-1,1,-1,-1,-1,0,3,0,2,2,2,0,0,2,2,0,3,1,2,2,-1,-1,-1
3932.74056753,1,2,2,2,1,3,-1,0,1,0,1,1,2,1,1,-1,0,-1,1,3,1,2,-1,1,2,-1,1,-1,2,-1,-1,0,1,0,-1,3,0,1,3,2,3,0,2,0,0,2,2,1,0,-1,0,1,2,0,3,3,3,2,3,2,3,0,0,-1,0,2,3,1,2,2,3,2,2,-1,1,3,3,3,-1,3,3,0,0,3,0,1,2,3,1,-1
4021.29395681,-1,3,3,0,1,1,2,2,0,3,2,1,-1,0,3,2,0,3,2,-1,-1,1,0,1,2,1,-1,-1,2,1,1,0,-1,0,2,2,1,3,3,0,-1,0,2,0,1,0,1,2,-1,-1,3,-1,0,0,3,3,2,1,1,1,2,3,2,-1,2,2,0,0,0,3,0,0,1,3,2,1,2,0,-1,3,0,1,1,3,1,-1,0,1,2,-1
3757.16718098,3,0,2,0,-1,3,0,-1,3,2,1,1,1,2,-1,0,-1,2,-1,-1,2,-1,-1,0,0,0,3,0,-1,3,1,1,2,3,-1,3,-1,0,0,1,0,3,3,1,3,-1,1,1,1,2,1,-1,3,2,1,-1,0,-1,1,3,3,1,0,3,1,3,-1,2,-1,1,3,0,-1,1,0,2,0,-1,1,0,1,1,-1,3,3,2,3,0,3,2
3871.02153863,1,0,-1,0,0,-1,-1,2,2,0,1,1,3,0,0,-1,1,1,0,2,1,2,1,2,0,3,-1,1,-1,0,3,1,-1,2,-1,0,3,1,2,2,1,2,-1,3,3,1,-1,-1,-1,0,2,3,-1,2,1,3,-1,3,1,0,1,1,-1,2,2,1,2,0,-1,-1,2,0,1,-1,-1,1,-1,0,3,2,0,0,-1,-1,0,0,0,2,2,2
3864.12127453,0,3,0,0,0,0,2,0,2,3,1,0,-1,3,1,1,1,1,1,3,2,1,1,2,0,-1,1,-1,2,0,2,2,1,2,-1,2,1,1,3,1,0,0,0,-1,-1,-1,1,3,1,2,-1,0,2,3,2,2,-1,3,2,-1,0,2,1,2,3,-1,3,-1,3,0,-1,-1,1,-1,0,2,-1,1,3,3,0,1,3,0,0,3,1,1,0,2
3929.67378348,1,0,3,1,-1,0,-1,3,-1,3,0,1,3,-1,3,0,0,0,-1,1,3,1,1,1,3,3,1,3,2,3,-1,1,-1,0,0,1,-1,2,0,0,-1,3,0,2,2,3,0,2,-1,-1,-1,1,1,1,1,2,2,1,1,2,0,2,-1,3,-1,1,2,3,1,0,0,0,2,0,3,3,0,0,1,2,-1,3,0,3,2,2,0,2,-1,2
3668.9971397,3,0,2,3,-1,0,-1,3,3,3,-1,0,1,3,0,2,-1,2,2,3,3,3,-1,3,1,0,2,2,2,0,2,-1,1,2,1,0,0,2,-1,-1,1,3,3,2,-1,0,1,-1,0,-1,3,3,-1,-1,2,1,1,2,2,2,3,2,2,-1,-1,-1,2,0,0,1,1,1,1,3,3,2,1,0,0,-1,3,1,1,1,-1,0,2,1,0,1
3867.95475459,3,2,2,-1,-1,-1,2,2,0,-1,0,-1,0,2,0,1,1,-1,3,1,2,-1,-1,0,1,0,0,0,-1,2,1,1,2,2,0,0,1,-1,1,0,3,2,1,2,0,3,0,3,2,3,1,0,3,2,1,-1,2,2,-1,1,0,2,-1,1,2,-1,3,3,1,2,-1,-1,1,2,3,-1,0,0,-1,0,1,1,1,2,3,-1,1,1,-1,1
3793.96858951,3,3,0,1,3,3,0,2,0,1,2,0,2,2,2,2,0,-1,2,3,1,3,0,-1,3,3,0,0,0,1,-1,2,-1,1,3,-1,2,-1,1,1,-1,-1,-1,2,3,0,3,2,0,1,1,1,-1,-1,0,0,1,3,-1,1,-1,2,1,3,1,1,-1,0,0,-1,0,-1,0,3,3,2,2,-1,0,2,-1,3,1,2,1,2,2,-1,1,2
3923.9235634,0,0,0,3,1,3,-1,-1,1,-1,1,0,1,2,0,0,1,2,0,2,-1,1,3,-1,3,2,3,3,2,3,1,2,0,1,2,0,1,3,3,2,1,-1,1,3,2,3,1,2,1,1,0,-1,3,0,1,1,3,0,-1,2,-1,2,1,0,3,0,0,3,0,2,1,3,0,2,2,2,-1,0,-1,0,2,-1,3,-1,2,1,2,2,2,-1
3741.06656475,-1,-1,1,3,-1,3,1,3,2,0,3,0,3,-1,2,0,3,-1,3,2,0,-1,3,0,1,-1,3,1,1,1,0,1,1,3,1,-1,0,3,1,1,1,2,1,2,1,2,2,0,3,2,-1,0,-1,0,1,1,-1,-1,-1,3,1,3,1,2,0,-1,3,2,1,-1,2,2,-1,2,-1,-1,1,2,2,0,0,-1,3,1,2,3,3,0,0,3
3758.317225,-1,0,0,-1,2,0,1,3,-1,2,0,-1,2,3,-1,2,-1,-1,0,-1,-1,-1,3,2,-1,1,2,0,0,3,1,1,0,-1,1,0,2,3,1,3,0,3,0,2,-1,3,0,1,2,1,0,1,1,2,-1,2,1,0,-1,3,1,3,-1,2,3,2,-1,1,1,3,3,-1,1,-1,2,3,2,1,0,3,1,2,1,2,0,0,2,3,1,0
4104.09712601,3,1,2,1,2,2,3,3,0,3,2,2,1,0,2,3,0,1,3,0,1,0,0,-1,0,1,2,0,0,0,2,3,-1,2,-1,2,1,1,-1,0,0,2,2,2,-1,2,1,2,-1,1,1,0,3,1,1,-1,3,2,0,-1,-1,3,3,0,1,-1,0,1,3,0,3,2,2,2,-1,1,1,1,3,0,1,3,3,3,2,1,-1,0,2,3
3961.10831994,0,-1,-1,2,1,1,2,2,2,1,-1,0,1,3,-1,0,3,3,3,2,3,0,3,3,3,-1,0,1,2,1,0,0,3,2,3,1,0,0,1,1,3,0,0,1,1,0,1,2,1,2,2,3,3,2,-1,2,3,-1,3,0,1,1,0,-1,1,1,2,0,2,0,0,-1,1,-1,3,3,-1,-1,-1,0,0,-1,2,3,2,1,0,1,-1,3
4126.71465834,-1,0,3,3,-1,-1,3,2,1,2,-1,3,0,2,2,0,2,2,-1,1,2,1,3,3,-1,-1,1,2,3,3,-1,0,2,3,0,2,1,3,0,0,1,2,0,1,0,1,-1,3,-1,0,1,-1,0,1,2,3,2,3,1,2,-1,3,1,0,0,1,0,2,-1,3,2,0,3,-1,2,2,0,1,2,1,0,-1,3,0,1,1,1,0,0,0
4025.51078487,1,-1,3,0,3,2,-1,3,3,3,1,-1,0,1,0,0,1,0,3,0,2,0,-1,-1,1,0,-1,2,0,-1,3,1,1,0,-1,0,0,2,1,2,-1,0,-1,2,-1,1,2,2,2,1,2,-1,3,2,0,1,-1,-1,3,1,1,2,2,0,2,-1,-1,3,-1,0,2,1,1,3,-1,1,1,0,1,0,3,2,2,2,2,0,1,0,3,2
4119.81439424,3,3,2,3,3,3,0,-1,1,2,1,3,1,3,2,0,0,0,2,2,1,0,0,1,3,1,3,3,0,1,3,1,-1,-1,0,1,2,2,-1,2,1,2,2,-1,3,1,3,2,2,0,3,1,0,0,1,0,2,3,1,0,1,3,-1,-1,3,0,-1,-1,2,0,0,-1,0,-1,0,2,-1,2,1,2,2,-1,1,2,0,-1,1,0,1,-1
3945.0077037,1,0,1,3,3,0,1,-1,3,3,3,2,0,0,0,1,3,3,2,3,3,0,1,3,1,1,0,0,1,0,0,0,0,-1,2,2,2,3,2,0,3,2,-1,0,1,2,1,1,2,3,3,-1,-1,1,2,1,-1,1,2,-1,2,-1,0,2,-1,1,1,-1,2,1,0,2,0,2,2,3,2,1,1,-1,0,0,2,3,0,0,3,3,3,3
3797.41872156,0,1,1,3,0,-1,-1,1,-1,-1,1,2,3,2,-1,1,0,2,3,1,3,3,2,1,-1,2,1,0,3,-1,-1,0,1,2,1,0,0,3,1,2,1,2,1,-1,-1,-1,0,3,1,2,3,3,2,-1,-1,0,1,0,0,-1,2,3,2,0,2,2,0,3,0,3,3,1,0,-1,0,-1,2,-1,2,3,2,3,2,0,1,1,3,1,2,0
3984.87589628,2,3,1,3,2,0,0,-1,1,3,3,3,1,-1,0,3,1,1,-1,0,1,3,3,1,-1,2,0,0,2,0,2,0,0,2,1,-1,3,2,3,0,-1,2,0,2,0,-1,1,3,1,0,0,2,1,3,1,-1,2,-1,0,-1,0,0,3,3,0,2,1,1,2,2,3,2,0,1,-1,1,1,-1,2,2,1,-1,1,0,3,-1,0,2,2,1
3819.26955788,2,1,3,-1,1,0,0,3,1,0,-1,1,3,0,0,1,3,3,2,2,0,1,2,3,1,2,3,-1,1,-1,0,2,1,0,0,2,0,3,0,2,3,0,3,3,0,3,3,-1,1,1,2,0,0,-1,1,3,2,0,2,3,2,0,-1,-1,1,-1,1,-1,2,-1,1,2,-1,1,-1,2,1,-1,-1,3,2,2,-1,3,2,-1,1,0,0,0
3783.61819336,3,0,1,2,0,3,2,-1,3,1,2,0,1,2,3,0,0,3,1,3,3,2,1,2,-1,0,0,0,0,1,2,2,2,3,0,-1,2,2,1,0,1,-1,-1,2,-1,1,2,3,0,3,0,3,0,2,0,1,1,-1,-1,2,-1,3,-1,0,3,-1,2,0,3,1,2,3,1,1,1,1,2,3,2,0,1,-1,3,-1,-1,0,3,-1,1,-1
3841.5037422,3,3,-1,2,3,1,-1,2,2,0,2,3,3,0,0,1,3,0,0,3,2,2,2,0,-1,1,0,3,3,0,0,3,2,1,2,3,2,1,-1,3,2,0,0,3,-1,-1,2,3,0,1,2,1,1,2,1,-1,3,3,-1,0,0,0,1,1,2,2,2,1,0,3,1,1,1,0,1,3,0,0,0,-1,-1,-1,1,-1,-1,1,-1,-1,1,1
3971.07536808,2,2,3,0,-1,3,1,2,0,1,3,-1,1,2,2,1,1,1,0,0,-1,1,1,3,0,2,0,-1,-1,-1,0,0,-1,3,2,2,0,-1,3,2,2,0,1,0,1,0,3,0,-1,3,-1,2,3,-1,3,3,2,1,-1,1,2,2,-1,0,3,2,2,2,0,3,0,0,1,3,-1,2,1,3,-1,0,1,0,1,-1,2,3,1,3,1,1
3930.8238275,3,0,2,2,1,3,-1,1,-1,-1,1,2,1,3,3,0,2,0,3,0,0,1,2,3,1,3,3,3,2,2,2,-1,1,0,0,2,0,1,0,-1,2,0,0,3,0,2,3,2,1,0,1,0,2,0,0,3,2,-1,1,3,-1,-1,2,1,-1,0,2,1,0,0,1,-1,1,3,1,-1,-1,1,2,1,-1,1,1,-1,3,0,-1,3,2,3
4029.34426493,1,3,-1,2,0,-1,-1,2,1,-1,2,2,1,0,3,2,-1,-1,3,0,0,0,0,-1,1,-1,2,3,-1,3,1,2,0,0,2,3,3,3,3,1,1,3,0,2,0,1,1,2,3,0,3,0,2,0,0,1,0,2,0,-1,0,1,0,3,2,0,2,-1,2,1,3,2,1,-1,1,-1,2,-1,-1,1,1,2,1,3,2,1,1,0,2,3
3971.07536808,-1,-1,2,0,3,2,0,0,-1,3,0,1,2,1,2,1,1,0,-1,2,2,0,3,3,2,0,1,0,3,3,3,0,1,1,0,1,1,0,2,0,2,0,0,0,-1,3,3,3,0,-1,0,1,-1,3,1,2,2,2,-1,1,-1,3,0,2,0,-1,1,2,3,0,2,1,1,-1,0,1,3,1,-1,-1,1,-1,1,2,-1,3,1,1,1,2
3739.14982472,1,2,0,0,2,3,0,2,2,1,3,0,2,3,1,0,-1,1,-1,1,3,0,2,1,-1,-1,-1,0,-1,-1,1,-1,1,-1,0,1,0,2,-1,3,2,3,3,-1,1,-1,2,0,2,0,0,-1,3,3,-1,0,-1,-1,1,3,-1,2,2,0,1,-1,1,1,-1,0,1,1,0,3,3,2,0,2,2,2,3,1,2,1,2,2,3,1,0,0
3811.60259777,3,0,0,-1,0,2,3,1,0,0,3,-1,2,-1,3,3,3,-1,3,3,-1,2,2,2,1,3,2,3,3,3,3,0,0,2,0,2,1,2,-1,0,0,0,1,3,-1,1,3,1,1,2,0,1,-1,2,3,2,-1,1,3,0,2,0,-1,-1,2,2,-1,-1,-1,0,-1,0,-1,0,-1,-1,2,1,1,0,2,2,1,2,0,0,3,0,1,-1
3903.98946711,1,0,-1,2,2,0,2,0,2,0,-1,1,-1,-1,3,2,2,1,1,0,3,1,2,-1,3,0,-1,3,0,0,-1,2,2,0,-1,3,-1,-1,0,3,3,1,2,2,0,2,-1,3,1,3,1,-1,-1,0,1,-1,0,0,1,3,1,1,0,0,3,-1,-1,1,1,3,2,1,1,2,0,1,3,2,1,-1,0,-1,2,1,1,3,3,0,1,-1
3982.57580825,-1,3,3,0,1,3,0,-1,0,3,2,1,2,0,3,0,1,2,2,-1,2,2,2,2,2,3,-1,-1,0,1,-1,3,2,2,1,2,3,1,2,2,1,0,1,0,0,0,2,2,1,1,1,2,1,3,3,-1,3,0,3,-1,-1,2,1,1,1,3,3,0,-1,3,0,1,1,-1,-1,3,1,0,-1,0,1,0,2,0,0,-1,2,0,3,-1
3767.13422912,0,3,-1,0,3,1,-1,1,0,0,3,3,3,-1,2,3,1,2,2,-1,-1,2,0,1,1,-1,3,3,-1,1,-1,0,-1,1,2,-1,-1,1,2,1,2,2,2,0,0,-1,0,-1,0,0,0,-1,0,2,0,3,-1,0,0,0,1,2,3,1,1,1,3,0,2,3,2,2,3,2,-1,2,1,2,3,3,1,3,3,2,-1,2,0,2,3,1
4078.41280964,1,2,-1,-1,3,0,2,0,3,2,1,0,2,2,1,3,0,-1,-1,3,2,2,2,-1,2,0,1,0,0,0,1,1,1,-1,2,3,3,0,1,0,1,1,3,-1,0,0,-1,1,3,2,3,1,3,-1,1,3,3,2,-1,0,2,-1,1,0,3,1,1,2,3,3,3,0,3,3,0,0,2,0,2,-1,0,1,2,2,2,1,0,0,2,1
3727.64938455,2,3,3,2,1,0,2,1,-1,2,1,3,3,1,-1,1,2,-1,1,2,0,0,1,-1,-1,2,2,0,0,0,0,2,0,3,1,2,1,-1,-1,-1,-1,-1,2,3,2,2,1,0,0,-1,0,3,2,-1,0,3,3,-1,2,0,-1,1,1,1,3,1,0,2,-1,3,1,2,0,3,0,3,2,3,3,3,-1,2,0,1,-1,0,0,0,-1,1
3862.2045345,-1,0,0,1,0,-1,-1,1,-1,2,1,0,2,2,3,0,-1,1,0,2,-1,3,1,2,3,1,3,2,3,1,-1,3,2,1,0,-1,0,-1,0,0,-1,2,2,-1,3,2,2,0,2,1,2,3,1,2,0,1,3,3,1,-1,2,2,1,0,-1,2,1,1,3,-1,2,3,0,-1,0,1,2,0,-1,0,3,-1,0,0,1,1,1,-1,0,1
3891.72233093,0,0,2,1,0,-1,2,3,3,2,1,3,2,1,2,-1,-1,1,0,-1,2,2,0,0,1,1,2,0,2,-1,-1,1,0,2,2,1,1,3,0,1,2,0,2,0,2,3,0,0,-1,1,-1,1,3,0,-1,3,1,-1,2,1,0,3,0,3,2,3,-1,1,-1,3,-1,2,3,0,1,1,2,3,3,-1,3,0,1,-1,1,2,3,2,-1,-1
4017.46047676,-1,1,0,2,0,-1,1,3,-1,0,2,3,2,3,2,-1,2,0,0,3,-1,1,2,1,0,2,2,3,-1,3,2,0,1,0,2,0,-1,0,1,0,-1,-1,3,0,0,-1,0,3,1,3,1,3,2,3,3,1,2,3,1,3,0,1,2,2,3,1,0,2,1,-1,1,2,-1,2,3,-1,0,2,2,0,0,1,1,0,-1,1,1,3,1,-1
3809.68585774,2,2,2,0,-1,-1,2,3,0,0,0,3,1,-1,-1,1,-1,-1,3,1,-1,-1,1,2,1,1,2,-1,1,1,0,2,0,1,-1,0,1,2,3,0,1,2,3,2,2,2,2,0,2,3,3,-1,-1,3,3,3,1,-1,1,3,2,1,0,3,0,0,0,3,3,1,2,0,0,2,3,3,-1,3,1,-1,1,0,-1,2,2,1,3,3,1,-1
3987.94268033,-1,-1,2,1,3,0,3,1,3,3,1,-1,1,0,3,2,1,-1,1,0,2,-1,-1,3,2,2,-1,3,3,1,3,-1,-1,1,0,0,1,1,2,-1,2,2,2,2,0,0,-1,3,1,1,2,1,2,3,-1,2,0,3,1,0,3,3,3,0,0,2,2,1,0,1,3,0,2,2,2,-1,3,2,2,0,-1,1,2,1,0,0,0,0,-1,3
3657.49669953,3,3,2,-1,2,0,0,2,0,1,0,2,-1,-1,3,2,-1,0,-1,0,-1,0,-1,2,3,-1,1,1,0,1,3,-1,1,2,1,2,3,2,0,-1,3,3,-1,2,1,1,-1,-1,1,3,-1,0,3,0,-1,1,2,3,1,2,3,0,2,3,-1,0,0,3,1,3,2,3,2,1,2,1,2,2,1,0,-1,3,0,-1,1,2,-1,2,0,-1
3858.37105445,-1,0,-1,1,1,3,0,3,-1,0,0,-1,-1,-1,2,-1,3,1,1,-1,2,1,1,-1,0,2,2,2,1,2,1,1,2,2,3,3,2,0,0,1,0,1,0,-1,-1,-1,0,2,0,2,3,3,1,3,0,2,1,-1,1,-1,2,-1,1,2,1,3,-1,0,0,2,0,1,1,-1,0,3,-1,1,2,0,0,2,-1,-1,2,3,3,0,2,2
3934.65730755,-1,1,2,0,2,1,3,0,2,2,2,2,3,0,0,1,-1,1,3,2,2,-1,3,1,-1,0,1,-1,0,-1,0,0,1,2,0,-1,-1,0,0,0,3,-1,3,0,0,0,-1,0,3,1,0,1,1,2,2,-1,1,3,1,-1,1,-1,0,0,2,-1,3,1,-1,3,1,1,2,2,1,1,0,-1,3,-1,-1,2,2,1,2,2,2,-1,1,3
3954.97475185,2,-1,2,2,1,3,3,0,3,0,1,-1,3,3,-1,2,-1,-1,-1,2,2,0,1,-1,1,2,0,3,3,0,-1,1,1,-1,0,3,0,2,0,2,2,-1,0,0,3,2,1,0,3,1,3,1,1,2,3,1,1,-1,0,0,2,-1,2,3,1,1,0,-1,1,1,0,-1,0,1,2,3,2,2,-1,3,1,-1,2,1,3,0,0,0,1,3
3855.3042704,0,2,1,1,1,3,3,2,-1,1,2,3,1,1,1,3,3,2,0,3,2,-1,3,-1,3,2,-1,3,0,1,2,3,0,2,1,2,1,-1,2,-1,0,2,0,0,0,-1,3,2,2,1,0,0,-1,2,-1,1,1,0,1,0,0,-1,3,2,0,3,3,1,0,2,2,-1,-1,0,2,0,-1,-1,3,1,3,2,3,0,3,-1,-1,0,3,3
3980.65906822,2,3,1,2,0,0,0,0,2,2,3,0,3,3,1,0,3,1,1,3,1,0,0,3,1,1,2,0,3,2,3,-1,1,2,-1,1,-1,3,2,-1,0,1,0,1,3,-1,1,2,-1,0,1,1,-1,0,-1,-1,0,1,0,2,2,0,3,3,2,3,2,2,2,0,2,1,1,3,-1,3,-1,-1,1,1,-1,0,3,2,1,2,1,0,2,-1
3699.66498014,0,-1,2,1,1,1,-1,0,1,1,2,-1,-1,2,1,-1,0,3,-1,2,1,1,0,0,2,-1,0,2,1,2,2,3,1,3,1,-1,3,-1,2,-1,-1,0,0,2,1,-1,3,0,-1,-1,1,3,-1,-1,-1,0,3,2,1,1,0,3,-1,3,0,0,0,3,-1,1,1,1,3,0,2,2,1,0,2,2,-1,0,-1,1,2,2,-1,1,2,0
3737.9997807,3,0,2,-1,-1,0,0,-1,-1,-1,1,2,2,3,1,0,0,3,2,-1,2,1,1,3,0,3,-1,1,-1,1,2,2,1,-1,3,3,-1,-1,0,1,0,1,1,0,2,3,1,0,-1,3,0,-1,2,-1,-1,0,1,2,2,1,-1,3,2,0,-1,1,1,2,0,2,1,0,1,2,2,0,3,-1,1,1,1,-1,0,2,-1,0,1,-1,-1,0
3834.2201301,2,0,3,-1,0,3,1,1,3,3,0,3,1,3,3,2,-1,3,1,3,1,1,1,2,-1,0,-1,0,0,0,2,1,0,1,-1,2,2,1,2,3,-1,0,2,1,0,2,2,-1,0,2,0,-1,-1,-1,0,2,0,1,0,0,3,2,1,2,-1,-1,0,2,0,-1,0,3,-1,-1,1,2,-1,-1,2,-1,1,1,3,-1,0,1,1,1,-1,2
3857.60435844,2,3,1,1,-1,2,-1,2,-1,-1,1,0,-1,0,1,0,0,3,-1,3,-1,1,0,2,3,-1,2,2,2,-1,1,2,1,-1,2,1,-1,3,3,2,-1,0,0,3,-1,2,3,1,2,-1,2,2,3,0,1,-1,2,1,1,-1,3,1,1,3,1,2,3,3,1,0,0,0,1,-1,0,3,3,0,2,0,1,0,1,0,1,0,2,-1,1,0
3855.68761841,-1,-1,2,2,-1,0,1,2,3,1,0,-1,1,1,-1,1,2,1,2,-1,3,1,0,2,-1,0,1,0,-1,3,-1,0,2,1,0,0,3,1,2,3,-1,2,-1,2,2,-1,1,1,0,-1,0,0,3,1,-1,2,1,-1,2,1,2,0,3,-1,0,1,0,-1,1,3,1,2,3,1,2,0,-1,0,3,0,2,2,2,1,3,-1,2,0,2,-1
3937.34074359,0,-1,2,-1,1,0,1,0,2,0,3,0,-1,0,0,0,0,1,-1,2,3,0,2,0,1,0,-1,3,1,2,3,2,1,0,1,2,2,2,1,3,-1,2,1,0,-1,2,-1,3,3,0,3,3,2,1,0,1,2,2,1,1,3,-1,1,0,2,1,2,-1,-1,0,1,3,0,3,3,3,0,2,1,0,2,-1,3,3,2,-1,-1,3,1,-1
3954.20805584,3,0,0,0,2,2,-1,-1,1,-1,1,3,1,2,2,2,3,2,2,0,2,1,1,2,0,-1,3,3,0,1,-1,2,0,2,0,0,1,0,1,2,-1,0,2,-1,2,0,1,0,2,3,3,2,3,1,1,3,3,3,1,0,-1,1,-1,3,0,1,-1,-1,1,0,2,1,2,0,-1,1,-1,0,-1,-1,3,2,1,3,-1,3,2,1,1,0
3730.33282059,0,3,1,-1,2,2,3,1,1,1,-1,1,-1,3,-1,0,0,-1,0,2,2,1,3,3,3,-1,1,0,3,1,-1,0,-1,-1,1,-1,2,3,1,1,3,1,2,3,2,0,1,0,2,2,-1,2,2,-1,0,2,1,-1,3,2,1,1,-1,0,3,-1,2,1,-1,0,2,3,0,-1,3,2,-1,0,1,-1,0,0,0,1,0,3,0,2,3,2
3981.42576423,-1,0,0,3,-1,1,1,3,0,2,0,1,1,-1,-1,1,-1,3,-1,3,2,3,3,3,-1,0,0,2,2,-1,3,0,0,0,2,-1,1,-1,0,-1,1,0,2,1,0,2,2,0,2,2,3,1,3,0,1,3,1,2,0,1,2,1,2,3,0,-1,3,2,2,0,0,3,3,-1,0,1,0,1,3,3,-1,3,2,-1,1,1,2,1,1,2
3912.42312323,2,1,-1,1,1,0,0,0,3,0,3,3,1,-1,0,3,2,2,0,2,1,2,-1,3,2,-1,-1,1,1,0,1,0,0,1,1,2,2,3,-1,-1,2,1,0,2,2,0,0,0,0,3,3,-1,2,3,1,-1,3,3,1,2,-1,1,0,2,2,2,1,3,1,3,-1,-1,1,2,0,3,3,0,-1,2,2,0,-1,1,1,-1,1,0,2,1
3851.47079035,0,-1,3,2,3,3,3,-1,1,2,3,1,0,1,1,0,1,3,1,1,0,2,1,2,3,2,0,2,1,0,-1,2,1,0,2,1,-1,-1,-1,0,1,3,2,2,-1,1,1,3,3,0,2,-1,3,2,0,-1,0,3,-1,-1,2,0,0,-1,1,0,0,2,-1,0,2,0,1,-1,0,2,-1,3,1,-1,3,3,1,3,1,3,2,0,2,0
3918.17334332,1,2,0,3,0,1,0,-1,2,-1,1,-1,3,2,3,3,0,1,2,2,3,1,3,1,1,1,0,3,2,3,2,-1,0,2,2,-1,3,3,-1,3,2,2,-1,1,3,1,3,1,0,2,1,0,-1,0,1,2,-1,0,2,1,3,1,0,0,-1,0,3,-1,1,3,-1,-1,0,0,2,1,1,0,1,3,3,2,0,0,1,0,0,1,3,-1
3878.30515074,1,0,1,1,0,3,3,2,3,3,-1,2,-1,0,-1,-1,2,3,-1,2,1,1,-1,2,0,-1,2,2,0,-1,-1,3,3,-1,3,1,1,0,-1,0,0,3,2,1,1,-1,-1,2,1,0,2,0,1,-1,3,0,1,3,2,-1,0,1,0,3,3,1,1,0,0,-1,2,2,1,3,0,3,1,-1,0,2,1,-1,0,-1,-1,1,1,2,2,0
3617.62850695,1,2,2,0,-1,2,0,-1,1,3,-1,3,3,-1,3,-1,0,2,2,0,-1,0,2,1,2,1,0,1,2,0,-1,-1,-1,-1,0,-1,0,-1,1,2,1,0,2,2,1,-1,0,3,-1,1,0,-1,2,0,0,0,3,1,1,-1,2,3,-1,1,3,3,0,3,1,3,2,2,0,2,3,2,1,2,3,-1,2,0,0,1,-1,2,1,1,0,3
3853.77087838,0,1,2,0,0,1,0,1,1,3,3,2,0,2,2,3,0,2,0,3,0,2,0,-1,0,1,2,-1,1,-1,1,0,0,3,-1,3,3,0,-1,0,-1,1,2,1,-1,2,2,2,0,-1,1,2,-1,2,0,1,1,1,-1,-1,2,0,1,3,3,3,1,3,1,-1,2,-1,-1,-1,2,0,1,-1,0,-1,-1,3,-1,2,1,1,2,0,3,-1
3831.15334605,0,1,2,-1,1,0,-1,0,0,0,3,-1,1,2,2,3,3,2,2,1,-1,0,2,-1,-1,-1,1,-1,-1,0,0,2,2,0,1,-1,0,2,2,2,1,1,3,-1,-1,1,-1,0,-1,-1,-1,0,-1,2,-1,1,0,3,2,3,1,1,1,0,1,2,1,1,3,1,-1,2,-1,3,-1,2,0,2,1,0,0,1,3,0,0,2,0,2,2,-1
4087.99650978,1,3,0,2,1,-1,3,0,1,2,3,1,2,0,3,1,0,0,1,0,1,1,2,0,2,2,-1,3,2,3,-1,2,1,-1,2,1,0,0,-1,1,-1,0,0,3,2,1,2,0,3,2,3,-1,2,0,2,3,0,0,3,-1,3,0,0,1,1,1,-1,2,-1,-1,-1,2,-1,2,0,3,2,3,1,3,1,3,0,-1,2,2,-1,0,-1,1
3758.317225,-1,3,-1,3,2,0,0,1,3,1,1,2,1,1,2,2,3,0,2,-1,2,2,1,0,3,3,2,0,3,-1,1,2,-1,2,-1,0,2,0,0,3,-1,3,3,3,2,3,2,1,-1,3,1,3,-1,2,1,3,1,1,3,-1,0,-1,0,0,2,1,0,1,-1,2,-1,3,2,3,-1,-1,0,0,-1,0,2,2,0,3,2,1,1,2,1,1
3976.82558817,3,2,0,1,2,-1,0,0,-1,0,1,1,1,0,3,1,2,3,-1,-1,1,-1,0,0,-1,1,1,1,0,-1,1,-1,1,0,2,3,1,-1,-1,3,3,0,3,0,0,-1,-1,2,3,2,0,1,0,1,-1,2,2,1,3,3,0,1,0,2,-1,2,2,0,3,1,3,2,0,3,0,2,2,2,1,0,3,2,1,3,2,3,2,2,2,3
3846.48726628,2,1,-1,0,3,0,0,1,3,2,1,-1,0,1,3,3,0,2,1,-1,2,3,3,0,0,-1,1,2,1,1,-1,1,1,3,2,1,-1,2,2,-1,-1,2,0,0,3,-1,3,3,0,2,1,3,0,3,0,1,2,2,-1,1,0,-1,0,3,1,3,0,0,-1,-1,2,2,0,1,2,2,1,1,2,0,-1,-1,-1,0,3,2,2,1,1,-1
4277.37042453,-1,1,3,3,2,3,-1,3,0,1,2,2,1,0,3,1,3,0,2,3,2,0,0,-1,2,1,-1,1,1,-1,-1,1,3,3,2,2,0,2,-1,3,1,2,-1,0,2,1,3,2,0,-1,0,3,0,0,1,3,1,0,2,1,2,1,2,1,3,2,1,0,3,0,3,2,-1,0,3,-1,0,3,0,1,1,3,2,1,1,0,2,2,0,0
3919.32338733,1,3,0,2,3,0,1,2,-1,0,0,1,3,3,0,1,0,2,3,3,-1,2,2,0,0,0,2,-1,-1,2,0,-1,1,0,1,1,-1,0,1,2,2,1,3,2,2,3,1,0,3,3,0,-1,1,1,0,0,-1,0,1,-1,1,3,-1,0,3,1,2,1,1,-1,2,3,1,-1,2,2,2,2,2,-1,2,3,1,0,-1,3,2,1,2,0
3588.11071053,0,1,2,-1,-1,-1,1,3,1,0,1,1,0,0,-1,2,-1,2,3,0,2,0,0,-1,3,-1,-1,2,0,1,1,3,2,1,1,3,-1,2,-1,0,3,0,-1,2,-1,3,0,2,-1,0,2,-1,2,2,-1,1,-1,0,1,3,0,0,0,1,0,0,3,-1,1,-1,2,0,1,-1,-1,3,-1,1,-1,2,1,3,-1,2,1,3,-1,-1,0,2
4029.34426493,3,2,0,-1,1,-1,3,0,1,-1,3,0,0,3,0,2,3,0,0,-1,3,1,0,3,1,-1,1,3,1,3,-1,3,0,3,-1,-1,1,1,2,3,2,0,2,3,3,3,-1,3,3,0,1,1,1,0,-1,2,2,2,-1,1,-1,1,0,3,2,0,1,0,0,-1,1,0,3,2,1,0,0,1,2,2,2,-1,2,1,2,3,-1,0,0,1
3739.14982472,2,2,0,3,-1,2,-1,2,3,1,1,2,1,-1,1,-1,2,0,2,3,2,-1,0,1,1,2,-1,-1,3,-1,1,1,0,1,-1,-1,1,0,-1,3,2,2,2,0,2,3,0,3,0,-1,0,0,1,0,0,2,1,1,0,-1,2,1,3,2,-1,-1,-1,0,2,2,-1,2,2,3,1,-1,-1,2,0,3,3,3,1,3,1,1,3,1,1,-1
3696.98154411,3,2,1,3,0,2,2,0,2,1,1,-1,2,0,0,3,-1,-1,1,2,0,1,3,2,2,-1,1,0,3,-1,0,2,1,2,3,3,3,0,-1,3,-1,0,1,-1,2,3,0,-1,0,-1,0,1,-1,1,0,2,-1,2,2,-1,1,1,1,2,3,1,1,3,0,3,-1,1,1,0,-1,2,-1,-1,0,2,2,2,1,3,-1,1,1,-1,1,0
3929.29043548,0,3,2,1,0,3,-1,-1,2,2,-1,-1,1,-1,-1,3,2,0,1,2,-1,2,1,3,3,1,3,-1,-1,-1,2,1,0,0,3,3,2,2,2,3,0,3,3,0,3,2,0,2,1,1,0,3,2,0,1,1,3,2,1,0,-1,3,1,0,0,-1,0,1,3,-1,0,1,1,1,-1,2,1,2,1,0,0,1,2,0,0,-1,2,3,0,-1
3969.15862806,-1,-1,1,-1,0,3,-1,0,1,2,-1,0,1,0,3,2,2,1,3,2,1,-1,0,2,2,2,-1,0,1,0,-1,-1,0,1,3,3,2,0,0,-1,1,2,-1,1,2,2,-1,1,2,3,2,2,2,0,2,-1,3,0,0,3,0,1,-1,0,1,1,0,3,-1,3,0,0,2,1,0,1,2,3,-1,1,1,-1,1,3,1,-1,1,3,2,2
3692.38136804,-1,1,1,-1,-1,3,-1,-1,3,0,2,0,0,0,3,-1,3,-1,2,2,2,0,1,1,2,3,-1,0,2,1,2,-1,3,1,0,2,2,0,-1,0,1,3,-1,-1,0,-1,3,2,-1,3,0,1,0,-1,1,3,0,2,1,1,0,0,2,1,2,-1,1,2,-1,0,3,3,2,2,-1,-1,1,3,0,-1,-1,2,3,1,0,1,1,0,-1,1
3668.23044369,0,1,1,3,0,0,2,2,2,1,1,-1,0,1,-1,1,3,2,-1,0,1,2,0,1,0,2,-1,3,3,3,0,1,1,-1,2,3,2,3,0,1,1,-1,3,2,3,0,1,2,2,-1,2,0,2,1,3,-1,-1,3,-1,-1,3,1,2,3,-1,0,3,3,2,-1,1,3,0,1,-1,3,-1,1,-1,2,1,2,0,3,1,-1,2,3,-1,2
3807.0024217,0,2,0,-1,3,1,2,2,0,2,1,-1,2,1,1,3,3,0,3,3,2,2,-1,-1,-1,3,3,0,3,2,2,1,3,2,1,3,0,0,-1,1,-1,2,-1,2,1,1,1,0,-1,2,2,3,-1,0,0,3,0,3,1,1,0,3,2,2,1,0,-1,-1,-1,0,1,1,3,0,0,1,1,2,1,-1,-1,2,-1,-1,2,-1,1,-1,0,0
3603.82797875,3,1,0,1,3,-1,1,2,3,-1,2,3,-1,2,3,2,2,3,0,0,1,0,0,-1,0,-1,-1,3,2,3,3,1,2,1,0,0,-1,2,1,-1,-1,1,1,0,-1,-1,0,3,-1,-1,3,0,-1,2,2,1,1,1,1,0,-1,2,0,1,-1,3,2,1,-1,1,-1,1,0,1,-1,2,2,2,2,-1,1,2,0,1,-1,0,2,2,-1,2
3979.50902421,0,1,0,0,2,3,1,1,0,1,2,1,2,2,1,-1,-1,0,1,-1,2,2,1,3,0,2,-1,0,2,1,-1,0,2,3,2,2,-1,1,1,0,3,3,3,3,2,-1,2,0,-1,-1,2,3,-1,-1,1,-1,3,-1,0,1,-1,0,0,-1,1,0,-1,3,0,1,2,0,3,-1,0,2,1,2,1,-1,3,0,2,1,2,3,0,1,0,0
3827.703214,-1,0,2,1,2,3,2,2,2,2,0,3,0,1,1,1,1,-1,1,-1,2,0,2,1,-1,3,3,0,2,0,1,1,0,2,1,3,-1,2,2,2,0,-1,-1,1,0,2,0,1,3,0,0,-1,-1,1,3,2,-1,-1,1,1,1,-1,-1,-1,0,0,1,3,-1,3,0,-1,2,-1,3,-1,0,1,0,-1,-1,3,1,0,0,0,1,0,-1,2
3845.33722226,-1,0,2,0,2,2,1,-1,3,1,0,-1,3,1,-1,0,0,1,-1,-1,-1,-1,1,0,1,-1,0,0,2,2,3,2,1,0,1,1,2,0,3,0,3,2,0,1,0,0,-1,2,3,1,3,3,3,-1,-1,-1,-1,3,2,2,1,3,2,1,2,0,2,1,2,1,3,-1,1,3,2,3,0,-1,3,-1,1,3,0,-1,3,0,1,2,0,2
4061.9288454,0,1,1,3,-1,2,2,1,2,-1,2,-1,2,0,3,-1,1,0,0,0,-1,1,2,-1,2,3,0,1,3,-1,-1,1,3,2,1,1,-1,3,0,2,2,0,3,-1,1,0,-1,0,0,1,3,1,-1,2,3,2,2,-1,3,0,-1,0,2,-1,3,2,3,0,2,2,2,0,3,0,0,-1,3,1,3,1,1,1,1,1,2,1,1,0,2,0
3922.00682337,3,0,1,3,0,0,3,3,-1,-1,1,2,-1,3,0,2,2,2,0,-1,3,1,2,3,3,0,3,0,2,2,0,1,2,2,-1,1,-1,0,-1,3,2,3,1,-1,2,1,3,1,1,2,-1,1,2,3,0,-1,2,-1,1,1,3,2,0,-1,2,0,1,2,0,-1,1,1,3,1,-1,0,2,3,0,1,3,0,1,0,3,1,-1,-1,2,3
3868.33810259,0,0,0,2,-1,2,2,3,3,3,0,1,2,1,2,3,-1,1,-1,1,2,1,0,1,1,3,2,3,-1,0,2,3,2,-1,1,3,1,2,-1,1,2,1,-1,0,1,3,-1,1,-1,-1,1,3,0,3,3,2,1,1,0,-1,-1,2,0,1,-1,2,0,3,3,0,1,3,-1,1,0,-1,1,3,0,0,0,2,2,-1,1,2,0,-1,0,0
3966.09184401,2,2,1,2,3,1,1,0,0,1,2,0,3,-1,-1,0,0,3,2,0,0,2,1,-1,-1,0,-1,-1,0,3,1,0,0,-1,2,3,1,1,3,1,2,0,0,0,2,3,3,1,1,2,-1,2,2,1,2,-1,2,1,-1,2,-1,2,0,-1,-1,2,1,0,1,-1,3,1,-1,3,1,0,2,0,0,2,1,-1,0,-1,2,3,-1,3,3,3
4029.34426493,-1,0,2,2,0,1,1,0,1,0,2,-1,2,0,1,2,1,0,-1,2,3,-1,0,3,-1,-1,-1,2,2,1,0,2,0,2,0,1,2,3,-1,1,0,2,3,1,2,1,3,2,-1,-1,0,1,1,2,2,1,0,0,-1,2,1,1,0,-1,1,3,3,0,-1,3,2,-1,0,-1,2,-1,1,1,0,3,2,-1,-1,2,1,-1,1,0,3,0
4063.46223742,-1,1,3,-1,-1,-1,0,1,1,0,0,3,3,2,3,1,0,1,-1,0,1,1,1,2,3,-1,2,2,2,0,0,2,-1,0,2,0,0,3,3,0,1,0,2,1,3,-1,1,3,1,0,3,-1,2,3,2,1,2,2,1,3,1,0,0,2,3,-1,2,1,3,-1,0,-1,2,-1,3,3,0,0,0,-1,1,1,2,2,-1,2,1,2,0,2
3935.80735157,0,1,2,1,2,1,1,2,3,1,0,3,0,-1,2,2,2,3,2,0,1,1,3,-1,2,0,1,3,0,-1,1,0,1,2,-1,-1,0,1,-1,2,-1,2,0,2,-1,3,-1,2,-1,2,0,1,2,2,0,2,3,0,0,2,0,1,3,3,-1,1,0,1,0,0,1,3,0,1,3,3,3,3,3,0,3,3,-1,3,-1,2,2,-1,0,3
3739.53317272,0,3,2,2,0,0,3,3,1,-1,2,2,0,1,-1,0,1,2,1,0,3,0,1,0,0,-1,2,0,2,0,2,1,1,-1,1,0,-1,2,-1,3,2,1,-1,3,-1,-1,1,1,3,2,-1,0,1,-1,-1,-1,3,3,-1,0,2,2,2,2,-1,3,1,3,2,1,1,3,3,2,3,2,3,0,3,2,-1,1,2,0,0,1,3,1,3,1
3942.70761567,1,-1,2,-1,2,0,3,3,1,3,-1,3,1,1,3,-1,0,1,2,2,3,-1,1,2,1,-1,0,-1,1,-1,-1,2,3,3,3,3,2,3,1,1,0,-1,2,3,0,0,1,0,0,2,3,2,0,-1,2,3,1,2,2,0,1,-1,0,0,3,-1,1,0,0,0,0,0,2,2,1,-1,3,-1,1,0,-1,2,3,1,0,3,1,3,3,0
3892.48902694,3,2,0,1,3,-1,-1,3,1,1,3,3,2,3,2,3,2,0,-1,2,-1,0,0,-1,3,-1,3,0,1,0,0,2,-1,0,1,-1,2,2,2,2,3,0,3,1,1,-1,0,2,-1,1,2,0,-1,1,2,-1,1,3,2,0,1,0,3,2,0,0,0,0,0,2,1,2,1,1,-1,1,1,2,-1,2,0,1,-1,1,0,-1,1,-1,-1,2
3915.10655927,0,2,0,-1,3,0,2,1,3,3,1,0,3,0,0,3,1,-1,0,1,0,1,2,1,1,-1,2,2,2,3,2,2,0,-1,2,0,1,1,-1,3,0,1,1,3,0,3,0,-1,-1,2,-1,2,3,-1,1,3,3,-1,3,2,0,3,2,2,-1,1,0,1,2,2,3,0,0,-1,-1,2,3,1,1,0,1,2,-1,2,-1,1,3,1,0,3
3790.51845746,1,-1,3,1,3,2,0,0,-1,0,0,1,0,-1,3,-1,1,-1,3,-1,0,1,2,2,2,2,1,3,-1,3,1,1,1,-1,0,1,2,-1,2,3,2,-1,0,3,2,-1,-1,0,3,-1,-1,0,0,-1,1,3,2,1,-1,0,2,2,0,3,2,0,2,0,1,-1,2,0,-1,1,1,1,3,3,2,3,0,1,-1,1,3,2,0,0,3,-1
3812.75264179,2,2,3,0,2,-1,0,1,3,2,1,1,2,3,1,0,0,0,0,1,2,2,3,1,-1,3,0,0,-1,3,3,-1,2,1,-1,2,0,-1,1,2,-1,-1,-1,1,3,1,0,2,1,1,0,2,1,-1,-1,2,-1,2,2,-1,2,2,-1,2,3,-1,-1,0,-1,-1,1,1,0,2,3,0,0,0,1,0,0,-1,3,0,-1,0,-1,2,1,-1
4062.31219341,-1,2,2,2,0,3,-1,1,2,2,3,1,2,2,-1,1,1,1,2,-1,3,3,-1,1,1,2,0,0,2,0,-1,2,1,-1,1,0,0,0,2,1,0,2,1,3,1,3,1,0,3,-1,1,0,0,3,3,2,-1,0,3,-1,2,1,3,-1,0,1,1,0,0,1,1,3,1,3,-1,0,-1,3,-1,1,1,2,3,0,1,-1,0,-1,0,2
3827.319866,0,0,0,3,1,1,3,2,2,3,2,2,2,1,1,-1,1,2,-1,2,3,3,-1,0,0,1,2,2,-1,3,-1,-1,0,2,3,0,-1,1,0,2,3,2,3,0,0,-1,-1,1,-1,1,3,0,-1,0,3,1,1,3,1,1,1,0,1,1,2,0,3,1,3,0,2,2,2,3,3,3,3,2,1,-1,-1,0,0,-1,1,2,-1,2,2,-1
3892.87237495,0,-1,2,3,2,1,0,-1,2,2,2,0,1,-1,3,2,1,-1,3,2,0,-1,2,-1,1,0,-1,-1,2,-1,0,0,3,0,0,0,3,3,1,3,3,-1,0,1,0,2,3,1,3,2,2,3,-1,1,1,3,3,1,-1,-1,2,-1,3,0,1,2,2,0,1,2,1,2,0,3,-1,1,2,1,3,2,0,-1,1,0,0,3,1,1,1,1
3965.325148,3,3,0,-1,2,-1,0,3,-1,1,1,1,0,-1,1,3,3,2,2,2,3,3,2,3,-1,1,3,-1,3,0,-1,1,0,-1,0,1,2,0,-1,0,0,-1,0,2,0,2,0,2,3,-1,1,-1,-1,2,2,-1,0,-1,1,3,3,0,0,-1,3,0,1,1,2,-1,0,1,1,1,1,2,2,1,0,1,1,0,0,2,2,2,2,-1,1,1
3928.52373947,3,1,2,2,3,-1,-1,1,3,2,3,1,3,1,1,0,1,0,1,0,2,1,0,2,1,-1,2,3,2,0,3,3,0,-1,-1,2,-1,1,3,2,2,0,0,1,-1,-1,2,2,2,1,0,3,2,0,1,3,-1,0,1,1,2,-1,1,0,2,3,0,3,-1,3,0,3,0,-1,2,1,2,0,3,0,0,1,2,-1,1,3,3,-1,0,1
4157.76584679,0,3,-1,0,2,1,3,0,0,1,0,0,2,1,1,3,1,0,3,1,0,2,2,2,-1,-1,3,2,-1,3,-1,-1,1,0,2,0,0,1,3,1,3,3,0,0,1,1,3,1,3,3,1,-1,2,1,-1,2,2,0,2,1,3,1,1,0,-1,1,0,2,2,2,2,-1,2,3,3,1,0,2,-1,0,0,-1,3,2,3,2,3,1,0,1
3863.73792653,2,2,-1,2,3,-1,-1,3,-1,-1,3,1,1,3,-1,0,0,0,3,3,3,-1,2,0,1,0,3,3,-1,1,2,2,0,0,2,0,1,1,0,0,3,1,3,-1,2,3,1,0,-1,0,1,0,2,-1,1,0,-1,-1,1,0,-1,3,2,-1,-1,0,3,2,0,-1,1,0,1,2,-1,0,1,3,1,2,1,2,1,1,-1,2,2,1,2,1
4122.49783028,1,1,1,0,3,0,-1,-1,1,0,0,1,1,0,-1,2,2,-1,2,2,1,1,3,2,2,0,1,2,2,-1,1,2,-1,1,3,0,2,2,1,3,-1,2,3,0,2,3,3,0,-1,3,1,2,3,0,2,3,2,3,1,3,0,1,2,3,3,1,2,0,0,0,-1,3,-1,0,3,0,3,2,-1,0,0,1,0,2,2,3,3,1,1,-1
3819.26955788,0,2,1,1,0,1,1,3,3,2,3,1,-1,2,-1,1,1,1,0,2,2,0,1,1,0,3,-1,2,3,1,0,2,1,3,3,0,0,3,-1,1,0,3,1,-1,3,2,0,-1,-1,3,0,-1,-1,3,-1,-1,0,1,2,3,0,0,-1,2,2,0,1,3,2,2,2,3,2,-1,2,1,0,1,1,-1,2,3,0,-1,3,1,0,2,1,-1
3938.49078761,2,0,2,2,0,0,3,-1,2,1,-1,-1,-1,1,3,0,3,0,2,0,0,1,0,1,2,0,2,2,3,2,2,2,2,1,3,0,1,0,0,1,-1,-1,3,3,0,1,-1,1,0,-1,3,-1,-1,1,3,-1,-1,1,1,-1,-1,-1,2,0,3,2,3,2,1,2,-1,3,3,2,0,3,1,0,3,1,-1,3,1,0,2,2,0,1,2,3
3888.27219888,1,3,-1,3,1,2,0,3,-1,1,1,3,0,3,0,1,1,3,-1,2,0,1,3,0,0,0,1,2,3,2,1,2,1,3,-1,2,-1,3,2,1,0,1,1,1,1,2,0,-1,2,-1,0,1,-1,2,2,3,1,2,3,3,3,0,2,3,3,1,0,-1,2,0,3,3,-1,0,0,2,2,-1,1,-1,3,2,1,2,0,0,1,-1,3,0
3951.90796781,3,2,3,0,3,3,0,1,2,0,1,3,1,2,-1,0,3,2,3,1,-1,3,2,2,0,-1,3,3,0,0,1,-1,1,0,2,0,1,3,3,3,1,2,-1,2,-1,2,-1,1,-1,0,2,2,1,-1,0,1,0,-1,2,0,1,0,2,1,-1,3,0,3,1,0,2,2,0,3,-1,3,1,2,0,-1,2,2,1,0,1,2,3,-1,1,0
3883.67202281,3,1,0,2,2,0,0,-1,3,3,2,1,1,3,3,0,2,2,1,3,2,1,2,0,3,-1,1,0,2,1,-1,-1,0,0,2,3,0,0,-1,1,2,2,1,2,-1,1,1,3,-1,1,0,1,3,-1,1,1,-1,2,3,-1,-1,2,3,1,3,1,0,0,2,2,0,-1,3,0,2,1,0,0,2,2,-1,-1,0,3,0,3,0,2,2,2
3846.48726628,3,0,3,2,0,3,0,0,-1,0,1,3,3,2,1,-1,1,3,-1,2,-1,1,1,2,2,3,2,-1,3,1,3,-1,2,2,1,-1,-1,1,-1,3,2,3,-1,1,0,-1,2,2,0,3,1,-1,1,0,3,-1,2,0,2,2,0,0,1,2,-1,0,2,1,3,1,-1,0,3,0,0,2,0,3,0,2,1,1,2,0,2,0,1,1,1,-1
3691.99802003,2,-1,-1,1,1,2,0,0,3,-1,-1,-1,1,3,-1,2,-1,2,1,0,2,2,3,1,2,1,0,3,-1,2,1,2,1,2,1,3,2,1,3,-1,0,1,-1,0,-1,-1,2,-1,0,3,0,2,3,2,3,0,2,0,-1,2,2,3,0,1,3,2,1,-1,2,0,0,-1,1,0,1,0,3,0,1,-1,0,1,0,2,3,-1,1,0,2,1
