$<obj,$x1,$x2,$x3,$x4,$x5,$x6,$x7,$x8,$x9,$x10,$x11,$x12,$x13,$x14,$x15,$x16,$x17,$x18,$x19,$x20,$x21,$x22,$x23,$x24,$x25,$x26,$x27,$x28,$x29,$x30,$x31,$x32,$x33,$x34,$x35,$x36,$x37,$x38,$x39,$x40,$x41,$x42,$x43,$x44,$x45,$x46,$x47,$x48,$x49,$x50,$x51,$x52,$x53,$x54,$x55,$x56,$x57,$x58,$x59,$x60,$x61,$x62,$x63,$x64,$x65,$x66,$x67,$x68,$x69,$x70,$x71,$x72,$x73,$x74,$x75,$x76,$x77,$x78,$x79,$x80,$x81,$x82,$x83,$x84,$x85,$x86,$x87,$x88,$x89,$x90
4673.14057657,5,5,0,-1,5,0,2,4,1,4,1,0,0,4,1,3,2,4,3,4,0,0,2,3,2,5,0,3,0,-1,5,4,1,-1,1,-1,3,1,-1,1,3,2,5,4,3,3,1,2,0,1,4,2,0,4,3,5,4,3,-1,5,2,2,1,5,4,0,2,5,1,0,-1,0,1,4,0,3,-1,4,-1,3,5,5,1,-1,2,1,-1,5,3,2
4671.4130808,-1,4,2,4,1,3,1,5,0,3,1,5,0,4,-1,-1,5,-1,0,0,5,-1,5,-1,4,2,5,0,3,5,1,-1,2,4,0,4,1,2,1,3,3,0,5,3,0,-1,4,5,0,0,1,4,3,0,2,2,1,5,-1,3,4,-1,2,5,-1,2,-1,3,3,2,1,1,1,-1,3,-1,0,-1,4,4,3,2,4,1,-1,2,4,2,0,2
4545.55267473,1,5,4,3,1,1,3,0,5,4,4,4,4,2,0,4,4,3,0,0,0,1,1,-1,5,0,2,2,0,1,2,1,2,-1,1,-1,0,0,5,0,-1,-1,2,3,3,5,2,-1,1,2,5,-1,0,1,5,4,0,2,4,3,3,-1,4,3,-1,0,-1,3,5,5,4,2,-1,3,3,5,5,1,2,-1,5,1,-1,4,1,0,3,3,-1,-1
4645.50064426,2,3,0,1,3,3,2,-1,0,2,5,4,3,1,5,5,-1,2,4,1,4,1,2,0,1,-1,2,3,1,1,2,3,-1,5,-1,-1,0,3,5,3,3,-1,1,1,4,4,2,3,1,3,4,-1,0,0,5,-1,2,-1,4,1,0,-1,5,4,2,1,-1,3,5,4,2,0,5,1,0,1,0,0,0,5,4,0,4,5,-1,-1,0,4,3,-1
4620.32856304,2,0,4,2,-1,3,-1,0,0,5,3,-1,4,2,4,4,4,5,-1,4,4,0,2,1,5,4,5,2,1,3,5,1,-1,2,5,0,1,2,0,5,0,1,-1,1,0,-1,1,1,3,-1,5,2,3,1,3,4,4,5,1,3,0,3,5,3,2,1,0,0,-1,4,3,4,3,3,0,3,2,5,-1,-1,0,1,5,2,1,2,2,4,1,-1
4484.34996746,-1,-1,-1,4,-1,-1,5,0,4,1,1,1,5,0,5,5,2,1,4,1,3,5,0,-1,3,3,1,2,1,4,2,3,-1,5,3,4,1,-1,-1,0,5,3,4,1,-1,2,5,3,0,2,4,4,2,2,5,4,0,5,3,1,2,0,2,-1,0,2,0,1,2,5,2,0,-1,0,0,-1,4,1,4,-1,3,5,3,4,1,0,1,3,3,-1
4726.44616032,-1,1,2,-1,0,-1,0,5,2,3,0,3,1,5,2,0,-1,1,0,0,3,1,2,5,4,3,4,5,1,2,1,5,5,0,1,4,1,3,4,2,2,5,-1,1,0,2,4,1,0,1,-1,3,5,4,-1,4,4,2,-1,5,2,3,-1,1,-1,5,0,4,5,4,3,3,3,3,2,-1,-1,3,4,2,1,4,2,1,0,0,5,0,3,3
4465.347514,-1,0,-1,5,2,3,0,-1,2,-1,1,2,-1,4,1,0,4,1,4,2,2,3,2,0,0,4,3,2,4,4,0,4,-1,-1,5,-1,-1,1,3,1,3,3,2,1,0,-1,5,0,5,-1,-1,5,2,4,3,1,5,3,-1,5,-1,0,0,3,1,2,0,-1,2,4,4,3,5,3,0,4,1,2,5,0,-1,1,2,5,3,5,3,0,5,-1
4493.48101653,3,1,2,5,-1,-1,0,3,5,2,-1,3,4,1,-1,4,3,-1,4,1,-1,3,3,4,1,5,5,0,2,5,1,2,0,2,5,5,4,0,-1,-1,4,0,5,3,2,2,2,3,3,3,4,1,1,4,1,-1,2,4,4,5,5,0,3,5,0,-1,1,-1,5,1,1,0,-1,4,-1,0,-1,0,0,0,2,5,2,1,1,0,3,3,2,4
4351.57957831,5,5,5,3,2,1,3,-1,-1,4,-1,2,2,-1,4,4,1,5,0,5,-1,1,4,0,2,4,0,1,4,5,3,4,0,4,5,2,1,3,3,-1,1,0,-1,1,1,2,3,0,-1,-1,2,1,4,0,-1,3,0,3,2,-1,2,-1,2,2,0,2,1,3,-1,4,0,4,0,1,0,3,-1,-1,5,-1,-1,3,-1,0,2,5,4,1,-1,-1
4587.25935831,-1,5,4,3,2,2,0,-1,-1,-1,2,4,1,5,-1,5,1,-1,1,3,4,3,4,-1,-1,5,4,-1,5,4,3,5,3,0,-1,-1,3,5,1,0,5,0,1,1,4,2,3,2,0,3,3,3,2,2,1,-1,4,0,2,4,3,4,0,0,-1,2,2,1,3,4,0,3,0,-1,0,1,1,2,2,0,4,2,5,0,1,1,5,-1,5,5
4506.80741247,0,3,5,0,0,5,-1,0,4,3,1,-1,2,2,-1,1,2,-1,1,-1,4,4,1,3,2,2,1,3,3,1,-1,5,-1,4,3,1,4,1,5,3,-1,5,3,2,2,4,3,0,0,-1,4,5,5,2,0,1,3,1,-1,4,2,-1,2,5,0,2,1,4,0,0,5,4,5,2,3,5,-1,5,4,3,1,4,0,1,-1,-1,4,0,3,2
4434.49937525,-1,4,2,1,5,-1,0,2,5,4,5,4,-1,0,2,3,1,-1,3,5,0,-1,2,5,-1,5,4,1,0,4,5,3,5,1,0,4,1,1,4,5,0,-1,1,2,0,0,2,4,3,4,-1,0,0,0,2,-1,1,5,3,5,-1,3,-1,0,4,-1,1,5,-1,3,3,3,3,2,2,4,2,0,5,5,1,3,1,1,3,-1,1,0,-1,2
4529.26485747,4,3,5,4,2,2,1,5,1,1,-1,4,3,0,-1,1,2,2,3,0,4,0,0,4,-1,-1,3,-1,1,-1,1,2,4,3,0,-1,-1,2,2,0,-1,0,1,1,4,0,2,-1,3,3,3,0,1,5,1,4,5,-1,1,5,2,0,3,5,5,-1,3,5,0,5,4,0,3,0,-1,5,4,0,1,3,5,4,3,5,2,1,3,-1,4,5
4230.16130421,-1,1,2,2,0,3,4,5,0,2,3,-1,-1,-1,0,0,0,4,3,3,5,4,0,-1,3,2,-1,0,1,-1,-1,0,1,5,-1,4,1,2,-1,5,5,2,4,1,4,5,0,4,3,2,-1,1,1,4,4,5,1,0,1,5,0,5,5,4,3,2,1,2,2,-1,5,1,3,2,4,-1,3,5,-1,3,0,1,-1,3,4,3,5,1,-1,-1
4462.38609268,5,2,5,3,5,1,-1,5,4,3,4,1,4,0,5,4,-1,0,3,3,0,-1,2,0,5,-1,4,5,1,-1,1,1,3,1,4,0,5,5,-1,4,-1,5,5,0,3,1,2,3,4,1,-1,4,2,4,1,-1,2,0,2,0,2,3,0,3,2,0,1,3,0,-1,-1,4,5,2,1,4,3,3,1,4,2,-1,2,0,0,-1,-1,-1,5,1
4602.06646491,5,2,4,1,-1,-1,1,4,5,1,1,3,1,3,4,-1,1,0,2,0,3,3,5,2,0,0,3,5,-1,-1,-1,-1,1,5,4,2,1,1,4,1,5,0,-1,-1,1,4,3,4,3,2,-1,1,2,3,5,3,4,2,0,3,0,1,4,4,5,2,3,2,0,5,4,3,3,0,2,0,2,0,4,2,-1,4,5,3,0,2,1,-1,5,5
4637.10995052,2,0,4,3,2,0,0,4,3,-1,2,1,0,-1,0,3,2,2,2,5,2,4,5,4,3,5,0,4,3,1,2,4,-1,0,5,5,-1,0,4,4,-1,0,-1,3,1,-1,1,3,0,0,3,5,4,0,2,4,4,-1,1,5,1,5,4,2,3,5,5,5,2,3,5,-1,1,1,0,4,-1,1,3,0,4,1,-1,-1,1,5,1,3,2,-1
4117.38050896,2,5,-1,2,3,-1,3,1,5,-1,-1,1,-1,5,-1,5,4,0,1,3,3,0,1,0,1,2,1,1,2,4,4,-1,4,-1,2,2,3,3,2,3,-1,-1,-1,4,-1,4,1,5,5,1,2,4,0,0,3,5,0,0,3,2,2,0,0,5,-1,5,1,-1,4,4,5,0,4,4,2,3,-1,1,-1,2,-1,-1,-1,-1,4,5,0,0,3,3
4545.79945984,2,0,-1,-1,5,-1,0,5,2,0,1,3,2,1,3,1,-1,-1,0,1,5,4,-1,3,0,4,1,3,-1,2,-1,5,5,0,-1,5,0,4,0,-1,5,1,2,-1,5,4,2,1,1,2,3,5,1,3,3,-1,2,4,4,1,0,4,0,2,3,2,0,2,3,0,5,1,2,0,5,2,1,3,-1,3,1,-1,0,4,-1,3,3,1,-1,-1
4622.79641414,3,3,2,2,5,5,2,0,1,-1,3,5,2,-1,0,2,4,4,3,1,-1,4,-1,5,2,5,3,-1,4,4,3,-1,2,3,5,5,3,4,2,1,5,0,0,0,1,0,-1,-1,1,3,-1,1,0,1,-1,4,5,2,3,1,-1,1,2,3,1,-1,1,-1,0,4,0,4,2,1,3,1,-1,4,2,1,4,4,0,3,2,0,1,4,3,0
4503.84599115,1,2,0,3,3,4,0,-1,2,-1,1,3,3,1,2,2,3,5,0,5,5,5,2,0,4,1,2,0,3,0,5,4,5,2,-1,-1,2,5,4,3,4,4,2,-1,-1,1,1,0,-1,4,3,1,4,1,4,-1,-1,2,1,5,3,5,4,0,4,2,0,-1,0,1,3,2,3,2,-1,0,5,0,1,5,-1,3,-1,5,-1,5,3,0,1,3
4592.44184562,3,4,4,2,1,0,5,4,5,3,5,0,4,-1,1,5,3,4,-1,-1,3,4,-1,2,1,-1,1,5,3,0,-1,1,1,1,4,-1,5,1,2,2,0,2,3,0,0,-1,3,0,1,4,4,0,5,2,3,2,1,1,2,0,5,4,5,1,-1,4,4,-1,2,0,4,2,2,1,0,2,-1,4,0,5,5,3,2,5,3,3,5,0,-1,3
4671.90665102,0,0,1,0,-1,-1,1,4,5,0,1,4,2,4,5,2,5,3,-1,3,-1,2,-1,3,1,4,3,1,0,2,0,0,2,-1,4,2,-1,3,4,4,0,2,4,1,1,2,3,4,-1,5,1,3,1,-1,-1,0,-1,2,-1,2,1,0,2,4,5,2,2,2,1,0,1,-1,0,5,-1,0,5,4,-1,4,4,5,1,3,-1,-1,5,3,3,5
4635.87602497,2,0,1,1,0,5,5,3,-1,-1,0,-1,4,5,3,0,1,4,5,4,4,5,3,4,-1,1,0,4,0,-1,-1,3,5,-1,0,4,3,-1,1,3,1,-1,5,2,5,0,4,1,0,4,2,5,4,3,0,2,2,0,2,0,3,3,0,-1,1,4,2,5,2,3,2,2,1,0,2,2,-1,1,3,1,3,4,2,-1,5,1,4,1,-1,3
4677.08913833,3,0,-1,4,4,2,1,3,4,0,2,1,1,4,1,-1,5,-1,3,4,1,4,-1,0,3,3,5,2,5,4,2,4,4,3,-1,1,4,1,3,5,3,2,1,5,2,1,2,0,0,4,1,5,5,3,3,5,5,3,-1,0,5,-1,1,1,2,5,2,-1,0,5,-1,3,3,2,-1,0,-1,0,0,0,5,0,4,4,0,2,-1,5,2,1
4574.42653259,5,4,2,0,3,3,2,4,4,2,1,0,-1,0,0,1,1,3,2,0,4,-1,-1,1,5,2,1,0,0,4,1,1,-1,1,5,1,2,1,4,2,2,5,4,1,1,2,5,5,3,3,0,3,-1,0,2,5,-1,3,1,3,-1,2,-1,-1,2,-1,1,-1,3,5,0,-1,3,5,4,4,-1,2,4,2,3,0,4,4,0,5,4,-1,3,-1
4466.58143955,3,1,0,-1,4,2,4,5,5,3,4,4,-1,1,-1,0,1,-1,-1,-1,2,2,-1,3,0,2,0,1,2,-1,4,3,2,-1,0,5,5,0,3,1,4,3,5,1,-1,4,2,0,-1,1,2,3,-1,0,3,3,5,3,2,5,2,1,0,2,0,1,1,0,2,5,5,3,4,1,-1,0,5,3,3,5,-1,5,4,-1,0,4,2,5,1,-1
4340.47424836,3,0,-1,2,3,0,-1,3,0,1,1,3,1,3,3,1,4,5,2,0,4,-1,-1,1,5,-1,3,3,-1,-1,5,2,5,2,1,-1,0,4,4,-1,-1,1,4,-1,2,2,0,1,5,-1,5,5,0,2,2,4,4,2,5,2,-1,3,-1,0,4,2,4,0,1,3,-1,5,1,-1,2,2,5,3,4,4,1,-1,-1,1,0,0,3,0,0,1
4476.69962905,1,3,2,3,2,-1,4,-1,3,-1,2,0,5,4,-1,0,4,5,3,0,1,3,0,5,1,3,2,-1,5,1,0,-1,-1,0,1,-1,4,3,0,-1,5,0,1,3,0,5,0,1,0,1,0,3,-1,5,4,3,2,-1,-1,2,-1,3,4,3,-1,2,2,5,2,-1,4,4,2,2,4,1,2,3,2,5,4,5,-1,4,4,4,3,-1,2,3
4678.32306388,5,4,1,4,3,5,0,0,-1,0,2,1,5,-1,3,1,0,2,-1,3,5,1,3,4,5,2,3,2,5,0,4,4,2,5,0,1,4,3,0,4,-1,1,-1,4,1,5,2,3,-1,5,2,4,4,4,2,2,1,5,-1,4,-1,1,4,4,0,4,2,0,3,2,1,3,1,2,-1,3,3,1,2,0,3,5,0,1,5,-1,0,1,-1,-1
4484.10318235,5,4,0,4,2,4,2,2,-1,2,3,2,3,0,4,-1,0,-1,2,0,-1,-1,-1,3,3,4,3,3,4,1,3,5,1,0,4,0,2,1,0,2,3,-1,-1,-1,5,0,5,5,1,5,-1,0,-1,4,0,2,1,2,5,3,1,1,-1,3,-1,3,2,4,-1,3,5,5,4,0,-1,1,1,2,0,-1,-1,1,3,4,4,1,3,2,5,4
4377.73879996,-1,4,-1,2,5,2,5,1,4,1,0,-1,2,0,3,3,1,-1,2,3,1,2,5,2,0,0,5,-1,-1,5,0,0,4,0,0,0,5,-1,2,-1,1,4,4,2,1,2,5,2,3,2,-1,2,4,4,1,3,4,4,-1,-1,0,2,0,5,-1,4,3,5,4,3,1,5,3,5,4,1,3,3,-1,4,-1,0,-1,2,3,-1,5,3,-1,-1
4604.04074579,1,4,4,-1,-1,-1,0,3,3,-1,2,4,0,-1,1,-1,2,2,4,4,1,3,1,1,1,3,2,5,-1,4,4,2,3,0,4,-1,3,-1,-1,2,-1,5,5,0,2,2,5,1,5,1,3,1,-1,0,0,2,0,-1,0,0,3,-1,3,4,4,2,3,-1,5,0,2,3,0,1,0,1,2,4,2,3,3,1,2,5,4,-1,5,0,4,5
4690.41553427,4,3,5,1,0,4,3,5,1,1,4,1,1,4,3,2,1,1,-1,4,1,3,0,2,2,2,5,0,0,1,5,0,-1,-1,0,4,4,0,5,-1,-1,4,-1,5,3,4,-1,5,0,3,4,3,3,0,1,3,-1,5,3,-1,0,0,-1,3,-1,3,5,-1,-1,3,5,2,5,-1,2,2,4,4,0,1,2,-1,0,2,2,4,0,3,2,1
4769.38676945,5,0,1,1,3,5,5,0,0,4,1,-1,0,3,3,1,4,2,-1,2,3,5,2,3,1,4,4,1,0,2,2,-1,-1,3,-1,-1,1,3,3,2,4,5,4,5,1,-1,3,1,-1,0,2,-1,4,2,0,4,5,-1,0,-1,3,-1,3,-1,-1,0,5,1,2,2,5,3,0,5,4,4,0,5,0,2,0,0,1,1,4,4,2,2,1,-1
4576.64759858,1,0,5,-1,2,-1,-1,0,-1,4,-1,5,3,-1,-1,5,5,1,-1,3,-1,2,3,5,3,-1,1,0,4,3,4,2,4,0,1,5,2,3,2,2,0,2,5,4,3,5,4,5,5,1,2,1,2,3,4,2,-1,1,4,4,3,2,4,-1,0,2,-1,1,5,3,0,4,0,3,-1,1,0,0,0,0,0,3,1,4,2,-1,-1,4,1,1
4573.68617726,2,1,1,0,2,3,1,0,2,-1,1,4,3,5,-1,0,0,4,4,4,2,1,1,5,2,1,2,5,0,5,1,3,5,0,3,5,3,1,-1,3,2,0,-1,2,0,5,4,1,3,3,4,-1,5,-1,4,3,2,-1,-1,5,1,1,0,3,5,2,-1,-1,0,2,2,4,4,-1,0,2,-1,-1,4,4,3,3,1,4,-1,-1,4,1,0,-1
4663.02238707,1,3,4,5,3,3,0,-1,0,-1,-1,-1,2,-1,3,0,-1,0,4,1,2,2,1,1,2,3,0,3,5,2,3,3,5,5,4,3,-1,4,0,5,0,-1,-1,-1,1,1,5,4,3,0,1,-1,-1,2,0,3,0,1,5,0,1,1,2,4,-1,-1,4,1,5,-1,2,0,1,2,2,4,5,4,4,2,2,5,3,4,4,0,5,2,3,-1
4460.16502669,1,2,3,-1,5,2,3,4,5,-1,2,1,3,2,2,5,4,3,5,0,0,4,1,0,0,-1,0,3,-1,5,-1,-1,0,0,5,2,-1,4,4,4,-1,2,1,2,4,-1,2,2,3,1,-1,1,5,3,3,4,1,1,-1,0,0,1,3,1,-1,-1,0,-1,3,4,1,-1,1,-1,0,-1,4,4,3,0,4,2,5,3,3,2,1,4,0,2
4427.83617728,3,-1,3,0,-1,1,4,5,4,-1,0,0,2,3,5,-1,4,1,4,1,5,1,0,1,5,4,0,3,1,4,4,5,-1,0,1,1,2,0,3,3,2,4,2,4,2,2,2,5,2,-1,1,0,-1,2,5,-1,0,3,3,-1,3,-1,0,0,3,-1,5,4,2,-1,0,-1,5,-1,-1,4,5,3,3,1,4,1,2,-1,2,2,-1,4,1,-1
4638.09709096,5,2,3,-1,1,1,3,3,1,2,1,-1,4,1,2,-1,4,0,3,2,-1,-1,5,2,3,5,0,0,1,4,1,1,-1,4,0,2,2,2,-1,5,-1,3,5,2,0,5,5,0,4,1,2,5,0,4,0,3,5,4,2,-1,-1,1,1,2,5,3,2,-1,0,4,-1,4,1,5,4,5,0,-1,2,-1,4,1,3,4,-1,4,0,3,3,1
4553.69658336,2,2,5,-1,-1,1,0,2,3,1,1,1,2,2,2,5,0,1,-1,3,-1,5,-1,4,2,3,2,1,1,5,0,4,4,0,1,4,3,3,0,1,5,0,-1,5,3,0,0,3,3,2,3,1,5,1,5,0,0,2,-1,0,4,4,3,2,2,-1,3,5,5,3,3,5,-1,0,4,-1,-1,2,4,0,1,4,5,-1,1,3,4,-1,-1,-1
4488.54531433,1,3,0,5,4,1,-1,0,0,-1,-1,4,0,-1,4,3,-1,3,0,1,2,1,0,2,3,3,3,2,4,5,5,-1,-1,0,-1,1,0,3,0,0,-1,5,2,1,2,0,2,4,4,-1,1,-1,1,1,3,-1,-1,3,-1,2,2,1,4,3,-1,1,0,4,4,5,1,5,2,-1,0,1,4,3,2,5,3,-1,2,0,2,4,4,2,-1,4
4616.38000129,4,5,2,3,1,0,-1,-1,3,-1,0,4,-1,3,2,4,4,3,1,4,-1,4,2,-1,5,-1,3,4,1,5,3,0,1,4,-1,2,2,5,4,4,0,5,5,1,-1,0,0,0,3,0,2,0,-1,-1,4,5,1,4,1,3,3,2,5,0,1,1,3,1,5,1,2,0,2,5,1,5,-1,-1,3,0,2,-1,1,4,3,2,2,3,2,0
4586.02543276,-1,4,2,3,-1,3,3,3,-1,1,1,1,2,4,1,3,5,-1,0,-1,5,3,2,2,-1,4,5,4,1,0,-1,1,-1,5,5,0,0,0,3,2,5,4,5,3,2,3,1,5,4,0,2,2,-1,5,0,2,1,4,2,0,4,1,1,5,2,-1,2,2,4,0,-1,4,3,-1,0,4,0,1,3,5,-1,2,3,1,-1,4,-1,3,1,0
4674.86807234,0,1,3,0,1,1,2,-1,2,4,2,3,3,-1,-1,5,-1,2,3,0,1,4,4,-1,4,0,5,3,4,2,-1,2,3,3,3,-1,4,4,3,1,2,3,1,0,5,2,-1,1,2,1,-1,0,0,3,1,4,-1,-1,2,-1,0,2,1,4,5,0,1,5,0,4,5,0,3,3,1,4,2,4,-1,1,3,5,4,5,0,5,-1,2,0,-1
4602.06646491,5,1,0,0,1,-1,0,4,4,0,1,4,2,2,5,-1,-1,-1,2,-1,4,0,3,1,5,0,3,4,1,2,4,-1,0,4,1,-1,5,2,-1,1,0,4,5,3,2,0,2,1,3,-1,5,2,5,0,-1,-1,5,5,3,1,2,2,5,-1,4,2,-1,4,1,5,3,0,0,3,2,-1,1,2,1,4,3,0,1,3,2,3,3,-1,3,-1
4687.45411295,1,1,2,4,1,3,2,2,2,4,5,-1,0,1,4,2,2,-1,3,3,-1,4,-1,2,2,2,2,5,1,4,3,-1,-1,0,0,-1,5,5,4,2,5,1,-1,5,2,1,3,5,4,1,4,4,4,5,3,3,5,3,1,1,-1,3,5,-1,4,-1,2,0,-1,5,-1,4,1,3,0,3,0,3,4,1,0,3,0,1,1,0,0,0,0,2
4554.43693869,4,-1,2,4,3,2,0,-1,3,3,2,0,2,4,1,2,0,-1,-1,3,5,2,3,0,-1,5,1,4,4,2,1,5,0,3,0,3,2,5,5,4,-1,1,1,1,2,3,-1,-1,1,2,-1,2,5,3,0,5,4,-1,3,1,0,1,-1,0,2,0,3,5,4,-1,3,0,5,1,5,5,4,3,-1,-1,3,5,4,1,2,0,1,5,4,4
4413.52264091,3,3,4,5,-1,2,1,2,-1,5,5,-1,2,0,-1,0,2,3,3,4,3,2,-1,-1,0,0,4,3,0,0,5,-1,1,5,1,3,1,4,2,-1,1,1,2,-1,3,5,0,5,2,5,0,-1,0,0,1,-1,0,4,2,3,4,5,4,2,5,2,4,5,4,4,4,4,-1,4,1,-1,-1,2,0,1,-1,2,1,3,3,1,1,3,5,4
4319.2507289,1,-1,3,-1,1,3,2,3,0,5,2,-1,-1,5,-1,1,4,0,4,4,5,0,-1,0,2,1,0,2,0,1,-1,2,-1,4,5,2,3,3,4,5,5,4,1,4,2,0,4,-1,-1,4,3,2,1,3,0,-1,5,3,0,2,-1,2,-1,1,-1,2,1,-1,2,-1,3,0,0,2,0,-1,-1,4,5,4,-1,0,3,4,4,1,1,5,2,-1
4641.5520825,5,2,3,2,-1,0,2,2,2,2,3,0,0,4,4,4,5,3,5,1,3,-1,-1,3,5,3,2,0,2,4,0,3,-1,1,1,4,0,-1,0,3,2,5,0,3,5,-1,-1,5,5,1,4,-1,5,3,0,-1,3,-1,-1,1,5,-1,-1,3,2,1,4,1,1,0,5,1,1,1,4,1,2,1,-1,0,4,2,5,3,4,-1,2,1,4,0
4338.49996748,4,4,5,3,5,5,5,2,4,-1,2,-1,-1,1,1,0,5,3,5,-1,5,-1,4,5,3,2,3,2,1,3,1,-1,5,0,4,2,1,3,5,-1,-1,1,1,4,5,0,-1,0,-1,-1,2,-1,5,-1,-1,0,4,4,3,0,3,1,3,0,0,0,-1,1,4,3,1,3,3,4,0,2,-1,4,1,3,4,1,2,3,5,4,0,-1,-1,2
4555.91764935,-1,3,4,-1,0,5,3,0,3,2,1,5,-1,0,0,-1,3,4,-1,4,-1,-1,4,1,4,0,-1,2,1,2,3,1,1,5,4,-1,5,2,0,4,-1,4,3,2,1,3,3,5,3,0,0,-1,3,1,0,-1,5,2,2,2,4,4,5,-1,4,1,5,3,-1,-1,0,0,2,1,2,4,2,2,3,1,2,5,5,0,1,1,-1,2,-1,3
4601.57289469,3,1,-1,1,2,0,-1,5,2,4,1,4,4,-1,4,5,2,5,0,4,5,-1,1,-1,-1,4,-1,0,1,1,0,0,0,-1,3,5,4,5,-1,2,3,3,1,1,-1,1,0,5,4,5,4,2,0,-1,3,3,0,1,3,3,-1,3,-1,5,5,3,3,0,-1,2,-1,1,4,4,5,2,3,2,1,4,3,5,1,0,4,0,1,2,2,2
4505.82027203,-1,-1,0,5,2,-1,-1,4,3,2,1,1,3,2,4,3,4,4,3,0,-1,3,5,2,0,4,0,3,3,-1,5,5,2,5,-1,1,-1,2,1,3,-1,1,2,4,1,5,1,3,2,1,-1,0,3,4,0,1,0,-1,5,-1,1,0,4,5,-1,3,1,1,5,4,4,1,5,-1,2,3,3,0,0,4,2,0,-1,-1,4,0,5,0,5,3
4535.18770011,2,1,-1,0,4,-1,3,-1,0,3,0,-1,4,5,2,3,5,1,4,0,-1,-1,4,2,4,5,5,0,-1,5,2,2,1,-1,1,0,1,2,-1,4,-1,0,3,-1,5,1,5,-1,2,0,0,4,2,4,2,3,-1,3,4,2,3,-1,0,1,2,4,5,1,5,0,2,5,-1,4,2,-1,4,3,0,3,1,4,-1,0,-1,1,3,3,4,0
4648.70885069,0,0,5,5,-1,3,-1,5,3,-1,0,2,3,2,0,0,5,2,3,5,3,5,-1,5,1,4,2,4,0,0,-1,5,-1,0,3,4,1,4,4,5,2,1,2,1,0,5,2,1,2,1,3,4,-1,2,-1,-1,1,1,0,0,-1,2,5,1,5,4,2,0,4,4,4,4,1,1,3,4,3,3,4,3,1,2,-1,4,3,1,0,3,-1,2
4359.97027205,-1,2,1,0,3,4,-1,1,1,0,4,4,-1,5,1,1,2,5,-1,0,2,3,1,3,3,-1,-1,0,3,-1,3,0,5,2,2,4,4,5,3,-1,2,2,0,0,3,4,1,-1,3,5,-1,4,2,1,3,2,5,-1,-1,1,3,0,4,0,1,-1,0,5,2,5,1,4,1,4,4,0,5,1,5,-1,-1,2,4,-1,0,1,3,3,2,5
4401.67695563,0,3,3,2,2,-1,1,3,3,4,-1,-1,0,0,4,0,1,4,5,1,1,2,0,5,-1,-1,3,4,0,1,1,5,4,-1,4,-1,3,2,0,-1,3,-1,4,0,0,2,2,2,1,2,0,-1,-1,3,5,-1,1,3,3,3,4,3,4,-1,5,5,-1,0,2,-1,3,5,1,5,0,-1,2,3,4,2,5,4,4,1,-1,2,5,-1,5,2
4635.62923986,-1,2,-1,-1,2,5,0,1,3,5,1,-1,3,4,-1,2,4,-1,3,2,3,0,2,3,1,4,-1,1,3,1,-1,5,3,0,1,2,4,1,2,3,2,-1,1,5,5,3,1,4,5,3,-1,3,4,3,2,0,0,1,4,4,0,0,2,5,5,1,3,4,5,-1,2,0,0,-1,4,4,0,0,0,3,-1,1,3,1,0,5,-1,2,4,2
4374.28380842,0,2,4,4,3,3,4,0,0,1,4,0,0,3,3,1,0,2,4,3,-1,1,2,-1,-1,1,-1,0,4,-1,2,-1,-1,1,-1,0,0,1,5,-1,1,5,2,0,1,2,5,1,1,-1,-1,4,3,2,2,5,4,5,3,0,5,0,-1,3,-1,4,-1,4,1,3,3,5,-1,3,2,2,2,-1,-1,-1,2,-1,3,1,4,4,3,4,5,1
4789.12957825,0,-1,4,2,0,1,2,-1,4,0,3,0,2,-1,5,-1,1,5,0,4,5,2,-1,2,3,3,4,1,4,4,-1,5,5,-1,3,2,0,2,0,0,0,-1,1,3,0,5,4,4,4,4,5,3,4,-1,1,5,5,1,1,-1,3,3,1,2,3,0,2,2,2,5,3,3,4,4,3,1,2,1,3,0,5,-1,1,1,0,1,3,5,4,2
4475.4657035,-1,4,-1,0,-1,-1,0,-1,-1,0,4,-1,-1,0,3,2,1,5,1,1,5,4,4,5,2,-1,2,3,1,0,5,-1,4,-1,2,1,2,4,5,5,5,0,3,3,1,-1,1,5,1,3,4,4,2,4,3,3,-1,-1,4,2,2,1,4,3,-1,1,3,3,5,-1,1,0,3,4,-1,1,0,-1,2,2,3,4,4,0,5,0,0,1,2,2
4422.90047508,1,-1,1,2,3,1,0,5,2,-1,5,2,2,2,4,1,5,3,-1,1,-1,0,1,5,-1,0,4,-1,-1,3,-1,5,4,-1,0,0,0,-1,4,4,0,4,-1,2,3,-1,2,5,2,0,2,1,0,4,3,4,-1,1,-1,4,5,3,3,2,0,0,4,2,3,-1,4,2,4,5,5,5,1,1,3,0,-1,0,2,3,1,3,4,3,5,3
4616.87357151,4,0,1,-1,3,4,-1,0,-1,5,2,5,2,4,3,1,2,2,4,0,3,5,3,4,3,-1,-1,1,3,5,3,2,1,-1,4,5,0,1,0,2,4,1,3,2,1,2,3,0,0,1,1,1,0,3,1,4,4,-1,0,-1,5,5,2,1,-1,0,3,-1,-1,2,2,2,3,5,5,4,-1,4,4,0,-1,2,3,-1,-1,2,0,5,0,-1
4571.95868149,0,4,1,3,3,1,5,1,-1,-1,1,5,5,-1,5,2,0,1,0,0,1,-1,0,5,2,-1,1,-1,4,0,3,2,4,-1,-1,-1,2,1,3,3,3,1,3,2,2,-1,3,4,3,4,4,4,5,2,5,1,5,-1,-1,-1,2,5,4,4,3,2,3,0,0,0,3,5,4,4,1,0,4,0,2,2,4,4,3,1,5,0,2,-1,5,2
4636.6163803,4,-1,2,3,5,-1,3,2,0,5,2,1,4,2,1,4,5,1,-1,0,2,5,1,0,3,5,0,0,0,0,3,2,-1,3,-1,-1,-1,4,3,4,4,-1,0,2,-1,0,4,-1,3,-1,0,0,3,4,-1,2,4,2,0,3,4,4,5,0,-1,4,4,2,-1,3,4,2,0,1,1,-1,-1,1,3,2,0,1,1,3,1,2,1,1,3,-1
4634.88888453,1,1,2,-1,5,-1,1,5,2,5,2,5,4,2,2,3,5,2,1,3,5,5,0,0,0,1,4,0,0,-1,-1,2,-1,-1,0,4,3,0,3,1,3,0,3,2,2,3,-1,-1,2,4,5,5,4,-1,-1,1,-1,3,2,3,3,3,-1,5,1,4,-1,4,4,1,2,0,2,0,-1,4,3,2,-1,1,3,4,1,0,-1,0,2,0,1,1
4519.64023818,5,5,-1,1,0,3,-1,2,2,2,1,4,3,0,5,-1,1,4,5,4,-1,4,4,1,-1,5,-1,3,1,0,4,2,-1,0,3,2,2,0,3,3,5,0,1,3,2,1,2,2,2,-1,5,0,-1,5,2,4,-1,-1,1,1,-1,4,1,3,5,0,4,-1,4,2,5,1,0,1,0,4,3,1,1,4,5,3,-1,5,3,3,1,2,3,-1
4369.59489133,2,5,2,-1,0,1,2,5,1,5,-1,3,-1,1,-1,5,-1,1,0,1,0,1,2,3,5,4,1,-1,3,1,5,4,1,0,4,0,-1,2,0,5,3,3,-1,1,0,3,-1,-1,0,-1,4,0,2,5,2,3,0,0,-1,1,4,4,3,3,2,5,5,3,4,2,5,2,3,3,-1,4,-1,-1,2,1,2,5,3,4,-1,-1,-1,-1,1,4
4389.58448524,-1,0,1,3,4,2,3,0,1,3,-1,1,2,0,4,2,5,1,2,-1,3,2,3,0,3,1,-1,5,2,2,-1,-1,5,2,-1,4,0,-1,5,1,0,0,-1,5,1,2,5,-1,4,4,-1,5,0,4,5,1,-1,4,4,3,-1,0,1,4,2,5,4,5,3,0,3,2,3,2,0,5,5,3,-1,5,-1,3,0,4,1,4,0,2,1,2
4352.31993364,1,4,-1,5,-1,2,2,4,4,4,1,2,1,1,0,4,3,5,3,4,3,0,0,0,-1,1,3,2,-1,-1,-1,2,5,-1,1,3,5,2,1,3,3,1,0,4,2,4,0,5,5,4,-1,3,-1,-1,-1,2,5,2,-1,4,1,-1,2,-1,3,3,0,4,5,0,-1,-1,4,4,0,2,1,2,-1,5,4,5,1,-1,0,2,1,5,0,3
4539.8766172,1,5,-1,-1,-1,5,4,3,-1,-1,4,0,-1,3,-1,-1,0,0,2,2,-1,3,-1,0,5,4,1,3,2,0,5,0,-1,-1,5,2,2,4,-1,4,3,2,3,4,1,1,4,1,3,3,3,3,3,4,1,2,1,0,1,0,0,4,0,0,1,5,2,2,2,1,2,3,-1,3,4,1,4,0,1,5,5,0,4,-1,5,4,4,2,-1,1
4296.54649879,1,0,0,-1,-1,1,2,5,5,4,5,4,0,1,3,2,-1,4,1,3,0,5,-1,-1,-1,-1,1,2,4,3,5,-1,-1,-1,1,0,5,2,3,-1,0,2,5,0,-1,-1,0,-1,3,-1,4,3,0,2,5,2,2,3,-1,5,1,-1,1,4,2,2,3,4,5,1,-1,4,3,3,1,0,-1,5,5,2,3,1,3,1,4,3,4,-1,2,2
4486.81781856,5,5,2,5,3,5,2,4,4,3,2,-1,5,3,3,4,4,4,4,4,4,4,3,3,-1,5,1,2,0,0,-1,0,0,1,3,0,2,0,1,3,2,2,-1,2,-1,-1,5,3,5,-1,5,-1,2,-1,2,0,-1,4,0,2,1,-1,3,3,1,1,1,2,4,1,4,5,-1,0,5,5,1,2,-1,2,4,3,1,0,5,0,-1,1,0,3
4459.67145647,2,1,-1,5,3,5,5,0,0,4,1,-1,2,-1,0,2,-1,2,5,0,5,5,2,1,3,-1,4,2,1,-1,5,3,4,-1,0,3,0,0,-1,-1,2,0,0,1,4,1,4,-1,0,1,4,0,1,4,2,-1,1,3,3,0,5,5,4,-1,4,-1,-1,4,2,3,-1,5,4,4,3,-1,3,0,4,3,2,2,1,1,2,5,1,0,1,3
4448.81291163,2,4,1,5,3,1,-1,4,-1,4,4,-1,0,2,0,-1,4,-1,0,4,1,-1,3,-1,5,4,5,1,2,1,5,5,0,-1,-1,5,0,2,4,0,1,3,2,5,-1,-1,-1,-1,2,4,0,3,4,1,0,2,2,5,-1,-1,1,0,0,1,-1,2,1,2,0,5,3,-1,2,3,2,3,1,0,0,1,-1,4,3,-1,3,1,5,5,-1,4
4445.85149031,-1,1,4,0,-1,4,5,2,0,-1,3,4,3,0,-1,-1,3,3,3,1,0,1,5,4,1,1,4,5,1,-1,-1,1,0,4,1,2,1,0,-1,4,1,5,5,2,4,2,2,0,5,5,1,0,2,1,-1,5,1,2,5,2,3,-1,0,-1,2,-1,3,5,3,5,4,2,3,5,0,4,3,-1,5,4,0,4,0,1,3,3,-1,3,4,0
4585.53186254,2,-1,2,2,2,4,2,4,3,0,2,4,3,-1,0,4,3,-1,4,1,-1,3,3,1,3,0,1,3,0,-1,4,4,5,5,2,1,0,-1,3,-1,3,-1,-1,0,-1,0,1,-1,3,2,4,1,5,3,2,5,3,1,0,5,1,2,3,1,5,5,2,4,5,-1,-1,5,0,1,1,0,0,3,4,0,5,1,0,4,0,-1,4,1,-1,2
4278.28440065,2,-1,5,2,3,2,2,4,5,1,-1,3,4,1,5,0,1,2,0,4,-1,3,0,1,0,2,5,-1,5,3,2,3,0,-1,3,3,5,0,-1,1,-1,1,1,3,4,5,-1,3,5,4,5,4,-1,5,5,1,1,0,5,4,4,-1,4,-1,1,3,1,4,0,0,4,2,2,0,-1,-1,2,2,2,5,-1,-1,4,5,1,3,2,4,4,5
4734.34328384,3,5,2,1,0,5,4,3,-1,-1,-1,1,2,1,3,5,2,4,5,5,5,1,-1,4,0,1,0,1,0,3,5,3,1,5,4,2,2,-1,-1,1,3,2,4,1,0,2,4,2,2,1,-1,3,0,-1,1,4,0,-1,1,5,3,-1,3,1,4,4,-1,0,5,3,5,4,0,-1,5,0,-1,1,2,2,4,4,3,2,5,0,0,-1,0,2
4632.17424832,2,0,5,-1,-1,4,4,2,3,4,4,-1,0,2,2,3,-1,2,1,4,1,3,-1,1,-1,4,1,5,0,5,0,0,1,4,-1,5,0,2,5,3,5,5,4,1,5,0,3,-1,2,0,2,-1,3,3,-1,2,-1,3,3,1,0,5,3,3,0,0,1,2,-1,5,2,0,1,5,4,1,-1,4,4,-1,1,0,2,3,1,3,5,-1,0,3
4489.28566966,4,0,1,4,0,5,2,-1,5,1,-1,3,1,2,1,4,5,2,2,2,4,1,0,3,5,5,-1,3,2,-1,2,3,4,4,1,-1,3,5,-1,4,-1,3,-1,3,3,1,-1,-1,5,0,-1,0,-1,2,2,0,3,5,-1,3,-1,-1,3,1,5,4,0,1,0,0,-1,0,2,4,3,2,1,4,5,1,-1,4,4,4,3,1,2,-1,0,0
4541.60411297,4,4,3,5,1,1,1,0,1,2,3,3,5,1,-1,-1,0,-1,1,-1,0,0,4,2,3,1,4,2,0,4,4,4,3,5,4,1,1,-1,-1,5,1,2,2,0,5,1,2,5,-1,4,0,3,3,0,2,1,4,2,-1,3,2,2,3,5,0,4,0,3,5,3,0,-1,3,-1,1,5,0,0,-1,0,-1,4,2,-1,5,-1,3,2,5,-1
4632.17424832,2,-1,3,0,1,-1,4,4,0,1,0,4,2,0,0,0,4,2,5,0,4,0,5,0,2,-1,3,1,2,5,-1,5,2,1,-1,3,1,1,3,5,3,5,5,0,1,2,5,3,4,4,-1,0,5,3,0,3,4,1,2,4,5,-1,1,0,5,2,4,1,5,-1,0,2,4,2,3,3,3,2,4,4,-1,3,1,4,-1,-1,1,-1,2,-1
4501.37814005,-1,-1,-1,-1,2,5,3,3,4,5,-1,4,3,5,4,3,-1,5,-1,1,2,3,0,4,3,3,1,0,1,1,2,1,2,5,4,0,2,0,2,3,3,2,0,1,1,4,1,0,3,3,3,4,4,4,-1,2,0,2,3,4,-1,-1,4,1,4,-1,0,0,1,2,-1,-1,5,1,0,5,-1,5,-1,1,1,2,0,-1,5,5,-1,0,1,4
4498.66350384,4,5,5,3,2,3,-1,-1,3,4,-1,2,1,5,-1,3,0,4,4,5,-1,3,2,3,0,2,1,0,1,1,3,5,3,-1,5,1,4,0,-1,0,-1,5,4,2,0,-1,2,2,1,3,1,0,4,0,0,4,-1,4,2,4,5,2,2,1,0,1,5,5,3,3,5,5,3,-1,0,2,2,-1,0,1,-1,4,-1,4,1,2,4,3,5,-1
4686.46697251,1,3,1,1,5,3,4,5,1,-1,2,0,2,-1,0,4,3,4,1,2,0,0,-1,2,0,3,0,5,3,3,-1,2,5,4,0,4,1,-1,4,1,2,0,2,2,1,3,5,5,3,-1,2,-1,0,3,5,-1,3,5,2,0,0,5,0,4,4,3,3,2,1,5,1,5,3,4,2,-1,1,5,1,3,-1,5,4,-1,3,2,0,1,-1,4
4502.6120656,5,1,0,4,-1,-1,5,4,-1,-1,1,0,-1,-1,2,4,0,-1,3,2,-1,3,3,2,3,-1,0,2,-1,-1,3,3,1,2,1,0,1,-1,0,5,2,-1,3,1,-1,1,-1,5,-1,4,4,0,1,0,-1,4,4,-1,0,2,3,1,0,3,1,1,1,0,2,3,2,2,3,0,2,4,4,5,0,2,1,5,-1,1,4,4,1,-1,3,5
4352.31993364,1,-1,0,1,5,0,4,4,-1,2,0,-1,4,-1,2,-1,5,3,1,2,1,2,5,-1,4,-1,3,-1,2,1,-1,1,0,4,0,0,3,3,-1,5,0,4,5,5,-1,-1,-1,4,1,1,0,3,2,5,-1,1,2,5,-1,1,-1,-1,4,3,3,-1,2,-1,4,1,-1,2,1,-1,1,3,3,2,0,2,2,3,2,0,4,4,3,4,3,0
4259.77551741,2,0,3,5,-1,-1,3,4,4,0,1,2,-1,4,1,1,-1,5,1,5,-1,1,2,-1,1,0,0,4,-1,5,1,5,4,-1,3,4,1,4,5,3,-1,-1,3,5,3,-1,4,0,3,1,4,2,3,2,-1,-1,5,0,5,2,0,5,2,-1,0,-1,5,3,0,2,-1,2,4,5,1,0,2,-1,1,1,5,4,0,-1,0,2,-1,1,3,4
4167.47788628,1,4,1,5,2,2,0,1,3,4,-1,3,4,3,2,5,0,1,4,4,-1,-1,4,5,0,4,1,4,2,0,1,5,4,5,3,0,3,3,2,1,-1,5,-1,4,3,4,5,1,0,-1,1,5,0,3,2,-1,-1,-1,1,-1,2,1,-1,-1,0,-1,3,5,4,2,-1,-1,4,0,2,4,3,5,-1,-1,5,3,2,3,0,5,-1,0,3,5
4458.43753092,5,3,4,1,2,-1,5,5,4,1,4,4,4,0,5,-1,-1,3,0,0,1,1,-1,2,1,3,1,3,0,3,0,-1,5,3,2,-1,1,-1,2,2,-1,0,0,4,5,4,-1,-1,1,3,4,3,3,-1,-1,2,1,2,1,4,5,-1,2,1,-1,0,4,4,0,4,5,1,-1,2,2,1,3,4,5,0,5,4,5,0,3,3,4,-1,0,-1
4451.03397762,1,1,4,-1,4,-1,4,2,0,1,1,5,4,3,1,5,4,4,0,-1,0,3,3,4,2,3,2,4,1,-1,3,2,0,5,-1,3,0,2,-1,3,0,-1,0,0,1,1,0,-1,3,2,0,-1,3,5,5,5,2,-1,2,5,3,2,-1,4,1,-1,5,3,1,2,5,3,3,2,0,0,1,4,5,-1,5,4,1,5,-1,-1,-1,4,2,4
4660.06096575,2,0,3,4,1,4,2,3,4,-1,4,-1,3,5,2,4,4,1,3,0,-1,3,2,2,5,1,3,5,1,0,-1,1,0,0,0,4,1,1,1,5,5,-1,2,5,5,2,2,2,3,3,3,5,1,3,-1,0,0,4,2,4,0,5,5,5,3,5,4,-1,0,-1,2,1,3,-1,0,-1,4,2,1,1,3,1,4,3,5,0,3,4,1,5
4429.81045816,-1,0,2,2,1,2,2,4,4,5,5,-1,0,2,-1,1,4,5,-1,-1,4,3,0,3,2,1,4,2,5,0,3,-1,2,5,5,2,3,5,3,3,5,0,1,1,-1,-1,3,4,5,-1,-1,4,1,4,-1,1,-1,3,0,3,5,5,1,1,0,0,4,0,0,4,3,-1,2,0,-1,3,4,3,5,0,-1,1,1,3,2,2,5,-1,3,1
4438.44793701,0,3,1,-1,-1,-1,4,3,3,-1,2,3,-1,4,2,0,4,5,1,0,3,4,-1,-1,-1,-1,-1,4,2,1,5,5,1,5,4,4,0,2,4,4,0,-1,-1,0,4,1,3,3,-1,0,1,0,3,0,5,5,3,2,0,5,-1,1,2,0,2,5,3,2,1,4,4,-1,3,1,2,0,-1,5,2,2,1,1,3,2,1,4,2,1,5,4
4595.89683716,-1,4,-1,4,2,0,1,4,5,4,0,5,2,0,5,-1,2,3,1,2,0,3,-1,-1,1,2,3,2,-1,1,1,3,5,5,4,0,1,2,3,1,5,1,2,1,0,-1,1,1,3,2,3,-1,-1,-1,1,-1,-1,-1,2,-1,0,0,2,2,3,4,5,0,5,5,2,3,-1,4,5,-1,3,4,1,2,4,0,0,-1,4,0,4,-1,5,5
4587.50614342,3,3,3,5,4,1,0,5,3,-1,2,5,3,4,3,-1,-1,-1,2,2,2,2,0,-1,1,2,2,3,2,2,4,-1,1,1,0,0,1,1,-1,4,5,1,4,2,5,0,1,3,0,-1,1,3,-1,2,-1,5,0,0,3,4,1,4,-1,3,2,4,5,5,5,-1,3,1,1,0,2,0,4,-1,4,5,5,0,4,2,0,4,4,-1,3,3
4526.05665104,3,-1,2,5,1,4,-1,0,5,0,3,5,-1,-1,1,-1,5,2,1,4,0,-1,2,2,2,3,2,0,5,2,-1,2,3,3,3,3,4,1,-1,0,3,4,4,2,1,1,3,-1,1,0,1,2,0,1,-1,-1,0,4,4,5,2,0,-1,4,-1,1,3,1,-1,4,4,1,5,1,0,-1,-1,4,-1,3,2,0,4,4,5,5,5,0,3,0
4534.44734478,3,2,0,-1,0,0,4,2,2,-1,1,-1,0,0,2,5,2,2,2,3,-1,0,4,1,5,5,0,3,4,1,4,1,5,-1,1,3,3,3,4,4,2,-1,-1,-1,0,1,5,1,0,4,-1,4,1,3,-1,-1,5,4,0,4,5,4,1,-1,0,-1,3,-1,2,1,0,1,4,2,-1,4,1,0,-1,2,2,5,0,3,1,3,2,4,3,5
4739.77255626,3,5,0,2,3,0,-1,2,0,0,4,1,5,0,5,-1,-1,5,5,5,2,-1,4,4,2,1,-1,4,0,4,1,0,3,-1,1,3,3,0,5,0,1,3,2,0,4,3,5,1,-1,3,3,4,0,4,2,5,1,-1,2,1,3,4,5,0,-1,0,3,1,-1,4,4,1,3,-1,4,1,5,4,2,-1,1,3,-1,0,5,5,2,4,2,2
4611.19751398,0,0,-1,2,-1,5,0,0,2,4,3,4,-1,4,2,-1,5,0,5,1,2,4,-1,5,3,0,-1,0,1,4,4,1,3,2,-1,5,3,-1,2,1,5,1,5,0,-1,3,3,4,3,1,0,1,0,1,4,3,1,1,5,0,-1,-1,2,1,2,2,-1,2,0,1,4,-1,3,3,3,2,5,5,3,2,5,3,4,-1,5,1,0,1,4,2
4437.95436679,4,1,-1,1,-1,3,0,1,0,2,3,-1,4,3,3,2,2,-1,1,0,4,-1,3,1,-1,1,5,-1,3,3,-1,-1,4,3,4,0,2,0,5,5,-1,-1,-1,0,4,1,0,2,0,2,5,1,2,3,2,1,0,5,2,-1,1,-1,3,4,-1,1,2,-1,1,3,4,3,5,0,4,0,4,1,3,0,1,2,4,-1,0,5,-1,5,2,4
4607.24895222,4,1,-1,4,1,4,-1,3,4,-1,0,1,5,3,5,3,1,2,5,0,-1,2,0,3,3,-1,3,4,3,1,-1,0,2,-1,2,1,5,0,-1,3,5,-1,-1,3,3,1,5,4,1,3,0,4,3,3,2,2,2,5,1,1,5,0,1,1,0,5,5,2,0,0,1,4,0,5,4,4,2,2,4,4,5,0,0,3,2,-1,-1,5,1,4
4577.38795391,2,0,-1,0,0,2,4,2,0,1,2,0,0,4,1,-1,2,-1,4,3,-1,4,-1,3,3,1,2,-1,2,-1,0,1,3,3,-1,3,2,-1,4,5,3,-1,4,0,0,4,5,5,1,3,1,3,2,5,5,-1,-1,-1,5,1,3,1,1,2,1,0,0,4,-1,5,0,-1,5,4,4,5,0,2,-1,1,5,3,4,-1,3,5,1,1,2,2
4635.13566964,0,2,5,1,-1,3,0,2,4,4,-1,4,5,0,3,-1,2,4,3,5,0,1,-1,-1,3,0,5,2,1,3,3,4,-1,0,-1,3,2,5,1,2,2,0,4,1,0,0,4,2,3,-1,1,5,5,0,0,5,3,1,1,2,5,4,0,-1,5,2,1,-1,1,2,4,-1,1,4,4,1,2,-1,1,-1,0,1,-1,2,3,3,3,-1,4,-1
4550.98194715,4,4,1,5,2,3,2,3,-1,1,-1,-1,3,-1,2,1,4,4,5,3,4,0,0,0,2,-1,0,1,0,2,4,-1,-1,0,0,3,3,-1,3,3,0,2,-1,-1,5,2,2,1,3,-1,0,0,-1,1,4,0,-1,1,4,-1,1,5,4,5,4,0,1,2,4,-1,5,2,2,-1,3,1,-1,-1,3,-1,2,0,2,4,1,3,0,1,3,5
4530.99235324,0,2,-1,3,1,3,4,3,-1,2,5,4,-1,0,2,0,-1,2,1,0,3,-1,5,5,-1,5,4,-1,2,1,4,0,1,1,4,5,1,-1,-1,3,1,1,-1,1,1,0,3,1,0,3,4,5,4,3,2,3,1,-1,4,5,0,5,3,4,0,-1,5,-1,2,0,5,0,2,3,2,4,-1,0,5,2,4,-1,3,3,2,2,1,5,0,2
4530.25199791,3,1,0,4,3,2,-1,-1,3,0,-1,5,5,4,0,5,1,2,2,1,4,-1,4,3,4,1,1,5,4,3,1,3,3,2,2,1,1,-1,2,5,-1,3,5,3,2,0,3,5,0,4,2,4,5,2,2,1,-1,4,0,1,-1,2,0,2,-1,0,3,-1,3,-1,0,5,1,-1,-1,1,4,1,-1,1,0,5,0,3,0,2,5,4,-1,-1
4447.57898608,-1,3,2,2,4,1,-1,5,3,3,4,5,2,0,-1,-1,0,0,2,1,4,2,3,3,2,0,5,5,2,2,4,3,-1,2,3,2,1,-1,3,1,-1,5,-1,5,5,1,5,-1,1,4,4,0,1,4,4,3,-1,-1,4,4,3,2,-1,0,1,4,3,5,3,2,3,4,-1,4,4,1,0,1,1,0,0,5,5,5,0,-1,2,0,1,1
4694.61088114,4,-1,4,3,-1,0,2,-1,3,0,0,5,3,3,5,2,4,-1,3,2,3,0,1,2,5,4,3,1,2,5,4,2,0,1,0,2,5,1,5,4,1,-1,2,1,1,4,5,1,2,-1,-1,5,5,1,-1,2,5,5,-1,0,0,0,4,4,0,2,1,3,3,1,1,0,2,5,2,-1,3,3,3,2,4,1,-1,4,0,1,4,0,3,4
4678.8166341,1,1,1,2,3,3,1,5,3,3,4,5,-1,0,4,-1,2,1,5,2,3,4,4,0,-1,3,-1,3,5,0,1,2,-1,0,0,5,2,4,4,-1,3,1,0,1,3,1,-1,3,-1,0,4,3,2,4,-1,5,1,2,3,2,3,1,0,-1,5,1,-1,-1,4,0,4,0,0,2,2,-1,2,-1,0,2,5,5,5,4,4,2,1,0,4,-1
4641.79886761,0,2,0,3,4,-1,5,1,5,0,1,3,5,2,0,1,3,2,4,-1,4,0,1,-1,4,2,5,1,0,1,3,5,4,-1,5,2,2,5,2,-1,3,4,0,4,5,2,-1,5,1,-1,2,4,3,2,1,4,4,0,0,-1,0,-1,3,3,1,1,0,4,2,2,-1,1,1,3,5,0,-1,1,4,3,2,3,1,3,-1,5,-1,5,0,-1
4525.0695106,-1,-1,3,4,-1,2,0,1,2,3,0,5,2,1,0,4,-1,1,0,4,0,5,-1,4,2,-1,5,3,5,2,5,4,0,-1,-1,-1,2,0,5,5,-1,0,3,2,2,5,5,2,1,3,1,2,5,1,3,4,4,3,3,4,1,3,0,4,4,0,1,-1,3,5,4,3,5,-1,1,2,3,1,1,0,1,0,4,3,-1,0,5,4,-1,5
4448.0725563,5,0,4,-1,5,-1,0,4,5,5,1,1,5,0,-1,0,-1,-1,-1,2,5,3,-1,3,2,0,4,5,3,5,2,-1,4,4,1,2,0,5,0,-1,3,5,4,3,1,2,-1,4,0,0,2,0,3,1,-1,1,2,0,5,2,0,-1,2,-1,-1,-1,2,4,1,4,1,3,0,2,5,2,4,-1,4,-1,3,1,-1,3,1,2,1,-1,3,1
4197.83245481,2,5,1,2,3,1,-1,4,-1,-1,3,4,-1,-1,3,0,0,0,-1,0,1,2,3,5,0,-1,-1,2,4,4,0,3,4,1,-1,5,0,3,3,3,5,1,-1,-1,1,-1,4,1,2,-1,4,2,-1,1,4,4,4,-1,0,5,5,3,-1,0,2,1,3,2,1,-1,5,2,0,3,1,2,-1,-1,-1,5,2,3,-1,2,3,-1,0,2,1,3
4749.89074577,-1,0,1,5,1,5,4,2,3,0,4,3,2,4,5,-1,-1,1,4,0,2,0,4,3,-1,3,0,2,1,2,-1,0,5,5,1,0,4,0,-1,5,1,3,4,3,2,0,-1,1,0,0,2,0,4,2,3,-1,5,3,3,0,1,4,3,-1,-1,4,1,5,-1,2,-1,2,2,-1,5,3,0,3,4,3,4,2,2,2,1,3,-1,5,1,5
4693.37695559,-1,4,3,4,3,3,3,0,3,-1,2,1,5,1,2,3,5,2,2,5,-1,1,5,4,5,3,1,-1,0,-1,4,1,0,1,4,-1,-1,1,1,4,5,-1,-1,3,3,4,2,0,2,0,5,1,-1,0,2,1,0,-1,2,4,1,2,1,0,-1,4,2,3,0,4,2,0,0,3,4,1,2,3,3,2,2,4,-1,0,-1,4,5,3,0,4
4428.57653261,1,2,2,5,3,0,4,0,2,1,4,-1,2,5,1,2,0,0,2,4,0,0,5,5,4,-1,0,4,-1,3,-1,1,3,4,-1,1,3,0,-1,2,-1,3,1,3,-1,1,2,-1,2,2,4,5,4,-1,0,-1,1,3,4,2,1,4,0,4,-1,3,4,1,3,4,4,5,5,3,5,-1,5,1,2,3,-1,2,5,2,1,2,-1,5,3,0
4568.25690484,5,3,0,4,1,5,3,5,2,3,0,1,3,1,0,-1,1,3,1,0,-1,-1,1,4,2,4,0,-1,4,-1,5,5,1,5,4,2,4,1,1,-1,5,-1,4,3,3,-1,2,-1,2,0,0,0,-1,0,4,5,5,4,2,4,1,4,1,-1,2,0,1,2,0,5,4,-1,4,3,3,3,-1,3,4,0,2,1,3,2,-1,0,2,-1,-1,2
4429.81045816,2,2,-1,0,1,2,4,-1,5,1,4,1,-1,3,4,0,5,4,1,-1,4,-1,4,0,1,0,2,4,4,1,-1,1,2,4,3,3,-1,-1,0,3,5,-1,0,1,5,1,4,4,5,5,5,1,2,0,3,-1,-1,-1,0,2,4,1,2,0,0,4,2,-1,2,1,0,-1,-1,5,3,2,3,2,3,5,3,-1,2,1,5,5,5,0,5,0
4593.18220095,2,2,2,4,0,2,-1,0,-1,-1,-1,1,0,1,0,4,3,1,3,4,3,2,3,-1,3,1,5,2,4,0,1,3,4,2,4,5,3,5,5,0,2,-1,4,4,0,2,2,1,-1,2,1,-1,5,-1,5,3,0,1,3,5,-1,5,0,0,4,3,1,1,4,0,3,4,2,3,0,2,5,1,-1,0,4,3,5,5,-1,5,-1,4,-1,-1
4440.17543278,1,0,1,3,5,0,3,1,4,1,4,3,4,0,4,0,1,2,-1,3,1,-1,5,4,-1,5,5,4,-1,2,-1,-1,-1,1,3,2,3,3,0,3,5,5,5,2,-1,4,0,2,-1,0,5,5,2,5,2,1,0,4,0,-1,-1,-1,2,3,-1,2,0,3,3,4,1,4,5,2,4,4,2,5,-1,3,-1,1,-1,0,4,0,2,1,0,1
4603.30039046,2,-1,1,3,3,2,4,4,4,5,2,3,4,1,5,2,3,3,3,1,4,-1,-1,3,3,5,1,4,1,2,3,0,1,5,0,0,1,1,-1,5,2,1,-1,0,0,5,-1,1,4,3,2,4,0,-1,4,1,5,-1,4,0,5,4,4,-1,3,5,2,0,0,2,4,0,-1,5,5,1,-1,-1,-1,1,2,4,-1,5,0,0,3,2,0,2
4487.55817389,2,1,3,3,0,-1,2,2,2,4,4,3,1,1,4,1,0,5,2,5,4,5,-1,4,-1,0,2,1,3,0,3,0,3,3,5,-1,0,0,5,1,-1,4,2,-1,3,0,1,4,2,0,-1,1,2,4,4,-1,0,2,-1,4,1,2,-1,2,-1,-1,-1,1,2,5,4,-1,0,-1,4,0,3,0,3,-1,3,4,3,5,0,-1,3,1,-1,1
4653.15098267,4,1,0,3,-1,4,0,5,-1,4,1,-1,1,4,4,2,-1,1,4,0,2,4,4,1,0,0,3,0,5,0,-1,1,-1,3,5,5,-1,2,5,3,1,3,0,3,1,3,3,1,5,-1,4,1,5,2,2,2,-1,-1,0,5,-1,5,0,2,1,2,1,-1,4,4,2,3,3,5,4,3,1,0,5,3,-1,0,2,3,0,5,-1,5,0,3
4412.04193025,-1,-1,-1,5,3,1,2,4,-1,0,-1,-1,3,2,2,4,4,1,5,5,1,0,5,4,0,-1,5,-1,2,1,3,1,2,1,2,4,0,5,-1,0,3,4,1,3,-1,0,1,-1,3,4,0,0,4,1,5,3,3,5,2,0,4,-1,-1,2,-1,3,2,0,4,-1,4,-1,2,1,1,5,1,-1,2,3,3,4,3,2,2,5,2,3,5,5
4545.30588962,5,2,-1,1,4,0,4,4,1,3,3,-1,-1,3,2,0,5,-1,3,3,2,1,-1,-1,4,0,1,2,4,-1,5,2,1,2,4,1,0,5,2,4,3,0,4,3,0,0,4,-1,0,2,4,-1,-1,3,-1,5,4,5,-1,1,0,4,1,3,5,1,2,3,1,5,2,1,3,5,-1,1,2,0,1,1,-1,0,3,-1,2,0,5,3,2,-1
4444.12399454,1,2,4,2,3,1,5,5,-1,3,0,-1,-1,3,-1,5,2,0,0,3,-1,5,2,4,0,4,4,2,5,1,2,4,1,1,4,0,4,2,3,3,3,3,5,4,1,3,2,0,3,5,0,2,-1,5,0,-1,4,1,-1,2,5,3,2,0,2,1,3,5,5,5,1,4,2,3,4,-1,-1,0,0,-1,3,-1,-1,0,1,-1,5,2,4,1
4390.81841079,5,1,2,4,5,1,-1,0,4,-1,3,0,0,2,4,3,3,0,4,1,1,1,5,1,1,2,1,4,3,-1,2,3,-1,1,4,1,0,2,-1,5,-1,0,4,4,-1,-1,2,3,-1,2,5,-1,4,1,-1,5,-1,4,3,2,0,-1,3,-1,1,3,5,4,0,1,4,-1,3,2,0,2,2,4,-1,3,2,-1,5,5,2,5,0,3,0,0
4602.56003513,2,2,3,3,0,-1,0,1,3,0,4,2,4,-1,1,2,3,4,3,1,1,4,-1,-1,5,0,0,5,4,2,1,0,4,3,-1,2,5,1,2,5,0,3,-1,3,-1,4,3,-1,-1,-1,5,4,2,0,5,1,-1,-1,2,2,3,2,3,4,1,4,3,-1,-1,-1,0,5,4,0,4,1,0,-1,1,0,1,5,-1,2,4,-1,2,3,4,1
4654.87847844,4,3,1,2,4,3,2,1,3,-1,0,-1,3,4,5,1,2,5,-1,3,5,4,0,-1,2,4,3,2,0,4,1,0,0,1,1,4,3,0,-1,-1,-1,0,1,0,4,3,-1,-1,2,2,1,3,1,1,2,3,3,0,-1,0,-1,3,5,-1,4,2,0,2,5,0,5,-1,3,-1,5,4,5,-1,2,4,2,1,0,4,4,1,3,2,5,0
4695.59802158,3,0,5,1,-1,4,3,0,-1,5,4,0,0,0,1,-1,1,-1,4,5,3,4,4,5,1,0,1,-1,-1,5,2,2,-1,4,3,1,3,-1,2,2,3,4,-1,3,2,0,2,1,0,4,0,5,-1,0,3,3,1,5,4,2,0,0,1,2,1,2,3,5,2,0,0,3,3,1,2,-1,5,5,1,-1,4,2,4,5,4,2,4,5,3,5
4656.3591891,-1,3,0,-1,-1,0,3,4,1,-1,3,-1,0,-1,2,4,3,0,1,3,0,5,-1,0,2,-1,-1,0,1,4,1,-1,4,4,-1,4,-1,5,-1,4,2,1,1,0,1,1,5,5,4,2,2,3,4,3,3,-1,3,5,5,1,2,3,3,-1,0,0,-1,1,4,1,0,-1,1,-1,0,2,2,1,2,3,3,2,0,3,1,2,2,4,5,4
4667.71130415,3,2,-1,0,1,1,3,5,4,1,2,-1,0,4,0,4,1,-1,2,5,2,1,4,4,-1,0,3,2,0,-1,0,2,5,4,0,3,4,3,-1,3,4,5,0,3,3,1,3,0,3,4,3,2,1,2,5,0,1,5,0,2,4,2,2,5,-1,3,5,-1,-1,1,-1,-1,2,1,-1,5,4,1,5,2,2,2,-1,4,1,0,-1,0,-1,1
4472.01071196,-1,5,1,1,4,1,3,3,3,1,5,2,0,3,0,4,1,0,4,0,-1,4,5,5,-1,3,3,0,5,2,2,1,5,2,1,5,2,-1,5,3,-1,3,4,4,2,-1,2,-1,3,3,0,4,-1,2,5,4,0,5,2,0,-1,-1,4,4,2,1,2,0,-1,0,0,-1,5,2,5,1,-1,4,2,-1,4,3,5,4,-1,-1,3,1,1,0
4549.00766627,3,1,-1,0,-1,5,3,-1,0,1,5,4,-1,4,5,0,-1,0,4,2,1,2,3,-1,-1,1,5,0,4,0,-1,-1,3,4,2,3,0,-1,4,5,3,4,4,0,1,3,5,2,1,3,1,0,-1,5,1,2,-1,-1,-1,-1,1,2,1,3,4,5,5,0,3,2,4,5,3,2,2,0,0,1,5,4,4,5,0,5,5,1,3,1,4,1
4648.46206558,4,3,0,1,0,5,5,3,2,0,4,1,4,3,0,-1,1,1,3,5,4,5,2,5,2,0,3,4,-1,0,3,0,4,3,-1,2,3,-1,1,3,0,2,5,2,1,4,3,2,3,3,5,0,2,2,-1,0,3,4,-1,1,2,0,1,5,-1,4,4,5,-1,4,5,4,1,-1,1,4,1,-1,5,-1,1,-1,5,-1,2,1,5,3,0,2
4673.8809319,2,0,-1,-1,2,4,3,4,-1,1,0,1,0,4,4,-1,3,4,0,1,2,0,-1,4,-1,0,1,4,1,3,0,2,-1,3,4,1,0,3,-1,3,5,5,5,5,1,-1,3,3,2,-1,1,0,0,-1,1,1,-1,3,0,1,2,-1,2,1,5,4,4,2,0,-1,-1,4,3,4,-1,1,5,2,3,2,5,2,2,3,0,4,2,2,3,5
4397.48160876,0,3,4,4,-1,4,-1,1,3,5,3,2,0,2,1,0,5,0,5,-1,3,2,2,-1,-1,-1,3,-1,0,0,2,5,4,-1,5,0,1,1,1,-1,5,0,1,4,4,4,5,5,0,-1,-1,4,3,5,4,-1,2,4,3,-1,2,0,1,3,-1,1,2,0,3,0,3,4,1,4,-1,3,4,1,5,3,-1,0,1,2,1,-1,5,2,-1,1
4426.84903684,4,5,-1,-1,0,2,5,-1,-1,2,2,5,1,3,-1,2,-1,-1,2,5,1,-1,1,-1,3,0,3,0,0,-1,4,5,3,5,2,3,4,-1,3,4,-1,3,-1,2,4,2,1,-1,1,4,2,-1,5,4,-1,2,3,5,-1,3,1,5,0,1,3,4,-1,3,2,1,4,4,1,2,0,1,0,4,4,1,1,1,2,0,-1,3,-1,4,0,0
4291.36401148,-1,1,3,1,5,3,0,4,0,3,2,2,-1,-1,2,1,2,-1,-1,1,-1,1,1,4,2,0,0,0,1,2,4,2,0,4,2,1,2,4,5,3,0,4,-1,-1,5,-1,0,3,4,5,5,5,-1,4,-1,2,-1,5,0,2,-1,-1,-1,-1,3,3,-1,4,1,3,5,2,1,1,4,3,3,0,3,1,5,3,1,4,2,-1,5,1,5,4
4445.6047052,1,4,-1,5,4,0,2,1,2,4,0,0,2,2,5,3,1,0,4,4,5,5,0,4,3,3,5,-1,2,1,4,5,3,-1,5,4,4,-1,-1,4,2,5,0,1,3,-1,4,-1,5,3,5,1,5,0,-1,3,1,1,4,2,3,4,3,1,-1,-1,5,3,1,0,2,5,2,5,2,2,-1,1,0,3,2,-1,-1,2,3,2,-1,1,0,0
4624.03033969,4,1,1,4,0,1,0,5,3,0,-1,0,5,-1,-1,1,4,0,2,-1,5,4,2,4,-1,2,1,3,3,4,5,4,2,2,4,4,-1,5,1,0,-1,3,3,0,2,5,2,-1,-1,5,1,5,3,4,-1,2,0,3,1,3,1,2,-1,3,5,4,4,2,3,3,0,1,4,1,-1,3,0,2,2,1,5,0,2,5,0,1,4,1,3,-1
4548.26731094,3,-1,-1,2,2,3,1,2,5,4,-1,-1,0,-1,5,3,0,2,4,-1,-1,2,-1,1,5,3,3,1,5,5,2,-1,1,0,-1,0,5,3,-1,1,0,1,2,3,3,1,1,5,1,0,5,3,-1,3,5,1,3,0,5,3,2,2,-1,5,1,1,-1,0,-1,4,0,1,-1,5,2,2,0,5,-1,4,4,0,3,4,-1,4,1,4,3,0
4476.20605883,3,0,4,5,4,2,0,-1,1,3,3,4,3,1,4,0,2,5,3,5,0,4,2,5,0,-1,1,4,0,-1,-1,3,-1,1,4,5,4,1,0,-1,0,3,5,0,-1,3,2,-1,0,-1,4,1,1,4,4,2,0,2,2,-1,1,3,5,3,5,3,-1,1,2,0,-1,2,-1,3,4,1,2,2,4,1,2,-1,1,0,5,1,3,5,-1,-1
4776.04996742,4,1,4,0,2,2,-1,5,-1,1,5,0,2,3,3,5,1,2,3,0,2,-1,4,-1,0,1,5,1,1,4,2,0,5,4,1,4,5,-1,4,1,1,0,-1,2,0,4,0,3,4,0,-1,3,2,0,1,-1,5,5,-1,0,-1,3,3,5,1,4,3,5,-1,4,2,3,5,2,3,1,4,5,3,3,0,4,1,2,3,-1,2,3,0,2
4716.82154104,1,0,5,5,2,5,1,4,-1,1,2,1,4,3,4,4,2,3,0,3,4,3,5,5,5,-1,5,5,2,1,1,3,0,0,-1,-1,5,0,-1,0,1,2,0,2,5,4,3,-1,1,3,1,1,4,4,0,5,4,3,-1,3,0,4,1,3,-1,1,4,-1,-1,2,-1,5,2,2,4,4,3,-1,0,-1,3,5,0,0,-1,0,2,2,3,1
4538.14912143,1,2,4,2,-1,-1,-1,4,-1,1,4,5,4,4,5,-1,-1,2,5,-1,3,5,5,2,5,5,2,3,3,4,0,5,1,5,1,3,1,0,0,1,0,-1,0,0,1,1,4,3,3,-1,0,2,-1,2,1,2,3,2,5,3,5,3,-1,4,1,-1,4,2,3,4,2,2,5,0,-1,0,2,-1,0,3,1,4,4,-1,-1,-1,4,1,3,0
4654.63169333,1,4,1,3,4,-1,3,0,1,2,4,4,3,0,3,1,-1,1,3,5,-1,0,5,-1,5,3,5,0,1,3,1,0,5,1,0,4,5,5,1,-1,5,2,5,5,4,3,4,0,0,4,2,4,2,3,-1,0,-1,1,2,2,-1,2,0,2,3,0,4,5,3,2,-1,1,-1,-1,2,0,3,0,4,2,-1,4,4,1,2,1,4,5,3,0
4472.9978524,-1,1,1,-1,4,3,-1,1,0,3,5,3,3,3,2,-1,2,2,-1,-1,4,0,3,4,1,4,-1,0,4,5,4,3,-1,5,2,0,0,-1,5,3,5,-1,0,3,2,4,4,3,4,1,4,5,0,-1,2,5,2,1,-1,3,0,1,1,0,5,2,4,4,0,-1,-1,1,1,2,5,2,5,-1,5,3,3,0,-1,1,-1,0,4,1,0,4
4491.75352076,5,5,5,1,2,3,5,1,-1,0,1,5,-1,4,3,0,4,1,5,0,4,-1,2,5,3,1,-1,5,1,0,1,2,4,1,-1,0,1,0,3,4,5,-1,-1,5,3,2,2,3,-1,1,1,2,4,4,5,2,0,2,2,2,-1,-1,-1,0,0,5,2,-1,4,3,4,0,-1,1,3,4,3,0,2,0,5,-1,0,4,3,2,5,3,3,4
4661.2948913,-1,5,3,2,3,-1,4,3,3,0,2,5,-1,0,-1,-1,-1,1,3,3,5,4,1,4,1,3,3,3,5,-1,5,4,5,3,3,1,5,1,2,2,-1,0,5,5,2,0,4,1,1,0,2,1,1,0,2,4,4,-1,2,4,-1,4,2,0,-1,1,0,0,5,3,2,1,4,0,-1,5,2,0,0,-1,2,2,0,4,3,2,4,3,1,5
4374.28380842,1,-1,1,0,-1,1,2,1,5,0,1,2,4,-1,0,3,3,-1,3,4,1,0,-1,5,0,5,-1,2,4,4,1,3,3,3,2,5,2,1,5,-1,5,4,2,2,5,0,2,5,4,-1,2,2,1,-1,0,-1,5,3,4,1,1,2,0,-1,0,4,3,0,0,3,5,4,3,1,-1,-1,3,3,4,4,5,-1,4,-1,4,2,5,2,5,3
4419.69226865,1,3,0,2,5,2,1,-1,1,1,2,3,0,-1,3,2,1,-1,2,3,5,3,3,1,0,0,-1,0,1,-1,4,4,-1,4,5,-1,0,-1,2,1,4,4,3,-1,5,-1,2,0,5,-1,3,3,5,4,4,2,-1,2,1,4,4,3,2,5,2,2,5,4,1,0,-1,5,0,0,0,3,0,4,-1,0,1,2,1,-1,-1,-1,4,0,-1,5
4399.20910453,1,4,-1,5,4,4,-1,1,1,4,2,-1,2,3,1,4,5,5,2,0,5,4,5,1,1,0,2,2,2,-1,-1,4,2,4,2,5,1,0,2,3,3,-1,5,2,-1,1,3,-1,1,-1,-1,1,3,5,5,3,4,0,0,-1,2,0,0,2,4,3,-1,-1,3,0,3,1,1,3,2,1,5,2,5,4,3,-1,0,3,-1,0,4,-1,0,4
4481.88211636,1,4,-1,0,1,1,5,-1,5,3,0,0,0,3,-1,1,2,0,0,3,5,2,4,5,4,2,4,3,4,-1,0,4,2,2,3,1,0,4,5,1,3,3,5,1,0,-1,4,4,1,-1,1,1,-1,-1,3,3,-1,-1,4,5,0,2,0,1,4,-1,-1,5,-1,-1,3,0,0,4,2,2,-1,0,3,-1,5,1,-1,1,-1,4,3,5,2,5
4497.6763634,0,4,4,2,2,-1,2,2,3,4,0,0,4,0,1,-1,4,0,3,5,4,3,-1,-1,2,4,2,3,0,-1,-1,5,5,-1,-1,5,2,2,4,3,1,1,0,1,0,5,5,3,4,5,1,4,1,1,1,5,-1,-1,5,1,2,4,2,-1,2,4,3,3,3,1,-1,3,5,5,-1,0,-1,0,-1,0,4,1,3,3,2,5,3,1,1,2
4740.51291159,2,4,-1,-1,5,5,2,0,2,1,2,-1,0,0,1,2,-1,-1,3,5,3,1,5,-1,3,3,0,1,0,0,4,0,4,3,1,1,5,2,2,1,2,4,0,0,4,-1,2,1,4,5,0,3,4,0,3,2,3,4,2,-1,-1,4,1,1,4,5,2,5,4,-1,2,-1,3,1,3,-1,0,1,2,5,5,4,1,5,4,3,0,3,-1,3
4581.58330078,1,5,3,1,1,3,5,5,4,2,3,-1,-1,2,3,2,-1,0,2,1,5,2,1,2,4,2,2,2,1,0,0,4,4,5,3,3,0,4,1,0,1,-1,3,5,5,2,0,5,2,0,5,-1,1,0,3,-1,-1,3,-1,5,4,-1,4,4,4,-1,2,4,1,4,4,2,0,0,0,0,2,-1,-1,3,0,1,4,1,3,-1,-1,5,-1,3
4634.39531431,5,0,3,-1,-1,0,2,0,4,0,1,4,2,0,3,4,-1,-1,1,1,1,2,-1,3,5,-1,1,4,1,4,5,-1,0,4,3,1,5,4,4,-1,2,5,4,-1,0,3,2,3,5,1,0,3,1,4,2,3,-1,3,1,3,4,1,3,2,2,1,2,5,-1,5,4,5,5,2,5,0,0,3,3,2,0,2,-1,-1,2,4,-1,1,0,3
4417.22441755,3,0,-1,2,-1,0,1,5,5,-1,1,3,3,5,3,0,5,-1,1,-1,0,4,2,-1,2,1,4,3,1,5,4,2,4,5,1,0,4,2,3,-1,4,4,-1,4,1,5,3,0,0,4,2,-1,-1,5,4,5,2,0,-1,-1,-1,1,-1,1,1,-1,1,0,3,1,1,3,4,3,-1,-1,1,2,2,1,4,0,2,2,4,5,3,3,5,3
4579.36223479,4,4,5,1,5,-1,1,0,5,0,-1,-1,4,1,4,5,1,5,0,2,-1,4,4,3,4,4,0,3,1,-1,0,-1,-1,3,-1,1,5,2,3,2,3,2,5,0,1,3,3,0,2,-1,3,1,0,2,3,2,3,5,4,5,4,4,-1,3,-1,1,-1,0,-1,-1,-1,4,1,2,2,0,3,4,1,2,5,1,2,2,4,0,0,1,-1,2
4529.01807236,2,-1,5,3,2,4,4,-1,5,2,3,3,2,0,2,2,-1,5,-1,4,1,1,-1,0,2,-1,3,-1,5,1,-1,3,3,5,4,0,3,5,1,2,0,5,-1,1,2,1,4,1,5,1,2,4,2,4,0,0,-1,1,5,1,4,2,3,-1,0,4,0,-1,4,0,3,3,2,-1,5,3,-1,1,1,1,-1,0,1,3,-1,0,4,-1,4,4
4549.99480671,2,2,2,0,0,0,-1,-1,1,4,4,4,4,4,1,-1,-1,-1,0,3,5,-1,0,3,1,5,3,2,0,-1,2,-1,-1,2,-1,4,2,3,4,0,1,2,3,1,3,3,5,1,-1,0,0,1,4,5,5,1,1,3,4,3,0,2,4,-1,2,2,0,2,1,-1,5,3,5,4,5,1,-1,5,0,1,-1,-1,5,2,0,3,4,5,4,-1
4421.91333464,5,0,1,4,2,-1,5,-1,-1,4,4,1,-1,2,3,5,0,1,3,1,3,2,-1,1,-1,0,0,2,2,3,3,2,0,5,4,4,0,0,1,0,0,-1,5,2,2,-1,2,0,5,3,-1,2,4,0,1,-1,-1,-1,-1,4,3,0,1,2,5,5,2,-1,4,-1,-1,1,3,1,3,0,4,5,3,3,-1,2,5,2,1,4,5,3,5,-1
4352.81350386,0,3,-1,2,-1,3,1,1,5,-1,0,4,-1,2,-1,3,5,4,0,4,-1,-1,-1,3,5,-1,-1,5,4,5,5,-1,0,3,3,1,0,1,4,5,4,3,-1,4,2,0,2,1,-1,5,5,1,3,1,4,2,1,5,-1,2,4,2,0,0,3,1,3,-1,-1,0,-1,1,0,2,4,4,0,-1,5,3,1,0,4,2,5,2,1,2,2,2
4435.23973058,4,3,0,2,4,-1,3,4,3,3,0,-1,4,5,5,0,4,-1,3,-1,3,3,1,2,4,2,2,5,2,-1,0,-1,2,1,-1,-1,5,2,5,5,1,5,1,0,4,1,5,-1,4,5,-1,0,1,0,-1,0,0,3,4,5,2,1,3,-1,1,4,0,4,3,4,2,3,1,-1,2,4,2,3,0,5,-1,2,0,5,-1,-1,3,0,1,2
4670.67272547,4,1,2,5,4,2,3,3,-1,4,0,2,0,3,4,0,-1,3,0,2,-1,0,-1,0,5,2,3,1,3,0,4,3,0,2,-1,5,5,1,1,2,3,1,1,-1,3,-1,5,5,1,-1,2,0,1,1,0,2,5,5,3,4,2,5,3,4,4,4,4,4,0,1,0,5,5,4,-1,-1,1,-1,-1,0,-1,1,-1,1,5,4,0,-1,2,1
4797.02670177,-1,2,0,-1,-1,4,1,-1,2,2,5,5,0,5,-1,0,0,-1,2,-1,0,5,-1,3,-1,0,1,2,4,0,4,0,4,1,2,5,3,4,1,0,2,2,1,5,1,3,5,-1,1,4,-1,4,5,2,4,1,3,4,2,0,3,1,4,2,0,1,5,2,5,3,1,3,4,3,1,0,0,2,3,3,1,3,3,-1,-1,3,3,1,5,4
4484.10318235,-1,3,5,1,4,5,5,-1,1,-1,3,3,4,5,2,5,5,3,0,1,5,1,1,2,0,3,5,4,4,1,-1,-1,2,3,0,0,2,1,3,0,-1,2,-1,0,-1,0,1,2,-1,3,0,3,0,4,4,1,5,1,1,-1,2,2,5,0,-1,5,4,3,4,1,2,4,5,4,4,3,4,-1,3,0,-1,-1,0,5,3,2,-1,0,2,2
4413.2758558,3,1,1,5,3,4,4,4,2,0,1,3,2,2,1,5,5,2,-1,2,3,1,-1,2,-1,3,4,-1,3,3,-1,3,-1,1,5,5,3,5,2,-1,0,-1,4,0,5,5,0,0,3,2,4,0,4,-1,-1,-1,5,1,1,3,1,3,-1,-1,2,4,3,0,1,-1,2,0,3,1,2,2,0,3,1,-1,4,4,1,2,4,-1,4,5,5,0
4574.92010281,0,1,2,0,1,1,1,5,3,1,0,5,2,2,5,5,3,4,1,2,4,3,0,-1,5,4,1,0,0,3,5,4,2,-1,3,1,1,-1,4,4,3,0,3,1,-1,-1,1,-1,1,-1,5,-1,-1,4,2,3,4,-1,3,4,0,3,0,-1,3,5,2,4,5,1,-1,2,-1,3,0,2,4,3,5,0,2,-1,-1,1,0,0,4,2,2,5
4534.20055967,0,1,5,2,-1,4,-1,1,3,-1,1,5,5,-1,3,4,2,0,5,4,5,5,3,3,2,2,2,4,-1,-1,5,0,-1,4,0,-1,2,0,-1,2,0,2,1,4,4,-1,1,5,-1,0,3,1,0,1,-1,5,4,-1,0,1,2,2,1,2,3,0,0,3,-1,3,3,1,3,-1,3,4,1,3,3,4,0,4,5,1,0,-1,1,1,2,4
4464.60715867,4,-1,1,2,1,5,-1,2,-1,3,4,5,5,2,5,5,3,0,3,3,2,2,5,3,0,5,0,3,1,1,-1,3,2,-1,1,-1,0,4,3,2,3,-1,2,1,4,0,2,0,2,-1,4,4,5,1,0,4,0,-1,5,2,5,-1,5,1,1,1,2,0,0,3,2,-1,4,1,4,-1,3,-1,1,5,4,-1,3,3,-1,1,-1,0,4,0
4450.5404074,-1,4,3,4,0,-1,1,5,-1,1,2,-1,2,1,2,4,5,0,-1,-1,0,4,0,5,2,4,5,4,-1,4,5,-1,-1,-1,2,4,4,0,5,4,3,0,0,5,1,2,0,4,2,5,0,2,0,2,3,1,5,1,3,5,-1,1,-1,3,2,4,1,-1,2,-1,3,4,-1,-1,-1,2,5,5,0,0,3,4,3,3,2,1,1,5,1,3
4577.1411688,2,0,1,-1,5,3,4,5,2,-1,1,-1,2,1,0,-1,0,2,0,3,3,1,-1,0,1,2,2,0,2,-1,-1,5,4,3,2,0,4,-1,3,1,5,4,-1,2,0,3,1,5,4,4,-1,3,4,5,4,4,0,0,5,2,0,1,-1,5,3,4,4,1,5,4,3,1,3,0,3,3,0,2,4,-1,1,2,-1,1,2,2,3,5,1,-1
4544.8123194,0,3,0,3,1,3,0,-1,0,4,1,-1,3,4,1,2,5,-1,-1,3,5,-1,1,4,-1,5,1,-1,4,0,4,2,5,3,1,1,3,2,2,-1,5,0,2,2,-1,2,4,4,0,3,-1,0,1,3,4,5,2,1,4,0,4,5,3,0,0,1,-1,-1,2,3,-1,1,0,2,-1,2,1,5,3,3,0,3,-1,2,-1,4,-1,1,2,-1
4582.81722633,1,2,5,3,0,-1,3,0,4,3,5,3,4,1,0,0,4,-1,4,3,2,5,3,1,3,0,0,5,3,0,3,-1,5,2,5,2,4,-1,2,0,1,4,5,5,0,4,-1,1,2,4,2,-1,0,5,0,4,2,1,3,1,-1,-1,4,4,5,4,3,-1,3,5,1,2,5,2,-1,1,2,0,4,5,2,1,1,4,-1,1,-1,-1,2,5
4521.12094884,-1,5,3,4,-1,-1,2,0,2,3,1,1,0,4,-1,0,1,5,1,4,2,5,5,0,0,4,2,2,4,4,3,4,5,0,3,5,0,-1,1,1,0,-1,2,2,5,3,4,1,2,-1,4,0,1,0,5,4,-1,2,1,5,-1,-1,3,3,5,3,-1,0,1,4,3,2,2,4,3,1,1,0,5,4,-1,2,2,3,0,3,1,2,-1,-1
4597.62433293,1,0,4,0,2,-1,0,3,-1,5,3,3,4,-1,3,-1,1,4,3,3,4,1,-1,3,5,-1,1,4,3,4,5,0,-1,5,1,1,1,3,-1,3,0,-1,5,1,1,-1,-1,4,0,0,4,3,5,4,0,5,4,2,2,1,2,1,1,5,5,5,2,-1,0,0,3,-1,0,3,2,4,-1,0,2,-1,2,1,1,4,5,2,0,0,2,2
4574.6733177,-1,0,5,4,2,1,-1,4,2,4,3,2,-1,2,2,5,2,2,3,-1,1,-1,4,0,3,1,1,0,4,1,-1,4,3,1,0,1,0,-1,-1,2,5,0,3,-1,0,2,0,0,0,-1,5,2,3,4,3,1,2,5,-1,-1,2,4,-1,3,-1,0,2,0,4,3,0,1,4,1,-1,1,5,1,3,3,-1,5,0,-1,-1,4,1,4,-1,4
4607.74252244,-1,3,3,4,-1,2,4,1,1,3,1,2,0,3,0,0,0,-1,0,4,2,-1,2,5,2,4,3,0,1,2,-1,4,2,0,5,1,5,5,1,0,3,4,3,2,-1,4,5,-1,-1,0,4,1,5,4,1,3,1,0,4,2,2,-1,1,-1,5,3,-1,3,4,3,-1,2,1,0,0,1,-1,0,5,3,4,3,2,5,4,5,0,-1,5,5
4330.35605885,1,3,1,0,0,4,-1,0,3,3,5,2,2,3,3,0,-1,5,5,1,-1,2,1,2,2,2,4,4,-1,5,-1,3,2,3,2,5,2,-1,1,-1,3,-1,3,4,5,2,-1,1,4,-1,0,-1,4,3,4,1,5,0,1,-1,0,4,3,0,3,4,2,5,-1,4,0,0,-1,4,0,-1,-1,0,4,1,0,5,3,1,1,4,4,1,-1,5
4736.81113494,3,0,3,-1,-1,3,3,0,5,5,0,3,3,1,1,-1,5,4,1,0,1,0,2,5,4,3,-1,3,4,4,-1,1,-1,4,4,2,2,0,1,1,4,2,5,3,0,5,-1,0,0,-1,2,1,5,-1,0,-1,0,4,5,3,3,3,4,-1,-1,3,2,1,-1,4,0,1,1,2,2,4,5,4,2,5,1,3,2,2,5,0,2,-1,1,0
4553.44979825,1,1,2,1,-1,4,0,2,3,-1,0,3,2,2,2,3,0,2,-1,1,0,4,5,4,5,-1,-1,-1,5,0,0,3,1,4,0,5,0,1,-1,2,4,5,3,1,0,4,1,-1,0,4,-1,5,3,3,5,-1,5,5,2,1,-1,0,-1,-1,2,1,2,4,5,0,-1,3,0,4,1,1,3,3,4,1,4,-1,4,0,5,3,5,3,2,4
4495.70208252,2,2,3,3,5,0,5,1,-1,4,1,3,5,-1,2,0,0,4,3,2,4,4,5,4,3,0,3,0,0,5,-1,-1,3,1,4,-1,-1,5,0,4,0,2,-1,1,-1,-1,5,1,4,2,3,4,5,2,1,5,-1,0,5,3,0,4,2,3,-1,0,3,-1,4,2,2,1,4,1,1,1,1,0,-1,0,-1,3,5,2,2,2,3,5,5,1
4406.85944294,1,1,2,4,-1,0,0,2,2,-1,2,3,-1,5,2,-1,5,-1,2,3,2,1,1,3,4,0,2,4,0,1,1,4,2,3,-1,5,4,-1,0,-1,4,5,0,2,3,5,0,4,4,3,4,-1,-1,-1,5,2,3,3,3,-1,5,-1,-1,1,0,3,3,4,0,3,-1,0,2,5,5,4,1,4,0,2,1,-1,5,4,0,1,5,5,1,-1
4609.96358843,5,-1,4,5,0,0,4,-1,0,1,5,2,4,2,0,1,1,-1,-1,3,-1,4,-1,2,5,4,-1,5,-1,-1,1,2,4,3,5,1,1,4,4,1,-1,3,0,0,0,2,4,3,-1,1,-1,3,2,3,0,5,2,1,5,3,-1,2,0,5,1,2,2,3,3,4,1,0,3,4,0,5,0,3,2,1,3,2,3,4,5,4,-1,4,2,0
4399.70267475,4,1,-1,0,2,4,2,-1,0,0,5,1,5,2,0,4,2,4,3,5,5,1,5,5,-1,-1,3,-1,3,2,-1,3,3,2,0,5,0,2,3,-1,0,3,4,1,5,3,4,4,0,5,4,1,1,2,2,5,1,-1,-1,4,-1,0,1,-1,-1,4,1,3,3,5,5,-1,0,3,0,-1,0,4,1,1,4,2,-1,0,-1,5,-1,1,3,1
4480.15462059,4,3,5,4,-1,5,1,1,2,4,4,0,-1,0,4,-1,4,2,3,-1,3,3,0,5,0,3,1,1,4,3,-1,2,2,0,2,1,0,5,0,5,3,-1,0,5,4,0,-1,2,1,3,5,2,0,1,1,5,1,1,4,1,-1,-1,1,2,2,-1,-1,3,2,5,3,3,3,4,3,4,-1,2,5,-1,5,1,2,4,-1,0,0,5,4,3
4767.65927368,2,5,2,1,-1,3,1,5,-1,3,5,-1,3,4,3,2,-1,5,2,3,2,2,0,-1,1,3,0,0,1,4,0,1,4,4,0,4,2,1,4,-1,4,0,1,4,4,1,5,5,3,2,4,3,3,0,4,2,1,0,-1,0,5,5,5,1,2,-1,1,3,-1,-1,0,1,-1,0,4,5,3,2,2,0,0,1,5,0,5,5,3,-1,2,3
4482.8692568,1,0,-1,2,-1,2,-1,0,0,3,5,4,5,-1,2,1,-1,-1,5,0,3,-1,5,4,1,3,0,2,1,-1,4,3,3,0,2,4,2,5,-1,2,1,3,-1,5,4,1,-1,3,4,1,3,0,0,2,0,4,1,3,0,-1,5,3,2,5,-1,2,4,1,3,2,0,3,4,-1,5,4,1,-1,4,-1,0,5,0,2,4,1,-1,2,5,4
4324.92678643,3,-1,-1,2,-1,4,2,-1,4,0,1,2,-1,1,1,3,-1,5,3,4,-1,-1,-1,1,-1,3,1,2,2,2,-1,3,-1,1,-1,4,5,4,0,5,0,0,-1,5,1,-1,1,-1,4,3,1,4,-1,1,-1,2,0,3,1,-1,2,3,2,5,1,-1,0,3,-1,0,3,2,3,0,5,4,5,0,-1,0,4,5,0,2,3,5,2,0,4,0
4585.03829232,-1,5,4,5,-1,5,3,-1,2,-1,5,5,1,1,2,2,3,2,2,4,5,3,-1,4,0,1,4,2,4,-1,0,4,3,-1,3,0,-1,-1,0,3,4,2,2,3,3,4,3,4,2,1,5,1,-1,1,3,2,0,3,4,4,4,2,1,4,0,2,1,5,0,3,4,1,1,5,0,3,-1,-1,2,1,1,1,0,5,5,0,-1,-1,0,5
4295.80614346,0,5,-1,-1,-1,4,5,3,-1,-1,1,2,4,1,3,-1,3,-1,4,3,0,4,-1,4,2,-1,-1,5,1,2,4,4,1,0,3,1,-1,-1,0,1,5,1,-1,0,1,-1,3,-1,2,4,2,2,-1,5,2,0,1,2,4,1,2,1,3,1,-1,4,-1,2,3,5,-1,0,-1,0,-1,3,5,0,1,-1,5,0,5,2,4,4,0,2,0,5
4557.64514512,5,0,-1,0,0,2,-1,4,1,3,2,2,2,-1,-1,1,-1,5,3,-1,3,4,-1,2,3,2,0,-1,5,1,1,4,5,-1,1,-1,3,0,3,4,-1,4,1,-1,5,3,-1,5,5,4,3,4,1,0,5,5,5,-1,3,4,0,1,-1,2,3,2,3,1,5,-1,0,0,4,4,-1,0,5,0,0,2,2,2,0,3,2,4,4,1,0,2
4516.43203176,2,2,2,4,5,-1,0,4,-1,2,0,-1,3,0,2,5,5,-1,0,-1,3,2,0,2,0,-1,2,3,5,-1,3,3,1,1,3,-1,1,3,2,3,0,5,4,1,5,-1,4,1,-1,4,5,1,0,2,1,2,-1,3,3,0,-1,4,5,1,4,3,5,4,5,-1,0,0,1,-1,3,4,4,1,3,0,0,1,2,4,-1,2,1,0,5,4
4533.70698945,-1,1,4,3,4,4,2,1,4,5,1,0,-1,3,2,2,5,1,3,1,1,2,0,-1,4,3,-1,0,3,0,5,3,3,5,4,-1,0,1,-1,-1,2,4,1,3,0,2,2,0,0,-1,-1,4,0,2,1,0,0,-1,-1,3,5,2,4,3,2,2,5,5,5,1,3,1,1,4,-1,5,2,5,-1,-1,4,0,5,3,3,1,-1,5,4,0
4390.32484057,2,3,2,5,1,4,4,4,1,4,-1,3,5,4,5,5,2,5,-1,5,-1,0,-1,5,4,1,0,2,3,0,-1,2,0,0,4,0,1,0,2,0,4,3,-1,3,-1,1,2,4,1,5,5,-1,-1,1,0,-1,-1,-1,4,3,5,1,1,3,1,-1,5,-1,3,1,1,5,0,2,-1,0,-1,1,2,3,3,4,3,-1,-1,4,0,3,0,2
4505.32670181,1,2,3,3,3,-1,-1,1,-1,3,1,0,3,-1,4,1,4,2,4,0,-1,5,-1,2,2,-1,1,4,2,2,1,3,1,4,0,5,2,4,3,4,3,5,5,1,1,2,4,5,5,3,-1,4,5,0,2,1,3,5,0,0,0,0,1,-1,-1,4,-1,-1,2,4,0,-1,2,-1,4,0,3,5,5,0,3,5,4,3,-1,2,1,-1,-1,5
4492.24709098,0,-1,1,3,3,-1,2,4,3,5,4,1,0,3,4,0,5,5,0,2,5,4,-1,0,-1,1,3,2,1,0,1,4,2,-1,1,1,3,1,-1,2,5,0,4,4,5,5,3,5,2,5,-1,1,3,4,2,-1,4,4,3,1,-1,1,-1,2,-1,3,-1,-1,5,4,0,2,4,-1,0,2,5,-1,1,4,3,2,0,4,3,3,0,1,-1,0
4582.32365611,4,4,4,5,-1,5,2,1,2,0,-1,-1,5,0,4,1,2,4,4,1,0,4,3,4,0,4,-1,4,-1,3,1,0,4,5,5,-1,-1,1,3,2,3,0,-1,2,2,1,3,1,3,3,-1,1,2,5,2,-1,3,4,1,5,5,2,0,1,5,2,4,0,3,5,3,2,0,3,-1,-1,2,4,1,0,2,-1,2,-1,1,5,0,-1,0,0
4504.58634648,3,2,4,3,2,-1,2,3,1,1,4,-1,0,-1,4,2,5,0,-1,4,2,2,-1,4,3,1,0,1,3,-1,1,5,2,5,-1,0,1,-1,4,3,-1,2,0,5,1,4,1,4,3,-1,4,0,0,1,-1,2,3,3,4,-1,-1,-1,1,-1,4,2,3,0,1,-1,5,0,2,2,1,-1,0,0,5,0,3,2,5,2,0,-1,3,4,5,3
4647.96849536,0,3,2,1,1,2,1,1,3,-1,0,-1,5,4,5,-1,-1,2,2,-1,-1,-1,4,5,0,1,1,3,1,4,3,-1,-1,2,1,0,0,5,5,-1,0,1,5,2,2,3,3,2,3,4,4,4,2,4,-1,3,5,1,1,-1,2,4,4,2,5,5,2,3,5,1,3,4,3,-1,3,0,-1,1,3,0,0,2,3,4,0,4,0,0,4,0
4522.35487439,-1,0,1,1,4,4,0,-1,0,4,-1,2,2,4,2,2,-1,5,0,4,-1,3,0,1,-1,3,1,-1,0,-1,0,3,5,5,3,2,4,2,1,3,1,4,3,0,3,4,1,5,4,2,5,0,5,4,1,0,-1,0,4,3,-1,0,1,1,1,4,2,1,3,5,-1,2,-1,3,2,-1,3,1,5,-1,-1,-1,3,3,3,4,2,5,2,2
4731.62864763,5,5,5,-1,4,4,1,0,-1,2,0,2,3,3,0,1,-1,3,-1,2,1,0,1,4,0,1,2,0,5,2,0,0,-1,2,2,1,1,4,5,3,4,3,-1,1,0,3,3,1,5,-1,1,3,5,5,0,2,4,-1,0,-1,2,4,1,-1,3,0,5,3,-1,-1,-1,0,3,4,4,5,2,-1,1,2,0,-1,-1,5,3,1,-1,4,5,2
4353.55385919,0,4,-1,5,4,1,4,4,0,2,-1,1,5,-1,1,5,3,4,2,1,5,2,3,-1,-1,0,0,1,2,-1,4,5,5,0,0,-1,1,5,4,1,-1,0,0,0,0,-1,-1,-1,0,-1,1,2,4,2,4,-1,2,-1,-1,3,1,4,4,0,3,3,3,5,5,-1,5,2,3,4,4,3,3,0,2,3,2,2,-1,5,2,3,5,5,1,2
4550.48837693,-1,-1,2,-1,2,4,3,-1,0,1,0,-1,-1,2,5,2,2,0,1,0,-1,0,2,2,4,3,0,0,1,0,5,3,3,2,-1,3,1,0,3,2,4,0,1,5,-1,3,3,5,5,1,-1,0,4,4,2,4,5,5,3,2,1,5,1,-1,4,-1,3,1,0,1,1,1,3,3,4,-1,4,5,3,2,-1,2,5,3,4,0,0,5,-1,-1
4621.56248859,-1,2,2,0,3,2,0,4,2,4,1,1,4,1,5,5,3,-1,3,0,1,-1,-1,2,0,-1,5,0,1,1,3,2,0,0,2,-1,4,1,4,0,4,4,-1,3,0,2,4,3,3,-1,1,3,5,1,-1,4,5,3,-1,3,-1,0,5,3,2,0,4,5,1,1,2,5,3,3,-1,1,2,5,4,5,5,-1,0,4,5,-1,2,3,0,2
4223.00453602,-1,-1,5,1,1,-1,1,3,0,5,1,2,5,0,-1,1,3,0,1,3,-1,1,2,0,0,4,2,5,4,-1,-1,-1,3,0,-1,2,0,-1,4,5,4,5,-1,2,-1,4,5,3,-1,5,1,3,3,4,3,0,5,4,0,3,3,-1,2,0,2,5,1,4,0,-1,3,4,2,3,1,5,0,2,4,1,-1,2,-1,5,1,2,2,4,5,1
4691.1558896,0,3,0,1,4,3,2,5,4,0,0,4,2,-1,-1,4,5,1,4,2,2,-1,2,1,0,3,5,0,1,5,0,-1,2,5,0,3,5,-1,4,3,0,3,5,-1,0,3,3,4,4,5,3,1,3,1,5,3,4,5,1,3,5,4,3,5,0,3,-1,2,1,2,-1,1,4,-1,-1,1,0,0,1,4,-1,4,2,1,4,-1,1,2,2,-1
4713.61333461,1,2,-1,-1,0,3,4,5,2,5,0,0,4,3,4,3,5,3,3,5,2,-1,4,1,4,0,-1,3,3,0,5,3,-1,1,1,0,0,5,-1,3,2,2,1,1,0,2,4,4,2,1,-1,1,2,0,1,4,-1,1,1,5,5,0,4,5,4,0,5,-1,2,-1,2,-1,5,-1,-1,2,5,4,5,0,1,2,3,3,3,4,3,3,2,1
4498.16993362,-1,0,4,5,4,1,2,1,4,0,3,0,2,1,5,-1,4,5,0,4,-1,3,5,3,2,5,0,0,1,1,-1,-1,3,3,4,4,3,3,1,4,3,5,-1,-1,-1,-1,5,2,3,0,-1,3,-1,4,2,0,4,0,1,-1,3,4,1,3,1,5,-1,0,5,2,0,2,1,2,3,0,5,0,-1,4,2,5,-1,5,-1,1,1,4,2,2
4454.73575427,-1,3,2,3,-1,1,5,3,-1,5,4,2,1,-1,3,0,4,3,0,5,0,-1,2,3,4,1,4,1,-1,4,-1,-1,-1,4,4,1,1,3,3,2,1,2,-1,2,0,3,-1,0,3,2,2,5,4,2,2,-1,4,4,0,-1,1,2,5,-1,3,4,1,-1,-1,-1,-1,5,4,-1,1,0,2,0,5,1,0,1,0,0,0,5,4,-1,0,1
4568.01011973,2,4,4,0,0,3,1,2,3,0,2,3,1,5,-1,5,5,3,0,-1,-1,2,2,3,4,-1,2,0,-1,0,-1,4,3,-1,1,0,1,3,4,1,-1,5,1,-1,-1,1,5,3,3,4,1,-1,2,4,4,1,2,2,5,5,0,0,4,1,-1,4,-1,5,4,3,2,-1,2,4,-1,0,0,3,0,1,-1,1,4,-1,2,2,3,3,-1,1
4526.05665104,4,-1,2,5,3,0,4,4,3,-1,3,5,-1,2,2,5,0,2,1,3,2,2,-1,5,0,5,5,5,4,1,-1,5,0,4,4,-1,5,3,5,2,3,2,0,1,4,3,1,4,1,2,1,0,1,3,-1,1,-1,4,4,-1,-1,0,5,3,3,2,0,0,1,0,1,4,5,0,0,3,-1,2,4,2,-1,2,1,3,1,4,1,2,5,3
4599.3518287,4,4,2,2,2,1,2,5,4,3,5,0,1,5,5,3,5,-1,1,1,-1,5,0,3,3,-1,0,2,2,-1,5,3,0,3,2,3,-1,3,2,2,2,1,-1,3,1,1,4,0,5,4,0,1,5,2,-1,-1,4,1,4,4,5,3,4,3,4,1,-1,1,2,1,0,-1,1,4,4,4,-1,3,0,2,0,5,3,-1,-1,0,2,-1,0,-1
4412.53550047,4,1,2,1,5,4,4,3,3,3,-1,-1,1,2,3,5,5,1,3,1,3,1,-1,-1,4,1,0,1,-1,4,3,3,-1,0,1,-1,1,2,5,2,-1,0,5,-1,-1,2,0,1,0,5,3,3,1,3,2,4,4,1,-1,2,-1,5,2,2,-1,3,5,2,0,0,5,5,5,2,0,4,-1,1,0,-1,4,2,-1,4,5,0,3,4,0,0
4463.12644801,4,5,5,1,-1,-1,0,2,1,3,5,-1,2,-1,1,4,2,-1,2,2,0,-1,4,-1,3,0,1,1,3,2,-1,2,4,5,5,0,0,2,2,-1,0,4,3,3,0,-1,-1,0,-1,4,4,1,-1,5,3,2,0,4,-1,5,3,3,3,0,5,1,1,1,-1,4,1,3,5,4,-1,2,-1,1,3,5,2,4,3,1,5,5,3,5,4,1
4658.33346998,4,1,3,4,4,3,4,1,1,4,3,4,5,5,4,0,2,3,0,2,3,5,-1,5,1,2,0,0,3,1,5,1,0,0,4,1,4,2,4,-1,3,2,-1,2,2,5,5,2,0,-1,1,-1,3,1,2,0,-1,2,4,0,-1,2,2,0,-1,5,3,5,3,1,1,4,2,5,-1,0,3,1,4,-1,0,1,0,1,-1,2,3,-1,5,-1
4401.92374074,-1,3,3,3,-1,-1,5,3,2,2,-1,4,1,2,0,-1,5,4,3,1,1,5,-1,3,2,5,3,-1,0,5,1,4,-1,2,5,1,3,-1,-1,0,-1,-1,1,3,4,3,0,-1,0,0,1,-1,1,0,2,-1,0,2,5,-1,2,5,5,4,3,2,5,5,4,-1,5,0,4,0,4,1,0,5,5,3,1,3,1,-1,0,-1,0,3,1,4
4480.15462059,-1,4,-1,2,3,0,4,0,-1,-1,3,2,3,0,-1,-1,3,1,0,3,5,4,5,2,-1,0,3,4,3,-1,2,-1,1,4,1,1,1,5,-1,1,3,2,1,2,0,0,5,4,1,4,-1,0,2,3,-1,2,3,0,4,1,0,1,4,2,2,4,5,-1,1,-1,3,5,1,3,2,-1,5,3,4,2,1,-1,4,-1,0,3,0,5,0,4
4357.99599117,5,-1,4,-1,2,0,1,2,3,5,-1,2,-1,4,-1,4,1,-1,2,0,4,1,5,0,3,3,4,3,4,-1,4,5,-1,0,1,1,3,1,0,-1,1,2,2,0,3,-1,-1,5,5,2,1,4,3,5,0,3,0,3,2,0,5,4,2,-1,1,0,3,-1,4,4,1,5,4,2,-1,-1,2,1,3,5,5,3,5,2,2,1,0,-1,3,4
4555.67086424,5,1,0,4,4,-1,-1,-1,-1,4,1,3,2,-1,5,2,1,5,5,2,3,2,-1,4,1,1,1,1,3,-1,3,1,3,0,0,1,2,0,2,1,3,0,-1,1,5,5,-1,2,4,2,0,0,2,0,4,-1,-1,-1,3,4,0,5,0,0,3,4,5,-1,-1,5,2,4,2,-1,3,5,3,2,1,4,4,5,2,4,3,1,2,-1,4,1
4603.79396068,5,-1,-1,3,-1,4,-1,0,2,5,4,3,-1,1,4,0,4,5,-1,5,2,5,0,-1,3,4,1,2,1,-1,2,2,-1,4,0,1,0,1,2,4,4,-1,1,0,2,1,5,3,2,3,4,3,5,-1,0,2,-1,3,5,1,2,2,-1,4,0,2,5,1,4,3,3,-1,3,0,-1,4,2,1,1,1,2,0,0,3,0,1,3,5,1,3
4177.34929068,1,3,2,2,0,-1,5,5,0,5,-1,1,0,4,5,3,1,1,0,2,-1,1,-1,1,3,-1,5,-1,4,-1,5,-1,3,-1,-1,4,3,-1,0,5,-1,-1,2,3,-1,4,4,0,0,4,3,-1,1,-1,4,0,2,4,2,1,4,5,0,-1,0,5,1,2,4,5,-1,2,3,0,-1,1,1,5,2,0,0,-1,5,3,0,3,-1,-1,3,3
4596.8839776,-1,4,3,5,0,-1,0,-1,4,5,2,-1,4,0,3,-1,-1,1,1,4,2,-1,3,1,5,0,4,-1,3,5,4,0,4,3,5,0,5,3,1,2,3,2,1,5,2,2,0,0,0,1,4,4,3,1,2,2,5,-1,4,1,4,-1,4,1,4,5,4,2,1,5,3,1,-1,2,0,3,5,2,2,-1,1,-1,2,0,0,-1,-1,0,3,1
4541.11054275,-1,0,3,-1,-1,4,2,-1,4,0,2,5,4,2,-1,4,2,-1,-1,2,2,3,-1,4,1,4,3,3,2,3,0,-1,1,4,3,4,0,1,2,-1,-1,1,0,2,0,0,1,-1,2,1,1,1,1,4,3,1,3,3,2,3,5,1,-1,3,4,0,4,-1,2,0,5,3,3,0,5,0,5,-1,0,2,-1,-1,2,-1,3,1,4,-1,4,5
4630.69353766,0,5,3,4,2,3,2,2,2,5,2,4,5,3,1,1,5,0,4,1,2,2,-1,-1,5,1,5,4,1,4,-1,0,-1,1,5,3,0,0,4,5,1,5,2,1,2,3,-1,-1,0,-1,4,5,-1,1,5,3,-1,3,4,3,2,1,-1,0,4,5,-1,0,4,-1,2,2,3,0,4,1,-1,3,0,2,3,4,1,1,0,0,-1,0,2,3
4394.27340233,1,1,5,5,-1,0,2,4,3,-1,4,2,-1,2,1,-1,0,0,2,3,4,5,-1,3,2,1,4,4,-1,5,5,3,3,1,-1,5,4,2,2,1,1,4,5,0,-1,3,0,3,3,4,5,5,0,5,3,0,1,4,0,1,0,0,1,5,3,3,2,4,-1,4,5,2,-1,-1,-1,-1,4,4,3,-1,2,0,0,-1,5,2,1,2,1,3
4672.89379146,1,3,5,-1,1,4,-1,-1,4,5,4,2,4,2,0,4,1,-1,-1,1,0,1,1,1,0,0,3,0,-1,0,3,4,-1,4,5,4,0,2,2,4,1,5,-1,0,2,1,-1,1,0,2,0,5,3,3,4,3,4,-1,2,0,-1,3,3,4,-1,3,3,2,2,4,1,2,0,5,-1,2,3,3,5,-1,5,3,0,1,1,5,2,3,5,2
4647.22814003,-1,5,0,4,1,5,1,-1,1,3,-1,1,3,3,5,1,-1,-1,-1,3,-1,4,4,-1,0,-1,2,1,2,0,1,2,5,5,2,4,0,2,1,-1,0,0,2,2,4,1,4,1,5,4,3,5,0,3,3,4,4,0,2,5,0,3,0,1,-1,2,-1,0,2,5,4,-1,5,2,4,2,3,-1,2,3,1,3,3,3,2,0,5,-1,5,-1
4283.71367307,4,2,2,5,-1,2,2,3,4,3,4,-1,5,3,4,1,2,2,2,0,4,3,-1,0,1,0,3,3,0,0,4,0,-1,5,5,-1,1,4,-1,4,2,5,1,4,-1,-1,-1,-1,1,0,2,2,5,0,3,-1,0,5,1,3,-1,0,5,4,3,-1,5,-1,1,4,-1,5,0,-1,-1,5,3,4,1,5,1,0,4,3,3,5,1,1,3,2
4553.69658336,0,4,4,2,3,-1,0,4,3,5,-1,-1,5,2,0,3,-1,1,4,2,4,4,-1,-1,-1,2,2,1,1,-1,1,2,5,1,1,5,0,3,0,3,5,1,2,0,4,2,4,2,4,3,4,2,0,1,-1,0,1,3,4,4,0,3,1,0,4,4,-1,3,1,-1,0,5,-1,4,-1,0,3,2,5,-1,-1,0,-1,3,2,2,3,1,5,1
4516.67881687,5,1,4,2,0,3,4,2,-1,2,2,2,1,-1,1,3,2,1,0,0,1,1,-1,-1,-1,-1,-1,0,0,2,0,4,1,3,-1,-1,3,2,4,-1,4,-1,4,4,-1,0,4,5,1,5,4,3,3,0,5,5,-1,4,0,1,-1,0,3,5,0,0,1,-1,5,2,4,3,-1,1,5,2,5,3,1,3,5,4,4,-1,2,1,0,1,3,2
4644.26671871,1,3,1,5,2,4,2,1,1,3,3,5,1,0,4,4,2,1,4,-1,3,4,5,2,-1,1,4,2,-1,-1,-1,5,0,3,5,4,4,1,2,2,-1,-1,2,0,4,0,0,2,5,3,3,1,-1,0,4,2,2,4,-1,-1,0,0,2,5,-1,3,4,2,0,1,0,5,5,1,3,0,0,3,-1,1,0,-1,5,-1,3,3,1,5,4,1
4610.21037354,1,4,-1,4,1,3,4,0,-1,-1,0,0,0,2,2,1,2,-1,1,4,0,0,1,5,5,3,3,-1,0,1,3,4,1,4,3,2,4,2,-1,-1,3,4,3,2,1,-1,4,-1,5,4,3,5,3,5,1,-1,5,1,-1,5,0,5,5,0,2,5,4,2,5,5,-1,1,2,4,0,2,4,5,2,3,0,2,0,-1,5,0,2,3,-1,1
4468.55572042,3,0,5,3,2,2,-1,1,3,0,2,2,5,5,0,-1,-1,-1,4,5,3,5,2,-1,3,4,0,-1,5,-1,-1,4,2,0,1,-1,-1,1,3,0,-1,-1,1,5,4,4,-1,0,3,3,4,1,-1,1,4,2,3,-1,4,-1,0,0,0,4,5,0,-1,3,5,4,1,5,1,4,-1,2,0,0,-1,3,2,5,1,5,0,2,3,2,1,1
4552.46265781,5,1,2,5,0,-1,-1,5,-1,2,0,2,-1,0,0,-1,1,-1,1,-1,2,3,5,1,2,5,0,5,2,2,-1,-1,1,3,0,1,-1,3,-1,1,5,1,1,3,4,1,4,3,3,-1,1,3,3,5,2,0,-1,-1,4,5,0,0,3,4,4,3,4,-1,4,2,0,0,0,0,4,4,4,2,4,0,5,-1,2,4,3,1,2,1,-1,-1
4587.25935831,-1,1,1,4,5,-1,0,1,0,0,-1,4,-1,1,2,2,4,0,0,2,3,0,3,4,5,2,0,-1,1,2,-1,5,3,4,5,1,4,2,2,1,1,0,3,0,2,1,2,5,0,-1,1,3,2,0,3,4,1,3,5,3,-1,2,3,3,4,0,-1,-1,5,2,2,4,-1,0,-1,5,4,1,4,1,-1,5,3,-1,5,1,-1,4,3,0
4289.14294549,-1,3,5,4,1,4,3,3,3,2,0,1,3,-1,-1,5,3,-1,5,5,0,-1,1,5,0,2,-1,1,4,-1,-1,2,-1,1,0,-1,2,4,3,5,4,5,-1,-1,-1,3,-1,-1,2,2,0,5,0,5,3,4,0,1,2,5,-1,2,3,1,2,2,4,4,1,0,3,5,5,3,4,5,2,3,3,2,2,1,-1,-1,4,0,1,2,1,1
4498.41671873,5,2,2,1,-1,4,3,5,4,3,2,5,4,3,5,-1,2,-1,4,3,-1,5,-1,0,-1,0,4,0,3,4,2,3,0,3,-1,-1,4,1,3,1,4,2,-1,1,-1,2,1,1,0,-1,0,3,2,2,0,4,2,0,2,-1,4,4,-1,0,0,4,-1,1,5,1,1,0,0,2,-1,3,3,-1,2,5,4,5,1,3,1,5,4,-1,0,1
4464.60715867,4,1,2,1,0,5,4,2,2,-1,3,3,-1,2,4,-1,-1,2,5,0,5,0,-1,1,-1,5,3,5,2,3,-1,5,-1,5,5,2,4,-1,2,4,0,0,1,3,5,2,0,2,2,3,2,1,0,5,0,1,1,-1,4,-1,5,1,4,3,4,4,3,1,0,5,0,5,-1,3,3,0,3,2,4,4,3,1,4,-1,-1,-1,4,-1,1,0
4519.14666796,5,-1,1,5,5,4,2,-1,0,-1,0,0,1,3,0,0,3,2,2,1,5,1,4,4,4,-1,2,3,5,3,-1,4,-1,-1,1,2,-1,2,3,-1,-1,5,-1,3,0,0,1,-1,0,-1,2,2,5,3,0,-1,0,3,1,-1,5,2,1,1,3,-1,5,3,4,2,2,2,3,0,4,1,4,2,1,4,4,1,5,5,4,4,5,1,0,0
4570.72475594,1,3,-1,4,3,-1,1,2,-1,4,3,-1,3,2,2,1,-1,0,-1,1,0,5,3,-1,-1,0,0,2,3,3,5,2,1,-1,4,2,1,1,-1,-1,1,2,3,5,0,0,4,-1,5,0,2,4,-1,0,3,-1,5,3,-1,2,0,-1,5,1,0,2,5,0,3,5,-1,4,3,2,4,4,-1,2,1,1,-1,3,1,4,-1,4,2,0,0,5
4468.80250553,2,3,4,3,0,-1,2,5,4,-1,3,1,4,4,4,-1,4,0,0,1,0,0,1,2,2,4,-1,1,4,5,3,0,5,3,1,1,-1,2,3,0,-1,5,3,5,2,5,5,0,-1,4,0,3,-1,-1,2,-1,5,0,3,1,3,1,1,4,1,-1,-1,4,3,1,2,4,5,3,2,2,0,4,5,2,-1,3,-1,-1,2,4,2,-1,-1,1
4675.60842767,3,1,-1,0,-1,5,4,4,3,0,3,3,2,1,3,5,0,-1,-1,4,0,5,2,5,5,3,3,-1,2,2,2,4,5,-1,5,3,1,-1,1,2,3,5,3,2,4,4,-1,-1,0,1,4,2,-1,3,-1,4,4,1,0,0,2,1,1,5,2,1,1,2,5,4,-1,4,0,1,4,2,0,1,0,1,3,4,1,0,-1,0,-1,3,-1,1
4636.12281008,-1,4,1,1,3,-1,2,0,4,5,2,0,3,0,3,2,-1,-1,5,-1,-1,-1,3,-1,3,1,3,4,2,5,3,2,1,0,5,1,2,2,0,2,5,4,5,-1,4,1,4,-1,5,0,0,0,3,2,4,1,1,2,5,1,4,0,1,2,4,0,-1,0,-1,4,3,-1,2,5,3,1,3,5,5,3,5,-1,4,1,1,-1,0,4,2,4
4689.18160872,3,2,0,3,1,3,0,3,4,1,0,-1,5,-1,3,4,5,2,0,-1,5,4,5,1,5,0,0,4,3,3,-1,-1,3,1,5,1,4,3,4,4,4,0,2,0,3,2,-1,-1,2,1,5,5,2,1,2,0,4,5,2,4,-1,1,3,-1,-1,5,0,1,3,5,-1,0,1,0,1,0,4,1,4,-1,4,2,2,2,5,2,4,0,-1,2
4280.50546664,0,3,5,-1,1,0,3,-1,4,5,-1,2,5,4,5,0,-1,4,3,2,-1,3,3,-1,2,0,4,0,1,3,1,5,-1,5,2,-1,2,-1,2,3,1,3,-1,5,1,-1,0,-1,2,-1,1,4,3,2,5,5,4,2,5,2,1,-1,3,0,-1,5,0,4,3,5,1,4,1,3,2,4,0,0,-1,2,2,3,1,-1,1,4,4,3,0,-1
4904.3782246,3,0,-1,0,4,-1,4,2,1,3,0,4,3,2,1,3,1,-1,1,1,4,1,5,1,-1,0,0,2,3,0,1,1,5,5,4,3,5,2,2,5,3,4,-1,4,1,1,2,0,2,4,0,5,-1,5,2,5,0,3,3,2,2,0,1,5,5,1,3,4,-1,0,3,-1,1,-1,1,2,4,0,2,3,0,-1,4,5,5,2,5,3,4,0
4431.78473904,3,1,0,2,2,1,0,1,4,1,2,5,-1,3,5,-1,3,-1,-1,5,1,3,4,0,-1,5,3,2,2,4,3,-1,5,0,2,1,2,-1,1,4,2,0,-1,0,1,1,0,0,-1,-1,5,0,2,3,-1,5,0,2,5,1,3,0,4,0,-1,3,1,-1,4,-1,2,5,4,4,3,1,4,4,2,5,3,4,4,5,5,1,3,-1,-1,3
4629.212827,5,2,3,1,2,-1,2,4,2,3,3,0,2,0,3,-1,1,4,5,1,0,4,5,4,5,3,4,-1,2,2,0,2,1,3,0,5,4,-1,3,3,0,2,4,5,1,3,-1,0,3,4,4,-1,1,4,3,1,0,-1,5,1,-1,2,0,-1,-1,1,1,5,5,2,1,-1,-1,4,5,3,-1,0,1,5,2,2,4,3,2,-1,1,-1,0,-1
4650.18956135,2,5,3,-1,2,5,-1,1,2,1,0,4,-1,-1,4,0,3,5,2,4,1,3,2,5,3,2,4,3,4,2,1,0,2,4,3,-1,3,2,5,-1,4,1,0,3,0,5,-1,4,1,4,-1,5,5,1,0,0,-1,-1,1,3,1,2,2,4,5,4,0,-1,-1,5,-1,3,0,5,2,3,-1,-1,0,3,1,3,0,0,4,4,0,-1,1,1
4582.57044122,0,2,5,-1,-1,5,1,2,-1,3,-1,0,3,4,3,3,1,-1,4,-1,3,0,3,-1,4,0,-1,0,5,-1,2,0,2,5,1,5,-1,3,4,5,1,-1,1,4,0,0,-1,2,3,0,1,3,3,1,1,1,0,1,2,-1,4,0,1,4,-1,0,0,4,4,-1,4,-1,4,4,-1,3,4,1,2,-1,2,0,5,0,-1,-1,1,2,-1,3
4455.96967982,2,0,1,1,5,1,5,0,2,3,5,4,-1,4,5,-1,4,2,3,-1,5,4,-1,3,1,3,5,0,-1,-1,2,3,3,3,4,3,1,5,5,5,0,2,1,3,5,0,0,-1,-1,-1,1,2,2,4,1,0,4,0,2,-1,2,4,2,2,3,5,0,0,4,5,4,2,4,3,4,1,0,2,-1,0,-1,1,-1,5,1,0,3,3,-1,-1
4254.83981521,3,0,0,2,-1,5,1,-1,3,-1,3,2,3,1,4,3,4,4,4,-1,1,2,1,0,5,1,3,-1,4,-1,3,4,3,5,2,-1,1,2,0,-1,-1,3,-1,4,3,-1,1,1,4,5,1,-1,5,5,0,5,5,5,2,4,2,2,3,-1,5,0,-1,3,0,2,2,-1,5,1,0,2,4,3,4,1,2,-1,-1,0,4,-1,0,2,4,3
4442.14971366,3,3,0,1,5,2,5,1,2,2,1,-1,5,3,-1,4,0,4,1,1,0,2,1,0,2,2,2,4,5,0,4,-1,0,-1,5,0,1,0,5,5,-1,3,5,3,2,5,3,5,1,3,-1,-1,5,3,-1,2,-1,4,0,4,4,3,1,-1,-1,0,-1,4,3,3,1,-1,2,-1,1,3,-1,4,-1,0,-1,2,2,0,1,1,1,0,4,4
4750.13753088,1,0,2,2,0,5,3,1,4,-1,4,2,4,1,0,-1,4,5,3,1,4,4,-1,2,0,3,3,5,-1,0,4,-1,3,5,4,-1,2,2,1,4,5,3,3,2,1,0,-1,0,-1,0,0,0,2,-1,5,5,1,2,1,5,1,0,2,0,-1,0,3,3,2,4,3,4,1,3,3,5,-1,-1,1,3,4,1,4,2,-1,1,3,2,5,5
4543.57839385,-1,0,3,3,1,5,2,-1,3,0,2,3,2,0,4,1,-1,2,0,2,2,1,1,0,-1,2,2,2,0,-1,-1,-1,4,4,1,-1,3,0,5,2,0,1,-1,3,-1,0,2,-1,0,2,4,-1,3,4,1,1,3,4,2,3,4,4,3,-1,2,0,5,-1,1,1,1,-1,5,0,3,5,5,3,4,4,5,3,0,0,-1,4,5,5,4,5
4350.34565276,-1,4,4,5,4,1,1,2,1,5,3,3,-1,1,-1,5,-1,0,2,2,1,0,-1,3,3,4,3,2,-1,2,4,3,-1,5,4,0,5,2,3,5,4,2,-1,3,-1,2,3,-1,2,1,-1,-1,5,5,0,-1,4,4,1,1,5,-1,1,2,2,3,3,1,0,4,1,1,4,5,0,-1,0,4,-1,1,4,0,3,-1,1,3,2,2,0,3
4644.0199336,1,5,1,5,2,4,5,3,3,-1,-1,-1,1,5,3,3,-1,-1,1,-1,3,0,2,0,4,0,2,1,-1,2,4,0,3,0,3,-1,4,3,4,1,1,-1,3,2,2,2,5,2,2,5,5,-1,4,3,3,-1,5,0,0,3,4,4,3,-1,1,1,1,4,0,0,2,2,1,-1,5,0,2,-1,5,0,4,1,1,2,2,5,4,1,0,4
4496.93600807,2,0,-1,3,1,5,-1,4,2,1,-1,1,0,4,0,3,1,3,-1,-1,-1,5,0,4,2,3,1,5,2,4,-1,-1,4,5,5,5,4,3,0,-1,-1,4,1,5,3,4,2,1,4,2,2,4,0,4,5,-1,5,2,0,4,-1,3,0,1,3,0,0,5,3,4,2,4,0,1,0,0,5,2,2,-1,1,-1,-1,1,3,1,2,3,5,0
4386.1294937,1,3,-1,3,0,-1,-1,1,0,1,-1,5,5,-1,4,3,2,-1,1,2,3,0,1,4,1,0,0,5,2,2,4,-1,-1,5,3,-1,1,2,-1,4,4,2,1,3,0,-1,1,4,3,5,-1,2,-1,1,0,5,5,5,2,-1,3,2,0,3,4,2,4,4,-1,0,4,0,4,5,3,2,1,0,4,-1,3,5,3,1,3,5,4,2,0,-1
4587.75292853,1,2,-1,3,5,5,3,1,1,3,4,2,2,-1,1,2,2,5,2,-1,4,5,-1,5,-1,0,2,0,-1,0,-1,5,2,3,1,-1,-1,0,3,4,0,5,1,2,5,0,4,-1,3,1,4,-1,3,4,4,0,4,3,3,0,-1,0,2,0,4,3,-1,-1,1,0,2,-1,4,1,1,4,0,4,5,2,4,3,5,3,2,2,0,1,3,5
4556.16443446,3,2,1,0,0,5,5,1,3,0,4,-1,2,1,0,0,4,-1,2,4,3,0,4,4,0,-1,5,3,1,3,3,0,3,5,-1,1,4,5,0,1,1,3,3,1,1,4,1,3,-1,2,4,2,-1,5,2,-1,4,5,-1,5,4,2,-1,5,1,-1,-1,-1,5,5,2,4,4,-1,2,3,0,0,2,2,1,0,2,1,2,5,-1,3,0,4
4545.05910451,-1,0,2,4,0,5,-1,0,5,2,0,1,5,4,4,1,2,4,3,3,0,2,-1,2,3,2,5,2,4,-1,-1,1,5,4,0,-1,3,3,0,1,3,1,0,1,3,3,3,5,5,2,3,4,2,0,5,4,1,2,-1,1,2,-1,-1,0,3,5,5,4,3,1,4,-1,2,4,4,-1,-1,-1,0,1,5,1,1,-1,3,0,0,5,2,5
4389.09091502,0,2,0,1,0,1,0,5,5,5,-1,4,1,4,-1,4,-1,3,1,2,3,2,5,5,1,4,3,5,0,-1,4,-1,-1,-1,5,1,3,1,0,-1,0,3,2,-1,2,-1,3,3,4,3,-1,3,2,3,0,1,-1,5,-1,4,0,1,0,2,1,3,2,-1,5,2,4,0,4,0,-1,-1,2,5,1,-1,-1,5,4,-1,-1,4,2,3,0,3
4495.2085123,4,0,-1,0,1,1,0,-1,-1,-1,-1,3,1,5,3,2,4,-1,1,3,5,1,4,5,5,2,5,5,4,4,3,3,3,4,0,2,0,0,5,-1,2,1,-1,1,-1,1,4,-1,2,4,1,2,-1,3,3,2,0,-1,2,1,-1,0,4,0,5,5,4,3,0,5,5,-1,-1,4,4,1,3,4,2,5,1,2,2,3,2,0,0,1,2,5
4558.38550045,2,0,1,-1,-1,0,4,-1,-1,-1,2,1,5,5,1,5,3,5,5,4,2,5,5,1,4,3,-1,3,-1,2,1,0,2,4,4,4,-1,1,4,-1,0,5,-1,3,2,1,2,-1,1,0,-1,0,0,0,1,1,3,0,-1,3,2,-1,4,5,2,5,0,0,3,2,5,3,4,-1,3,3,4,0,2,2,2,4,3,-1,-1,1,0,1,3,5
4542.59125341,3,0,1,1,0,4,4,0,0,-1,4,5,2,4,3,-1,5,4,5,1,1,5,-1,5,3,5,2,2,-1,1,5,5,0,5,1,5,2,0,4,3,-1,-1,-1,-1,2,4,5,0,2,2,2,5,0,4,4,2,-1,-1,-1,0,3,-1,-1,3,-1,-1,0,4,4,4,0,3,1,5,2,1,1,3,2,0,3,1,1,-1,3,1,1,0,3,0
4590.96113496,-1,3,0,-1,1,2,1,5,0,2,3,2,-1,-1,3,3,5,4,-1,0,5,2,4,-1,-1,4,3,0,2,4,2,2,-1,3,5,0,4,1,1,3,2,4,-1,1,3,1,4,-1,-1,2,4,2,-1,3,1,2,5,0,0,1,1,-1,-1,-1,1,0,-1,5,4,4,0,3,1,5,3,0,1,-1,0,1,-1,-1,3,3,3,4,0,1,-1,4
4509.02847846,2,2,-1,0,5,1,-1,1,1,2,3,-1,-1,2,1,1,-1,2,-1,1,4,-1,3,0,-1,3,4,3,4,0,0,0,-1,2,5,-1,-1,2,4,1,1,2,4,2,5,3,3,4,5,0,2,0,0,5,-1,4,0,0,1,0,3,4,3,-1,2,3,5,3,-1,5,0,3,5,4,3,3,-1,2,-1,2,1,4,1,4,4,4,0,-1,5,5
4257.55445142,-1,4,2,3,0,2,2,4,0,1,1,3,2,-1,3,1,0,-1,1,5,5,5,3,2,3,3,5,4,4,5,2,3,3,4,0,2,4,-1,1,-1,1,-1,3,5,-1,0,4,1,2,3,1,1,0,1,5,-1,0,-1,-1,1,-1,2,-1,4,2,-1,4,4,0,5,-1,2,1,0,4,4,-1,3,4,3,-1,0,0,-1,2,5,-1,1,5,5
4695.84480669,1,3,4,5,0,2,2,2,3,-1,2,2,2,5,2,4,4,1,2,5,3,0,5,5,4,4,3,0,0,3,-1,4,-1,0,1,1,1,-1,5,-1,-1,-1,2,1,2,5,-1,-1,0,0,5,-1,3,4,2,-1,0,4,0,1,5,4,1,3,1,0,0,1,5,4,3,0,2,0,3,5,3,2,4,2,3,1,-1,3,1,0,3,-1,-1,1
4743.47433291,4,1,1,3,-1,5,0,1,3,4,5,0,-1,5,4,4,4,0,5,3,1,2,-1,2,3,5,0,2,3,1,3,2,-1,2,4,0,4,5,2,1,2,1,0,2,3,0,4,4,-1,2,5,-1,0,2,0,-1,4,-1,1,3,3,-1,3,2,0,5,2,1,0,4,3,3,1,1,5,-1,2,5,2,4,1,1,-1,3,-1,3,1,5,5,5
4496.44243785,1,-1,4,5,1,-1,4,3,4,0,0,1,5,0,-1,1,-1,3,2,3,3,2,-1,5,1,5,4,5,5,0,1,-1,2,3,0,2,0,2,2,4,4,4,4,2,-1,0,5,1,1,4,4,5,2,5,3,-1,5,2,0,-1,3,4,-1,1,3,1,0,3,-1,5,2,2,3,1,5,0,2,4,5,1,-1,0,0,3,-1,3,-1,2,-1,5
4552.70944292,-1,3,-1,4,4,0,4,1,1,3,-1,5,5,2,0,-1,0,3,4,-1,4,-1,4,4,2,2,3,2,4,-1,1,2,-1,1,1,1,5,5,1,3,3,0,1,1,-1,-1,5,-1,1,0,1,4,0,2,3,5,-1,5,2,3,-1,-1,0,5,5,2,3,2,4,4,0,5,2,4,2,1,0,5,0,-1,0,3,3,3,2,2,2,4,5,3
4325.42035665,4,5,4,5,3,3,4,2,5,2,1,2,4,0,5,0,3,-1,0,-1,3,1,-1,3,3,2,3,4,-1,0,-1,5,0,3,1,1,2,-1,-1,-1,-1,5,4,4,3,0,0,5,2,4,-1,-1,-1,4,1,-1,1,1,0,3,5,0,2,0,-1,1,1,2,2,0,-1,1,0,4,-1,-1,1,2,1,0,-1,3,0,4,3,5,-1,4,1,-1
4479.16748015,3,5,-1,0,2,4,4,1,1,-1,0,-1,-1,1,0,5,2,4,2,3,-1,3,-1,4,5,5,3,0,3,5,-1,1,5,-1,1,5,2,3,4,2,4,2,1,5,0,1,4,0,4,3,2,5,1,5,0,2,1,1,0,0,-1,5,2,3,2,0,4,1,-1,0,4,3,4,0,-1,0,-1,5,-1,0,-1,2,-1,3,1,4,5,5,-1,3
4477.19319927,0,3,2,4,-1,3,-1,-1,3,-1,1,0,2,3,4,1,0,4,5,1,-1,-1,2,4,0,-1,5,0,1,2,2,3,2,3,-1,1,4,3,-1,0,4,0,2,2,3,4,4,5,5,5,2,-1,5,3,1,5,0,1,3,0,5,5,1,-1,0,5,3,-1,-1,-1,2,0,2,1,2,4,3,0,-1,2,5,4,5,4,-1,4,1,4,1,1
4379.46629573,2,3,-1,4,0,5,2,4,-1,5,0,2,5,-1,2,0,5,5,0,4,3,2,4,4,0,0,2,3,4,3,1,1,5,3,1,2,0,-1,3,4,-1,1,1,3,4,5,-1,2,-1,-1,3,1,3,0,1,-1,-1,1,0,1,4,-1,-1,0,3,0,-1,-1,3,5,1,-1,2,1,5,-1,5,2,0,3,4,0,2,2,-1,-1,3,5,4,-1
4795.54599111,0,1,4,-1,4,2,4,5,1,5,0,2,0,3,-1,-1,4,4,3,3,2,-1,1,3,-1,1,4,0,1,4,4,2,1,-1,5,3,1,4,0,0,1,5,2,2,1,0,0,3,4,0,5,0,5,0,1,-1,5,-1,3,2,0,3,2,-1,-1,3,5,2,-1,2,5,4,2,0,5,1,4,4,3,5,2,-1,0,3,1,-1,3,2,3,5
4573.43939215,3,4,-1,-1,1,5,-1,5,2,1,0,-1,5,4,4,2,1,1,0,2,0,3,3,4,5,4,-1,-1,3,1,5,2,1,0,5,-1,4,-1,0,0,-1,-1,4,4,1,4,0,3,3,2,3,0,3,0,0,1,5,-1,0,5,2,5,0,2,-1,-1,2,3,2,1,0,5,2,2,3,1,4,5,5,5,0,4,4,2,-1,4,4,2,1,3
4551.96908759,1,0,0,2,1,1,1,-1,0,1,2,-1,-1,3,-1,4,0,3,3,2,-1,0,2,3,2,0,-1,1,3,5,2,0,3,-1,-1,4,-1,-1,-1,0,-1,4,-1,0,-1,2,1,3,3,4,3,5,4,5,5,5,3,-1,1,0,5,5,5,4,2,1,4,4,0,2,1,0,4,1,4,3,5,5,2,0,0,2,3,0,-1,2,2,3,4,4
4644.51350382,1,3,2,0,2,1,0,1,5,0,5,0,3,-1,-1,4,5,2,5,1,1,5,-1,2,1,3,4,-1,-1,2,0,0,5,-1,3,1,0,1,-1,3,4,4,5,3,0,1,3,2,3,3,5,2,4,2,-1,2,1,3,3,2,5,-1,3,0,2,1,5,4,2,4,4,3,1,3,3,-1,4,4,0,4,-1,0,5,-1,-1,2,0,-1,5,5
4648.21528047,1,4,-1,5,4,2,4,0,0,3,4,1,4,4,2,-1,5,3,2,0,4,0,3,-1,3,2,2,-1,4,1,1,-1,2,5,-1,-1,-1,4,3,3,5,4,2,0,1,3,3,-1,1,2,4,2,1,3,5,0,-1,1,2,5,3,1,3,2,4,1,5,5,0,2,5,0,0,-1,0,0,-1,5,0,3,3,4,1,0,-1,4,-1,-1,2,1
4607.24895222,2,0,0,2,-1,-1,-1,2,2,3,5,4,0,4,4,1,-1,5,4,-1,1,3,1,-1,4,2,-1,5,-1,2,0,-1,0,-1,5,3,5,1,3,0,1,1,0,3,1,0,3,0,3,2,5,5,3,2,1,5,3,2,3,4,1,1,-1,0,4,-1,4,2,3,2,4,5,5,4,-1,4,2,5,3,1,1,0,0,0,4,-1,5,-1,5,4
4516.67881687,-1,0,0,5,2,0,-1,-1,5,3,2,4,5,4,0,2,-1,0,1,2,1,1,4,0,1,-1,2,0,3,5,-1,2,5,-1,0,3,2,3,4,0,3,3,2,3,4,2,1,1,1,4,2,-1,-1,5,4,1,5,2,2,0,3,4,5,3,4,1,4,3,3,1,3,1,5,-1,2,-1,5,0,-1,4,0,1,1,0,-1,5,-1,2,4,-1
4527.5373617,-1,0,4,1,-1,-1,1,1,1,2,4,2,0,2,3,0,0,5,5,3,-1,5,5,4,3,2,-1,0,0,1,5,2,3,2,3,0,3,-1,5,4,5,4,0,-1,0,3,2,5,2,1,4,1,3,-1,5,4,-1,3,4,3,1,1,1,4,-1,3,2,-1,-1,-1,-1,3,5,4,2,1,3,0,0,-1,1,2,5,4,4,-1,1,5,2,2
4772.34819077,5,1,4,-1,4,5,2,5,2,2,4,2,2,3,-1,0,-1,2,2,0,4,2,4,4,-1,4,0,0,3,2,1,-1,5,3,3,1,1,0,-1,0,3,2,-1,0,1,4,3,0,0,2,0,4,3,4,5,4,3,1,1,1,-1,-1,0,4,-1,5,2,-1,-1,1,1,0,2,2,1,5,3,3,5,0,-1,4,4,1,-1,3,1,0,3,1
4607.98930755,1,5,-1,-1,-1,-1,1,2,1,4,1,5,4,4,4,3,-1,4,4,3,3,0,0,4,1,0,4,1,3,-1,3,-1,0,3,0,5,-1,4,2,1,-1,-1,3,1,-1,0,2,3,0,0,3,3,4,5,5,1,2,-1,0,2,0,0,2,1,4,-1,1,3,5,0,2,4,0,2,1,3,5,5,0,1,-1,4,1,2,-1,5,2,-1,5,5
4416.97763245,2,5,-1,3,2,-1,0,1,4,-1,1,3,0,4,0,0,2,2,-1,5,-1,2,3,5,-1,3,4,2,2,4,1,2,-1,5,4,2,0,4,0,-1,1,2,3,4,2,1,1,0,-1,-1,5,3,1,2,0,5,3,0,1,1,5,0,-1,-1,4,-1,2,5,3,5,1,4,1,-1,3,-1,1,4,5,4,-1,0,4,-1,4,-1,1,0,3,0
4639.82458673,3,-1,2,0,4,1,1,2,3,0,5,-1,1,-1,1,0,-1,-1,3,2,3,5,4,3,1,1,5,3,2,4,4,1,0,1,4,4,1,-1,0,2,3,2,5,-1,1,5,3,-1,3,-1,0,2,5,2,2,1,-1,4,2,0,1,0,3,3,0,0,2,5,5,3,4,3,3,2,4,4,-1,2,5,-1,1,2,0,0,5,4,4,0,5,5
4611.6910842,-1,-1,4,4,2,2,2,-1,3,0,1,1,0,4,-1,2,-1,1,2,-1,0,5,5,4,3,1,2,0,0,3,3,0,-1,2,1,4,5,4,5,2,0,-1,1,3,1,-1,5,0,1,5,1,-1,0,2,3,4,5,4,2,4,3,5,-1,0,-1,5,1,-1,-1,2,-1,4,1,5,1,0,2,3,3,3,4,3,5,-1,2,5,3,0,4,2
4708.92441752,2,3,-1,3,-1,2,0,3,1,3,0,1,-1,-1,5,2,3,3,1,5,4,1,2,4,4,2,3,4,5,1,0,0,5,1,-1,5,-1,0,5,4,-1,2,0,1,3,2,-1,0,5,4,5,2,-1,2,4,5,-1,5,3,3,4,5,4,0,1,0,4,2,-1,1,4,2,4,-1,1,1,1,1,4,5,4,2,2,0,3,3,0,3,0,5
4521.36773395,-1,3,0,0,-1,5,1,3,5,2,3,2,1,2,4,5,-1,5,4,4,-1,5,3,4,5,0,5,1,0,-1,3,1,-1,3,0,0,5,4,4,0,4,2,3,0,1,4,2,3,0,-1,-1,0,4,5,0,-1,1,2,5,2,5,4,-1,5,0,2,-1,1,4,2,3,2,5,3,0,3,2,3,-1,2,-1,0,2,3,4,4,-1,5,1,1
4446.09827542,4,3,-1,2,5,-1,0,4,3,2,4,5,2,0,5,-1,5,5,5,2,0,0,4,2,-1,-1,4,1,2,5,-1,0,0,4,2,-1,2,-1,3,-1,1,2,4,3,-1,2,3,5,2,-1,3,3,-1,0,3,2,1,-1,0,3,3,0,1,1,-1,2,0,3,-1,5,1,-1,1,1,5,0,4,1,5,1,-1,4,-1,1,5,2,3,3,1,0
4509.02847846,3,2,0,1,1,0,5,-1,2,-1,5,5,4,-1,5,1,2,5,1,-1,3,0,0,4,-1,3,1,4,-1,1,0,4,4,-1,4,3,4,3,0,3,2,5,5,0,4,5,4,-1,1,0,2,1,1,2,5,3,2,1,-1,3,-1,-1,4,1,3,0,-1,4,2,3,3,4,4,1,2,2,2,2,3,1,5,3,-1,2,-1,4,0,0,-1,5
4680.05055965,1,0,2,-1,-1,5,2,1,1,4,4,-1,2,3,-1,3,5,4,0,-1,5,0,4,1,0,2,3,4,5,0,4,4,-1,2,0,3,-1,1,1,5,3,3,5,2,1,0,2,-1,0,-1,3,4,3,-1,3,3,4,5,5,3,4,0,2,5,5,2,-1,1,1,0,1,1,0,1,2,4,5,2,0,5,0,2,1,5,3,2,2,0,-1,-1
4503.84599115,2,1,5,2,-1,-1,5,2,-1,3,0,4,1,0,5,-1,3,4,1,2,1,2,0,-1,4,3,0,5,2,-1,3,4,5,5,2,-1,2,4,1,1,3,-1,2,1,1,0,-1,3,0,5,0,4,0,3,3,-1,1,2,1,5,-1,0,4,0,5,4,4,0,3,1,4,5,4,-1,5,3,-1,0,2,-1,1,0,5,2,3,2,-1,1,4,4
4841.44802156,3,2,5,-1,0,5,0,2,4,2,1,0,3,4,1,-1,0,2,4,-1,-1,5,-1,1,5,3,1,4,-1,0,3,2,3,5,1,2,5,2,4,0,-1,4,4,0,0,1,2,3,4,4,-1,4,5,2,1,3,-1,5,-1,5,1,3,0,1,-1,3,2,-1,1,1,0,3,5,5,4,0,1,0,3,0,2,4,4,1,5,5,3,3,0,2
4671.4130808,1,1,1,2,2,5,0,4,-1,4,4,1,3,3,-1,2,-1,-1,-1,-1,0,3,5,4,-1,1,0,0,5,1,1,4,4,1,-1,-1,3,2,0,0,4,3,3,4,-1,1,2,3,4,3,-1,-1,-1,2,-1,0,3,-1,1,4,0,0,3,5,2,4,-1,3,5,-1,0,-1,5,5,2,0,1,2,1,1,0,2,0,4,2,2,0,5,-1,2
4333.56426528,1,3,0,1,5,-1,1,5,-1,3,3,4,2,-1,5,3,0,3,5,2,0,1,3,-1,3,3,1,-1,3,4,2,4,3,4,0,-1,4,3,-1,1,5,1,4,2,3,4,5,3,4,-1,-1,-1,2,4,-1,0,0,5,5,2,0,1,2,-1,1,-1,0,1,1,4,2,0,2,2,0,2,-1,4,-1,5,-1,-1,4,4,1,2,2,-1,2,-1
4701.76764933,-1,1,2,3,5,-1,2,4,-1,1,2,3,1,1,0,5,0,0,0,1,3,0,-1,0,3,-1,5,5,-1,3,1,2,4,-1,4,-1,2,3,0,1,0,-1,2,5,1,1,3,-1,-1,-1,-1,5,1,4,3,2,3,1,1,2,0,5,1,4,3,2,1,2,-1,3,-1,2,2,0,4,2,4,2,4,3,4,4,4,-1,4,5,0,5,0,0
4697.07873224,5,3,1,1,2,4,0,1,5,3,4,2,4,2,4,0,0,2,2,3,1,0,5,2,-1,3,4,5,0,-1,2,0,-1,1,3,5,3,3,4,-1,4,0,2,-1,2,-1,4,-1,0,1,0,5,0,3,1,3,-1,5,4,1,3,2,-1,1,5,2,5,-1,-1,4,5,1,3,2,4,3,1,-1,1,1,-1,0,3,2,4,0,0,0,4,-1
4474.23177795,-1,1,3,5,5,2,-1,3,3,3,5,5,3,-1,4,5,3,-1,3,5,-1,1,1,-1,-1,2,-1,3,5,-1,3,-1,-1,1,4,0,4,3,1,3,4,5,1,1,2,0,2,1,5,2,-1,2,4,2,1,-1,1,-1,5,0,-1,3,1,4,0,0,4,4,4,0,2,4,1,4,5,0,2,4,3,2,2,2,0,0,-1,0,4,5,5,0
4406.11908761,-1,1,0,1,3,2,0,-1,3,1,1,0,5,1,4,1,3,5,5,0,2,5,-1,3,5,-1,1,5,4,4,4,1,-1,0,0,5,2,4,-1,5,-1,-1,-1,5,1,3,0,0,5,0,1,-1,4,0,5,4,-1,1,4,2,2,0,0,-1,2,2,4,3,2,3,4,1,4,2,2,4,-1,1,-1,2,-1,2,-1,3,3,1,5,3,3,-1
4540.61697253,-1,2,-1,1,3,2,0,-1,3,1,2,5,3,1,1,0,5,-1,4,0,5,1,-1,0,0,5,0,-1,1,4,-1,1,5,-1,2,0,3,1,4,-1,1,4,1,3,2,-1,3,3,3,5,-1,4,-1,-1,2,-1,-1,2,0,3,2,0,0,2,3,0,1,5,5,4,0,1,2,-1,4,3,2,-1,3,2,0,3,5,4,-1,1,-1,0,5,4
4673.38736168,1,2,3,0,4,0,1,-1,0,0,0,3,3,3,2,2,2,-1,2,3,1,1,-1,3,0,5,5,2,1,1,5,0,2,0,2,0,3,1,4,4,4,1,-1,5,0,1,-1,3,-1,2,-1,4,-1,-1,4,-1,4,-1,3,2,1,5,0,-1,0,1,0,1,-1,3,2,4,2,1,5,4,4,3,4,-1,3,3,-1,-1,-1,5,5,2,4,2
4576.64759858,2,5,1,0,2,3,2,5,2,1,5,0,0,4,0,5,4,0,1,0,5,0,4,-1,2,3,3,2,1,-1,-1,3,5,2,3,-1,5,-1,-1,1,-1,1,5,4,0,3,5,2,4,1,4,1,-1,1,1,2,4,-1,3,3,2,4,4,5,0,-1,0,4,-1,-1,1,1,4,0,3,-1,3,1,3,-1,2,1,3,-1,3,-1,1,4,0,2
4479.90783548,5,-1,3,5,5,3,-1,0,2,-1,1,-1,2,1,2,4,1,5,4,1,0,1,5,0,0,-1,0,2,2,0,2,0,3,4,-1,1,1,4,0,3,-1,5,4,5,1,-1,0,3,0,2,-1,4,4,1,-1,1,3,0,5,1,0,-1,2,5,3,3,4,4,2,1,2,-1,2,4,1,5,3,-1,-1,0,3,5,5,4,3,3,4,4,-1,1
4805.41739551,0,2,2,4,5,4,1,0,5,2,2,5,1,-1,0,-1,5,1,4,2,1,3,3,2,5,2,1,2,3,5,4,-1,5,-1,0,-1,2,3,0,0,4,1,3,2,0,1,5,5,3,4,2,0,1,5,1,4,3,2,1,1,-1,-1,-1,4,3,3,4,0,-1,3,2,1,0,3,-1,4,1,-1,5,0,0,3,2,4,0,4,3,5,-1,3
4659.07382531,0,2,2,3,4,3,5,-1,1,-1,1,4,4,5,2,4,0,4,4,2,1,5,4,5,0,4,2,0,1,5,1,-1,-1,-1,1,2,3,5,3,2,4,2,5,0,0,5,3,1,5,0,1,0,1,4,5,3,2,0,-1,1,2,3,-1,5,-1,2,4,3,1,2,0,-1,-1,3,1,3,3,-1,4,2,0,-1,0,0,4,-1,1,3,5,5
4683.7523363,4,5,5,3,5,-1,0,-1,2,4,1,3,0,1,4,2,2,0,1,-1,4,4,1,5,-1,1,5,2,5,-1,-1,3,0,1,3,0,-1,1,0,1,2,0,-1,2,3,4,-1,5,3,0,2,1,-1,0,5,2,-1,3,4,1,2,3,5,4,1,3,0,0,2,4,2,0,0,-1,3,1,2,5,3,3,4,5,5,5,5,4,4,1,3,4
4431.78473904,2,1,2,-1,3,1,3,3,4,0,2,0,1,3,-1,1,5,0,4,3,-1,0,3,4,-1,0,3,3,5,5,5,2,5,5,3,-1,0,5,1,1,2,5,-1,5,4,3,0,2,-1,3,1,2,1,4,0,-1,1,4,4,0,4,5,4,3,0,2,-1,2,1,4,-1,-1,2,-1,0,4,4,2,4,0,-1,-1,1,3,-1,5,1,1,2,-1
4676.59556811,4,2,3,1,0,2,1,-1,0,4,5,0,2,1,4,5,1,4,3,5,1,4,5,4,4,3,0,3,-1,-1,5,5,2,2,-1,0,1,1,-1,-1,3,-1,2,3,2,3,2,1,2,2,-1,3,0,0,1,0,5,4,0,2,2,2,-1,4,0,3,1,5,5,0,0,3,3,0,3,1,5,2,5,1,4,5,4,-1,-1,4,3,-1,3,1
4792.8313549,4,-1,2,5,0,4,4,1,0,-1,0,3,3,2,3,4,5,3,2,2,3,4,0,1,-1,3,0,1,2,-1,-1,0,4,4,0,2,-1,2,5,3,5,1,2,1,4,5,5,5,1,0,0,0,-1,2,1,-1,5,4,1,3,1,0,5,-1,-1,4,2,2,2,4,5,2,0,0,1,1,3,0,3,0,4,5,-1,1,3,3,5,3,1,5
4137.37010287,-1,1,2,3,-1,3,-1,4,5,4,3,-1,-1,-1,4,5,4,0,5,5,2,0,-1,-1,0,3,1,3,-1,-1,4,1,4,0,-1,0,3,1,5,3,0,1,5,1,4,5,0,2,5,4,3,-1,2,1,2,1,3,2,0,4,-1,5,4,3,-1,1,1,2,5,3,3,2,3,-1,4,-1,5,2,3,5,2,-1,-1,-1,0,5,2,1,4,0
4560.11299622,0,-1,0,3,-1,3,4,5,4,1,5,5,4,3,4,2,0,4,0,3,1,3,2,3,-1,-1,3,3,0,-1,5,5,0,5,4,2,5,2,2,1,-1,4,-1,3,0,0,-1,-1,0,3,0,1,3,4,2,4,2,1,2,2,1,1,2,3,-1,4,1,1,5,5,-1,2,3,2,3,4,4,-1,4,0,-1,-1,0,1,0,5,1,1,1,-1
4626.99176101,3,3,1,5,-1,-1,1,0,4,-1,0,1,5,2,5,1,-1,4,4,3,3,-1,-1,0,4,0,-1,2,1,-1,2,4,0,2,4,2,1,1,-1,4,1,4,0,2,5,0,2,5,1,3,3,0,-1,4,5,3,3,2,5,5,4,4,1,0,0,4,2,5,3,0,5,3,0,5,1,-1,2,2,3,2,1,4,3,1,1,2,0,4,-1,-1
4632.66781854,2,5,0,-1,1,5,2,2,-1,-1,3,-1,2,5,1,-1,3,0,1,2,3,4,-1,4,2,3,3,1,3,0,-1,1,1,4,1,-1,2,3,4,0,5,5,0,3,2,3,0,2,1,3,1,2,4,0,4,4,4,5,4,5,-1,5,0,4,-1,3,0,0,1,1,2,2,0,3,-1,-1,-1,0,5,3,3,3,4,4,0,4,5,1,5,0
4446.83863075,0,3,0,-1,5,5,-1,3,0,3,4,-1,0,0,4,-1,-1,5,0,-1,1,4,2,1,2,1,3,0,4,4,4,2,5,-1,5,3,-1,1,5,1,0,-1,2,3,-1,3,-1,4,-1,1,2,1,3,3,-1,5,-1,2,5,2,1,1,-1,-1,2,2,0,1,1,0,5,4,3,-1,3,4,0,2,0,4,-1,-1,1,2,3,3,4,0,-1,0
4472.50428218,5,3,0,5,-1,4,2,-1,1,2,-1,5,1,3,2,1,2,-1,1,4,5,4,-1,-1,3,3,1,3,4,5,0,0,4,4,0,-1,1,1,2,2,1,3,0,1,3,4,-1,2,4,-1,1,3,-1,0,5,0,0,3,0,-1,2,0,2,5,1,-1,-1,3,0,1,-1,0,-1,2,-1,4,2,2,5,2,5,4,-1,1,-1,0,3,3,-1,-1
4573.68617726,4,2,3,3,3,0,5,2,4,0,0,-1,2,3,0,1,3,0,5,0,0,4,4,4,-1,-1,2,0,-1,5,-1,-1,-1,2,4,1,2,2,3,0,-1,5,-1,5,-1,3,4,3,4,1,3,1,5,4,4,1,5,1,4,-1,2,2,2,2,-1,3,3,5,1,-1,1,1,2,2,5,5,0,3,2,1,4,1,5,5,4,0,3,1,1,3
4421.17297931,-1,2,-1,0,5,1,1,2,1,2,4,3,3,2,1,1,1,-1,3,-1,-1,1,2,4,2,3,-1,1,2,0,4,3,5,-1,-1,0,0,0,1,4,-1,0,0,4,3,3,4,1,0,-1,5,-1,2,2,0,5,-1,-1,2,2,5,4,-1,0,-1,3,2,4,2,5,3,-1,3,3,4,5,1,0,5,5,1,1,0,4,4,0,5,4,-1,5
4672.40022124,-1,4,4,1,5,-1,2,-1,0,5,1,3,2,0,3,3,4,0,0,2,3,0,2,2,5,-1,2,0,3,5,3,-1,4,4,-1,4,3,2,-1,4,4,3,1,3,4,0,1,-1,2,4,0,5,-1,5,-1,-1,2,1,3,0,4,1,5,1,1,5,3,3,5,0,2,5,0,0,5,2,4,4,2,0,5,2,0,0,1,1,2,3,1,-1
4313.57467138,5,1,3,0,4,-1,4,3,3,1,3,-1,3,0,5,-1,-1,4,3,0,-1,3,4,1,2,4,3,1,0,-1,-1,2,5,1,5,3,4,1,0,-1,2,1,-1,5,5,4,0,1,3,2,3,0,5,5,2,-1,-1,1,5,3,-1,-1,0,2,5,4,5,-1,3,2,4,2,4,-1,1,1,2,5,4,2,0,4,5,1,-1,4,2,2,3,1
4657.09954443,-1,2,1,2,3,4,0,-1,3,-1,5,0,5,-1,0,5,2,5,4,5,3,1,2,5,4,-1,4,-1,3,1,0,4,0,-1,2,5,1,2,3,3,5,-1,4,3,3,-1,3,2,-1,4,4,5,-1,1,2,1,1,4,4,3,2,0,-1,3,-1,1,0,3,5,1,1,0,-1,4,1,1,3,0,4,1,0,0,2,1,5,2,0,4,2,3
4542.3444683,-1,1,1,1,4,0,0,0,5,2,5,-1,-1,-1,1,-1,-1,-1,2,2,0,2,3,4,4,4,0,4,-1,4,1,-1,1,2,1,3,4,3,0,0,5,2,3,1,5,4,5,0,1,1,5,4,2,5,3,4,3,-1,0,5,4,0,2,2,-1,0,-1,-1,5,3,0,0,1,0,5,-1,5,5,5,4,3,-1,1,4,2,3,4,2,2,2
4436.47365613,2,4,1,3,2,2,2,3,1,4,0,-1,1,1,1,0,5,4,3,0,4,-1,5,3,5,-1,1,-1,4,4,5,-1,5,3,-1,5,3,3,1,2,-1,3,-1,3,2,2,2,4,4,0,5,0,0,-1,3,2,1,0,0,3,-1,2,4,1,1,-1,0,1,0,4,3,5,-1,0,2,-1,2,3,4,5,1,-1,0,5,5,4,5,4,1,2
4812.82094881,4,0,3,3,5,1,1,3,5,0,1,1,0,5,2,0,4,0,2,-1,2,-1,2,3,1,5,4,2,1,2,1,1,5,-1,3,4,2,1,3,1,-1,2,1,5,2,0,4,-1,0,4,4,-1,0,5,3,1,0,0,0,3,5,0,3,2,4,2,-1,5,5,5,4,5,3,4,-1,-1,3,4,1,2,3,2,5,3,4,-1,0,3,-1,4
4653.15098267,2,0,2,2,1,5,5,0,1,0,4,3,-1,-1,3,1,4,0,3,4,4,0,1,2,-1,1,-1,3,0,5,0,4,5,1,2,-1,3,2,5,1,4,-1,2,-1,0,5,3,-1,4,1,1,2,0,4,0,3,4,2,-1,2,-1,1,-1,5,0,2,5,4,5,4,3,2,-1,0,4,5,3,-1,5,1,4,2,1,5,0,3,3,1,3,1
4356.02171029,1,-1,-1,0,3,0,4,4,2,-1,0,-1,5,4,2,3,-1,1,3,4,-1,-1,5,4,-1,0,4,4,-1,1,2,5,2,-1,1,-1,2,0,3,3,-1,1,3,1,1,-1,3,-1,3,-1,1,0,4,3,5,5,3,0,0,5,2,0,-1,1,3,-1,2,4,1,5,2,2,1,0,0,5,1,1,4,0,4,0,4,5,2,-1,3,4,2,5
4592.44184562,3,5,4,1,0,3,2,4,3,3,1,4,0,3,-1,5,0,1,0,4,4,2,2,1,4,-1,2,3,5,2,-1,1,3,5,3,3,3,5,1,1,0,2,-1,-1,0,-1,-1,-1,5,1,-1,1,4,4,5,0,0,0,0,4,4,2,2,-1,4,4,2,0,2,3,-1,1,4,1,3,-1,2,0,2,1,5,-1,0,-1,5,5,1,5,-1,1
4674.86807234,1,1,0,3,3,0,1,3,-1,0,2,4,5,1,5,0,5,-1,3,0,4,2,0,5,2,-1,3,3,3,0,1,3,5,3,1,5,-1,5,5,3,1,4,1,1,5,4,0,1,4,2,4,1,-1,3,5,2,2,2,4,2,1,4,4,5,4,4,3,2,-1,4,-1,2,5,2,3,-1,0,1,-1,0,0,0,4,3,5,-1,-1,2,2,3
4564.5551282,5,-1,-1,5,1,5,2,0,-1,5,0,2,0,5,3,-1,3,-1,0,3,4,3,2,2,1,4,5,3,2,0,1,0,3,4,-1,-1,2,5,-1,4,5,-1,1,4,3,5,-1,4,-1,1,2,2,3,1,-1,1,0,5,5,5,3,4,1,0,4,2,4,0,0,3,0,4,1,2,3,-1,4,0,3,0,-1,1,-1,-1,3,5,1,1,4,1
4529.01807236,-1,-1,0,2,2,-1,4,2,2,-1,-1,-1,5,2,3,3,2,0,0,1,4,3,2,4,-1,2,-1,4,4,2,1,1,3,0,4,3,3,1,3,0,1,-1,1,0,3,2,2,0,-1,1,0,3,-1,2,1,1,4,-1,-1,0,-1,0,0,5,5,1,4,-1,5,4,4,3,5,3,0,0,-1,3,4,5,5,1,-1,1,4,4,2,-1,-1,3
4424.38118574,-1,1,2,5,5,2,1,2,3,0,4,-1,4,4,3,-1,-1,1,5,4,1,0,-1,4,3,5,0,-1,0,5,-1,3,3,5,3,0,4,0,2,1,-1,-1,-1,5,2,2,5,4,-1,1,5,3,2,-1,0,5,1,2,2,0,2,4,0,5,0,4,0,3,1,0,3,-1,0,-1,-1,1,4,2,2,5,-1,2,4,-1,1,1,0,1,5,-1
4593.92255628,4,5,5,-1,2,1,4,5,1,-1,-1,3,3,0,1,4,1,2,3,1,0,4,3,3,4,-1,4,5,0,2,0,0,5,0,0,2,3,4,5,-1,4,-1,1,-1,2,2,5,-1,1,2,1,1,1,2,0,2,-1,5,-1,3,-1,3,0,4,5,-1,5,2,3,3,5,4,-1,-1,4,1,2,-1,1,3,3,-1,0,0,-1,0,-1,4,0,2
4520.87416373,-1,5,0,4,2,5,-1,3,1,-1,0,3,3,5,2,5,4,1,3,2,4,0,-1,3,2,0,4,4,0,3,3,0,-1,4,1,5,3,-1,0,2,5,4,2,4,0,2,5,5,-1,-1,0,1,-1,1,5,1,3,0,3,2,5,-1,2,5,4,-1,0,1,-1,2,0,-1,4,2,3,3,4,-1,-1,5,-1,2,2,3,0,4,4,1,0,2
4350.09886765,3,1,0,3,0,2,3,-1,4,-1,1,2,2,-1,1,2,0,-1,4,4,2,3,1,1,5,2,1,-1,3,5,-1,0,3,3,5,2,5,5,-1,-1,4,-1,4,3,5,1,4,1,4,0,0,3,4,-1,5,0,-1,5,3,0,3,-1,0,-1,2,0,-1,0,5,2,-1,4,3,4,-1,4,0,-1,4,0,3,2,-1,-1,1,4,-1,-1,5,5
4472.25749707,1,4,1,3,1,-1,4,3,0,2,1,-1,1,4,-1,5,2,1,-1,0,-1,2,-1,4,4,-1,5,0,0,0,3,5,3,1,3,-1,0,4,3,2,0,0,1,-1,1,3,0,-1,0,2,-1,4,5,0,5,2,-1,-1,2,3,3,-1,2,4,0,1,-1,0,2,1,2,3,2,5,1,3,-1,5,-1,-1,4,4,3,1,5,-1,4,4,4,5
4588.74006897,5,5,1,0,4,1,4,0,1,1,2,3,2,0,1,3,0,-1,0,3,4,2,4,-1,2,4,3,0,2,0,-1,1,0,4,5,5,3,-1,3,3,5,-1,1,1,-1,3,5,2,-1,0,4,2,5,0,4,3,-1,2,2,2,5,5,5,5,5,4,1,0,-1,2,2,2,4,1,-1,0,-1,3,3,1,-1,-1,1,5,2,4,1,4,4,3
4781.72602495,2,0,5,5,5,0,4,4,3,3,3,5,1,4,-1,1,3,-1,0,0,-1,4,1,2,5,1,4,4,4,0,4,0,-1,1,1,-1,3,2,3,4,-1,3,-1,0,0,2,-1,5,0,2,2,1,5,2,3,1,1,4,0,3,1,0,1,5,3,2,3,2,3,4,1,-1,-1,0,1,4,4,-1,3,2,-1,2,5,0,2,2,5,0,5,2
4570.72475594,1,-1,2,-1,2,3,-1,0,5,1,-1,0,0,3,5,5,5,4,3,2,3,5,4,3,3,3,1,4,0,1,4,5,-1,-1,5,5,4,3,2,2,2,3,1,0,-1,1,2,0,1,2,1,1,0,4,2,4,-1,0,0,-1,1,-1,0,3,3,2,0,5,1,0,4,2,-1,4,0,-1,1,-1,2,3,-1,5,4,2,5,-1,4,5,4,5
4643.27957827,5,-1,-1,5,-1,5,0,3,4,0,2,1,2,2,0,2,3,2,-1,3,2,0,-1,-1,5,5,-1,4,4,0,3,1,-1,1,0,5,0,5,4,4,5,1,2,-1,-1,2,4,1,4,1,4,2,-1,4,1,4,3,5,3,1,1,3,3,0,0,3,5,0,3,2,3,1,5,5,4,0,3,-1,4,2,3,1,4,1,1,-1,0,4,2,-1
4596.39040738,5,0,-1,5,4,2,3,2,0,0,-1,1,1,4,5,1,0,5,0,-1,3,4,-1,4,5,2,2,-1,1,-1,0,0,0,2,2,3,2,1,1,3,0,1,3,4,-1,3,2,4,4,2,5,1,4,-1,3,4,1,5,-1,3,4,2,0,2,0,1,-1,1,4,-1,5,1,-1,5,4,2,1,-1,-1,3,5,3,-1,4,5,5,3,3,0,0
4256.07374076,3,4,-1,0,3,1,3,-1,1,2,5,1,-1,0,0,3,0,1,5,4,4,2,1,4,2,4,3,-1,5,-1,-1,1,-1,2,5,2,4,5,4,1,5,-1,0,3,1,-1,4,3,3,5,1,-1,2,3,3,-1,0,-1,2,2,0,4,3,4,0,0,2,-1,5,4,2,-1,2,1,5,4,1,3,-1,5,0,5,1,2,-1,-1,3,-1,3,-1
4494.22137186,2,3,5,3,2,-1,2,4,1,4,0,1,0,5,4,1,1,2,-1,5,4,2,3,-1,5,0,4,-1,0,4,5,5,0,4,2,1,-1,-1,-1,5,3,3,-1,4,2,5,-1,4,0,3,2,-1,1,1,0,1,3,0,4,-1,5,3,2,1,-1,3,3,-1,0,2,3,-1,2,4,0,-1,1,4,1,2,3,0,4,3,5,-1,1,0,5,-1
4584.29793699,0,3,-1,-1,4,0,1,4,4,1,3,2,3,0,2,0,5,5,-1,-1,2,2,0,1,4,3,0,2,0,4,0,5,0,5,1,-1,-1,5,0,-1,3,-1,-1,-1,0,0,3,3,3,5,-1,1,4,3,2,3,4,1,-1,-1,3,4,1,4,-1,2,2,2,5,1,1,1,2,4,4,3,3,2,-1,2,1,2,-1,0,5,-1,5,-1,1,4
4429.56367305,4,1,0,3,5,5,5,0,3,-1,1,3,4,3,4,-1,-1,-1,0,4,-1,4,2,-1,5,5,-1,3,2,5,1,4,3,5,0,0,-1,4,2,2,0,1,2,5,4,2,0,0,5,2,2,1,4,1,-1,4,5,1,3,3,0,3,1,2,2,4,2,1,1,3,1,2,-1,-1,0,5,-1,0,-1,5,-1,4,-1,4,4,2,3,3,3,1
4762.72357149,3,0,2,1,3,0,0,3,0,0,5,1,4,3,4,1,-1,4,0,2,2,-1,-1,5,1,4,4,-1,3,3,4,4,1,5,1,5,2,3,3,-1,2,2,2,1,2,3,4,-1,0,1,-1,3,-1,-1,4,1,2,0,2,4,0,4,0,4,0,5,1,3,-1,4,0,1,5,0,5,5,3,-1,3,2,-1,2,1,1,-1,5,0,5,-1,2
4671.90665102,5,3,-1,1,4,-1,-1,1,2,1,0,1,2,-1,0,0,4,5,0,1,-1,4,0,1,4,0,-1,0,2,3,3,4,2,-1,0,4,3,1,3,5,0,5,4,3,-1,0,-1,-1,2,3,-1,2,3,2,2,-1,-1,3,2,0,4,3,3,0,5,0,3,1,1,2,5,2,2,2,5,2,5,2,4,0,5,5,1,3,-1,1,4,-1,-1,1
4340.22746325,5,-1,1,-1,1,2,3,1,-1,0,0,2,0,2,5,0,5,0,0,4,1,-1,2,3,-1,3,-1,-1,4,2,2,-1,-1,3,-1,1,3,1,1,1,2,5,2,1,2,-1,3,5,5,0,4,4,4,3,2,4,4,4,3,5,5,5,-1,0,3,4,-1,5,-1,5,1,3,-1,-1,-1,-1,4,1,-1,3,3,4,4,1,4,1,0,-1,0,2
4451.52754784,0,0,-1,3,2,3,5,5,-1,1,4,4,1,0,0,-1,1,4,5,3,-1,2,4,1,0,0,-1,1,5,0,4,-1,2,3,-1,3,4,2,-1,2,5,3,1,5,3,4,5,3,-1,5,2,-1,3,5,5,-1,0,0,5,4,2,5,5,-1,1,2,0,3,1,4,0,-1,2,2,4,2,1,0,1,-1,4,-1,1,-1,2,0,3,5,3,4
4422.90047508,-1,5,3,1,-1,1,0,-1,0,-1,4,1,0,-1,4,5,-1,4,-1,3,4,5,-1,2,1,1,2,4,2,0,3,5,3,4,-1,3,3,3,3,-1,-1,2,5,-1,2,0,3,1,3,4,0,2,5,4,0,2,0,5,-1,-1,1,4,2,0,-1,4,2,1,4,-1,3,5,2,-1,0,5,2,2,3,2,-1,0,1,0,0,-1,-1,5,2,-1
4618.10749705,2,3,4,-1,5,2,2,-1,3,4,2,1,0,5,0,-1,1,-1,-1,3,5,3,4,1,1,0,1,1,0,3,-1,4,2,-1,5,3,1,3,-1,3,-1,5,5,0,2,-1,-1,4,-1,1,2,-1,-1,3,2,3,0,0,5,0,5,2,3,-1,5,1,-1,1,3,5,4,1,4,4,4,0,0,4,4,4,0,4,0,1,2,3,2,-1,1,2
4645.25385915,-1,4,1,-1,3,5,2,4,3,3,3,4,1,1,1,-1,-1,-1,5,1,3,2,-1,0,0,5,4,0,5,0,-1,5,-1,2,2,4,3,1,1,0,3,2,-1,3,-1,0,2,0,4,4,-1,4,0,5,5,3,4,1,1,0,3,0,1,0,5,-1,5,3,2,3,2,5,1,4,2,0,5,3,4,0,4,5,1,0,1,-1,1,2,2,4
4621.56248859,4,0,-1,4,2,-1,0,0,1,1,-1,3,2,-1,-1,-1,1,1,5,2,2,5,5,0,4,3,-1,3,5,1,1,5,1,-1,4,2,5,-1,0,-1,0,3,4,-1,5,2,3,5,2,2,2,3,0,-1,3,-1,2,3,5,4,1,0,1,3,1,2,0,5,4,5,3,2,-1,0,1,4,4,3,4,0,4,2,0,0,0,5,1,2,3,-1
4585.77864765,5,4,1,0,1,0,1,0,-1,-1,2,5,4,4,-1,2,4,-1,3,-1,4,3,0,4,2,3,3,-1,4,3,-1,4,-1,2,-1,0,5,-1,-1,2,0,3,3,0,2,1,-1,5,0,5,-1,2,0,3,2,5,4,1,4,0,4,2,4,5,5,1,-1,2,1,1,1,1,0,0,1,1,4,4,3,5,5,3,1,3,2,3,3,-1,2,0
4730.39472208,2,3,-1,0,5,1,0,5,0,5,3,2,3,1,5,-1,2,2,4,3,3,3,5,-1,3,4,0,0,5,0,3,0,1,3,-1,5,1,5,1,1,-1,4,-1,4,3,4,2,5,0,1,4,1,-1,2,2,4,3,0,0,-1,1,4,0,-1,4,1,0,2,4,5,-1,5,3,3,2,2,4,-1,-1,-1,4,4,1,0,3,1,2,0,0,1
4620.32856304,5,2,3,-1,1,2,3,3,0,1,3,0,4,0,2,5,3,3,3,-1,4,4,-1,1,5,-1,2,4,1,2,4,5,-1,4,4,2,1,0,5,0,1,4,-1,3,1,3,2,0,-1,1,-1,3,1,3,1,5,0,1,5,3,3,1,3,2,1,2,5,5,-1,4,0,5,0,-1,0,4,-1,-1,5,4,2,2,2,0,2,5,0,4,-1,5
4440.91578811,4,3,-1,1,3,0,3,5,1,-1,1,5,5,0,2,0,0,3,1,4,-1,2,5,2,2,5,4,3,4,0,-1,-1,2,4,1,2,3,2,3,-1,4,-1,0,4,2,-1,1,1,0,5,0,-1,5,2,-1,-1,3,0,-1,-1,4,1,3,2,1,1,0,3,0,5,3,5,4,2,-1,5,4,3,1,4,0,-1,2,2,4,1,5,4,3,1
4472.75106729,-1,-1,1,-1,1,2,-1,4,1,-1,0,4,0,3,5,-1,5,-1,3,0,4,3,3,5,1,0,3,5,0,0,3,-1,3,2,5,3,2,4,4,0,-1,3,1,0,3,4,0,4,-1,3,2,1,5,1,5,3,2,5,2,2,-1,4,0,1,4,4,-1,2,1,0,-1,2,2,5,2,5,-1,0,5,4,0,3,0,-1,4,1,0,-1,5,-1
4607.74252244,-1,3,2,4,2,5,2,2,3,4,2,0,5,-1,4,5,1,3,3,4,4,2,-1,5,1,-1,-1,-1,-1,5,3,3,1,3,5,1,0,3,2,5,3,5,-1,4,0,2,4,1,3,-1,3,3,-1,5,0,4,5,-1,5,5,2,4,4,4,0,0,1,2,0,5,0,2,-1,0,0,2,0,2,4,4,1,1,0,3,1,2,1,3,1,1
4474.47856306,2,5,5,0,4,0,1,1,0,3,-1,2,3,2,4,3,1,4,0,2,4,5,5,4,1,2,-1,2,-1,1,1,2,-1,5,3,-1,5,-1,4,4,5,3,1,0,-1,3,2,5,0,3,-1,0,-1,4,3,4,-1,1,-1,4,4,2,5,-1,3,-1,0,2,2,-1,2,0,1,4,0,3,0,1,1,3,-1,0,1,5,-1,0,4,0,3,5
4578.62187946,-1,1,5,-1,0,1,3,0,2,4,5,-1,1,-1,2,0,0,5,1,4,3,3,2,1,4,0,1,1,-1,5,5,5,5,3,4,4,5,2,3,0,3,0,2,1,5,2,2,1,2,0,5,3,1,3,4,2,2,4,2,3,1,0,-1,4,2,2,3,3,4,0,5,-1,-1,-1,0,1,4,4,5,-1,5,0,0,1,3,-1,4,-1,3,-1
4535.68127033,5,1,0,2,2,1,2,1,2,-1,0,2,-1,-1,4,0,3,-1,0,5,1,5,2,3,3,3,0,3,0,0,-1,4,1,-1,4,3,3,0,-1,3,5,5,3,-1,4,0,5,4,5,4,4,4,1,0,-1,-1,3,2,0,2,3,-1,3,5,0,1,0,1,-1,1,1,-1,2,2,5,5,4,4,4,1,1,4,5,2,2,3,5,5,-1,4
4580.10259012,4,2,2,3,3,4,1,4,-1,2,2,4,4,1,5,-1,3,-1,2,0,0,0,2,1,5,1,5,-1,3,2,5,0,0,1,1,0,-1,1,-1,-1,1,4,5,3,1,5,-1,4,3,-1,1,4,-1,-1,3,-1,3,5,-1,3,0,2,5,4,3,4,3,1,-1,5,-1,1,0,3,2,2,0,5,2,3,0,-1,4,3,2,0,5,5,2,4
4439.92864767,-1,-1,4,0,0,-1,1,2,5,5,1,5,3,4,-1,3,5,-1,4,0,0,2,4,-1,0,1,3,4,-1,3,3,4,5,-1,2,4,-1,2,4,-1,0,-1,3,1,2,-1,-1,-1,1,5,2,4,5,4,3,3,2,-1,1,1,1,0,3,4,-1,0,1,1,5,3,0,5,3,2,2,5,0,4,1,2,3,4,-1,-1,5,1,2,3,4,5
4494.71494208,-1,3,3,2,2,-1,3,0,-1,-1,-1,0,0,2,3,2,5,4,3,4,3,2,4,5,2,-1,3,0,0,-1,1,1,1,-1,3,3,1,1,5,3,-1,0,-1,1,2,2,-1,4,0,1,4,5,5,1,1,-1,-1,4,3,1,5,2,1,1,-1,0,2,4,0,-1,1,5,-1,0,0,2,4,4,-1,3,3,0,3,5,-1,5,-1,4,0,1
4325.91392687,5,0,5,4,-1,4,2,2,-1,1,-1,3,0,2,0,5,-1,0,4,0,4,4,3,4,3,-1,4,5,-1,0,1,3,1,5,1,2,5,5,3,-1,-1,0,0,-1,2,1,3,1,-1,0,1,4,-1,1,-1,-1,2,2,2,2,3,-1,4,4,3,2,3,1,4,4,-1,4,1,3,5,3,-1,1,5,4,2,2,-1,0,-1,1,-1,2,-1,-1
4576.40081347,-1,-1,-1,0,5,-1,4,2,1,3,5,3,0,1,-1,1,2,2,1,0,2,5,-1,1,5,5,0,3,1,3,2,2,4,3,2,-1,5,-1,3,4,0,4,1,3,2,0,1,5,1,0,-1,-1,5,0,3,5,5,2,-1,3,3,1,4,3,5,1,0,4,4,-1,4,2,-1,2,0,1,1,4,3,4,2,3,-1,-1,5,-1,4,1,0,0
4455.96967982,-1,5,1,4,-1,2,-1,5,5,3,2,0,4,2,-1,1,-1,1,1,1,2,2,3,4,3,4,3,4,2,-1,2,-1,-1,5,1,4,2,1,5,0,5,0,3,2,3,4,0,-1,3,2,-1,1,0,4,0,0,4,5,-1,0,-1,4,5,4,-1,-1,2,3,1,1,4,5,2,0,0,5,3,1,4,2,0,4,3,5,-1,1,3,2,0,3
4555.67086424,2,0,0,4,1,-1,4,5,1,3,-1,3,3,0,0,1,5,1,3,3,2,-1,2,0,5,3,1,3,2,5,1,1,4,-1,0,4,4,3,1,2,2,-1,4,3,-1,2,5,5,0,0,3,0,1,4,-1,4,5,3,2,-1,1,-1,4,1,1,3,1,0,5,-1,0,2,5,0,4,2,3,-1,-1,-1,-1,5,4,2,2,-1,4,4,-1,3
4594.16934139,1,3,5,1,2,4,4,3,0,-1,1,5,2,0,-1,0,3,2,0,2,3,0,-1,-1,-1,4,3,3,5,3,0,0,1,4,5,4,-1,4,4,0,4,2,-1,4,2,-1,1,4,3,1,-1,2,3,3,5,0,3,1,4,3,5,-1,2,2,-1,2,3,1,-1,2,2,0,1,1,2,5,1,4,0,-1,0,5,5,-1,1,5,3,5,4,2
4740.01934137,3,1,-1,2,0,-1,3,0,1,3,0,0,4,4,-1,5,2,1,0,3,5,3,5,1,4,-1,4,-1,3,2,-1,1,-1,4,1,3,3,2,5,1,0,0,-1,0,3,0,-1,4,1,0,2,3,5,2,2,0,4,5,-1,4,-1,4,1,2,-1,2,2,0,-1,2,-1,5,2,4,5,5,2,5,4,3,5,3,3,3,4,4,1,0,1,1
4521.86130417,3,2,5,2,0,1,4,3,4,-1,1,3,3,-1,2,-1,0,5,1,-1,0,1,1,0,2,4,-1,4,1,1,1,3,1,-1,5,5,0,5,2,2,-1,-1,-1,4,2,0,3,4,5,4,1,2,4,0,4,1,2,0,-1,3,3,5,4,3,4,-1,0,5,-1,3,0,-1,-1,3,0,2,0,2,2,5,1,3,-1,0,4,-1,2,1,-1,5
4647.72171025,3,4,2,4,0,2,-1,4,1,0,3,5,5,0,1,1,5,1,-1,0,1,0,5,0,3,4,-1,3,4,3,4,2,3,-1,-1,5,1,5,-1,1,-1,5,4,1,0,5,2,1,2,-1,3,3,1,4,-1,2,4,5,4,2,3,-1,0,2,1,2,0,0,2,1,-1,0,2,1,3,0,0,0,2,4,3,4,4,4,5,3,3,-1,5,5
4352.07314853,0,5,4,5,4,1,1,-1,3,3,-1,1,5,0,1,4,0,0,0,4,1,-1,5,0,3,-1,3,0,2,-1,3,3,-1,2,5,2,4,4,4,4,-1,3,4,-1,5,4,5,4,4,1,4,2,2,0,1,2,1,1,3,2,-1,-1,1,-1,1,2,2,2,0,1,2,2,2,-1,-1,3,0,3,-1,-1,-1,5,0,5,2,5,4,-1,3,3
4607.49573733,0,4,5,4,4,5,0,0,5,2,1,2,-1,5,4,1,4,4,4,1,-1,5,2,0,0,4,3,3,5,3,-1,1,3,-1,2,5,0,2,-1,1,0,-1,2,4,2,5,4,0,2,5,-1,5,0,1,1,2,3,2,3,1,5,-1,-1,5,2,0,0,3,-1,3,2,1,1,3,5,-1,-1,4,1,0,1,-1,0,3,-1,1,3,3,3,1
4495.70208252,3,5,1,-1,3,-1,2,5,1,-1,5,0,5,5,-1,5,1,0,4,-1,5,3,2,2,5,2,2,2,3,1,-1,-1,-1,-1,4,0,3,2,4,-1,2,4,3,5,5,2,4,-1,-1,3,0,0,4,0,3,1,5,0,-1,5,4,1,4,-1,2,2,0,1,2,0,4,4,1,1,2,0,1,0,3,4,3,1,5,1,3,-1,4,3,4,0
4716.57475593,2,2,0,3,3,-1,5,0,-1,0,4,5,5,-1,3,3,1,2,1,4,-1,0,5,4,-1,1,1,0,1,-1,2,-1,-1,5,0,3,5,1,2,3,0,-1,4,1,1,4,3,2,1,1,3,3,5,1,5,2,0,1,5,3,4,1,0,2,2,4,4,1,2,-1,5,2,4,5,0,2,-1,0,4,0,3,1,-1,5,3,4,0,3,-1,0
4351.82636342,5,1,0,5,3,3,5,-1,1,-1,4,-1,-1,4,3,1,4,-1,3,1,1,2,1,3,-1,5,2,2,1,4,0,2,4,-1,0,-1,-1,4,-1,1,2,4,2,5,2,-1,4,5,-1,-1,-1,-1,2,1,5,4,3,2,4,0,0,-1,0,3,2,1,0,4,-1,3,-1,3,2,5,5,2,2,1,0,5,1,1,3,-1,3,1,0,5,5,4
4473.24463751,2,0,4,3,2,0,0,5,5,-1,1,3,-1,1,-1,-1,4,-1,-1,-1,2,1,-1,4,-1,2,2,-1,-1,-1,-1,3,1,0,4,3,5,2,0,2,1,0,5,5,3,5,3,3,1,4,1,-1,4,-1,-1,1,-1,2,3,1,0,3,4,0,-1,4,0,2,-1,3,0,3,2,2,1,4,1,-1,0,4,1,0,0,2,3,4,3,1,4,-1
4721.0168879,5,3,5,0,1,2,4,3,0,5,1,2,-1,1,4,-1,4,-1,5,4,2,4,1,2,4,-1,-1,3,1,3,2,1,-1,1,2,-1,1,3,1,0,-1,4,2,5,0,5,-1,3,2,0,0,5,3,5,1,1,2,4,3,3,3,-1,-1,5,-1,0,0,1,4,-1,-1,3,0,3,5,0,4,1,3,0,-1,3,0,4,0,2,0,2,4,2
4455.72289471,2,1,4,4,2,3,2,1,5,5,2,-1,-1,3,-1,5,0,-1,1,4,4,4,2,-1,3,1,3,1,-1,1,3,2,5,-1,0,4,-1,1,4,5,1,5,0,4,-1,4,1,-1,4,1,0,-1,-1,4,3,0,-1,5,3,4,0,0,4,1,-1,2,4,0,5,-1,1,1,2,5,5,3,0,4,-1,-1,5,0,-1,2,2,3,1,3,0,5
4469.54286086,3,5,-1,5,-1,3,4,4,2,0,4,-1,2,1,3,3,5,0,5,3,5,-1,2,-1,3,2,4,5,0,-1,0,1,-1,-1,4,3,0,-1,4,5,5,3,0,2,1,3,0,-1,1,1,4,2,3,5,-1,4,0,4,1,2,1,1,0,4,2,-1,-1,4,3,2,1,-1,-1,0,2,2,-1,2,2,3,0,1,4,1,1,5,2,4,0,-1
4390.32484057,-1,1,3,2,0,-1,1,5,0,-1,5,0,4,3,-1,2,2,5,0,-1,2,5,3,1,2,0,5,1,-1,1,3,4,3,2,2,3,-1,1,-1,-1,3,5,4,1,2,3,-1,-1,3,-1,-1,-1,2,0,0,-1,3,4,-1,1,-1,0,5,4,-1,1,0,0,5,2,-1,-1,5,5,0,3,5,4,1,0,2,-1,1,5,0,0,1,3,-1,2
4392.79269167,3,5,2,-1,4,5,-1,4,4,-1,2,-1,2,3,3,3,4,0,5,-1,-1,3,-1,-1,0,4,-1,1,0,-1,1,0,-1,1,0,5,3,0,5,-1,5,2,4,3,4,1,4,5,5,-1,3,-1,2,-1,3,1,0,1,5,3,2,3,2,0,1,0,3,4,2,4,5,2,1,1,5,1,0,3,5,5,2,0,-1,3,4,1,1,-1,1,-1
4489.03888455,-1,5,4,2,-1,5,4,2,4,5,4,1,3,1,0,-1,2,2,1,2,0,0,0,3,-1,2,1,3,-1,0,-1,0,0,3,1,3,0,1,4,-1,1,1,1,-1,-1,5,-1,3,4,2,1,-1,2,4,3,2,2,5,-1,-1,-1,5,0,4,-1,4,1,0,5,4,3,0,2,5,4,5,5,3,-1,4,2,4,3,0,1,1,4,-1,-1,0
4586.76578809,0,5,-1,3,1,1,3,2,0,0,3,4,5,1,-1,3,1,3,3,-1,1,2,4,4,3,-1,4,0,-1,-1,0,0,-1,0,2,4,2,4,5,4,5,2,1,3,3,0,4,0,5,2,3,5,5,2,3,2,-1,-1,2,1,4,-1,4,-1,5,4,-1,1,5,2,-1,0,0,1,5,4,0,1,5,1,2,4,2,0,2,3,3,1,5,-1
4695.84480669,4,2,3,5,1,5,0,-1,5,-1,0,-1,2,0,1,-1,1,2,-1,0,2,0,2,4,3,0,4,3,4,-1,4,5,-1,2,1,0,0,2,0,3,-1,-1,5,5,0,5,3,5,2,2,2,1,4,-1,4,3,1,0,5,1,3,1,3,0,4,1,-1,0,4,5,1,3,2,2,3,5,3,2,1,5,5,1,1,4,3,4,2,4,-1,3
4695.84480669,5,1,2,3,5,5,3,0,1,-1,0,-1,2,1,5,-1,3,0,0,1,5,3,2,1,2,4,4,0,3,5,5,3,-1,2,-1,0,1,-1,2,2,3,4,1,3,1,0,3,5,0,5,1,-1,5,4,2,3,4,4,-1,-1,4,4,5,2,3,1,4,0,-1,3,2,1,0,3,2,1,0,4,-1,-1,0,0,2,-1,5,4,0,2,4,-1
4630.19996744,5,-1,0,4,4,-1,3,-1,0,4,4,1,5,-1,0,5,4,3,1,-1,3,-1,-1,0,-1,2,-1,5,1,0,3,0,-1,4,-1,2,2,3,0,4,4,-1,0,1,4,-1,-1,1,3,-1,-1,3,2,3,3,5,4,3,1,0,4,2,0,1,2,1,3,0,3,2,1,0,0,3,-1,5,1,2,1,1,1,4,-1,2,2,5,2,2,2,1
4097.63770017,0,-1,2,2,-1,0,4,-1,1,0,3,4,4,5,-1,-1,1,-1,5,2,2,4,3,4,-1,1,4,-1,2,-1,5,3,5,1,4,0,4,5,2,-1,0,-1,1,2,3,0,0,-1,5,1,5,1,5,5,4,3,5,0,4,1,-1,-1,3,2,3,3,3,-1,-1,2,-1,3,3,2,3,5,-1,2,-1,4,3,4,0,1,0,4,4,3,2,-1
4501.87171027,3,2,5,2,1,4,2,1,4,0,1,1,4,1,4,3,3,5,0,0,-1,4,2,-1,3,3,5,0,1,5,0,-1,3,2,3,0,5,3,-1,2,-1,-1,-1,0,5,4,5,3,-1,3,2,0,5,1,-1,-1,4,1,0,-1,2,5,5,-1,1,0,2,1,0,4,-1,4,5,4,2,4,-1,1,4,4,0,2,3,1,3,2,5,4,2,1
4542.3444683,2,5,1,5,-1,1,1,0,3,2,1,3,5,1,0,5,0,-1,1,-1,3,4,4,4,2,2,-1,0,2,5,-1,4,2,3,-1,5,3,3,3,5,1,2,-1,3,4,0,5,0,3,0,1,-1,4,2,4,0,2,5,-1,4,4,0,0,3,-1,2,0,-1,5,1,5,0,-1,4,-1,4,-1,2,0,0,-1,5,3,3,1,3,1,2,4,2
4387.11663414,3,2,-1,3,0,0,1,3,-1,-1,5,1,5,-1,0,0,-1,2,5,5,5,1,3,5,0,5,-1,3,0,2,3,0,1,3,2,5,-1,0,4,1,4,1,2,2,5,4,4,4,0,-1,0,3,5,3,1,4,2,2,5,3,2,-1,0,5,0,0,1,4,4,2,-1,1,4,-1,4,1,-1,3,3,-1,-1,5,-1,2,5,-1,-1,1,3,-1
4512.23668489,-1,2,0,2,2,-1,3,1,4,1,5,-1,3,-1,0,-1,4,2,2,2,4,1,-1,1,-1,1,4,5,4,1,5,2,4,3,5,0,1,-1,4,0,0,0,0,3,-1,-1,5,3,2,0,3,5,-1,-1,4,-1,1,-1,0,2,4,4,0,0,4,1,-1,3,-1,2,2,5,3,3,-1,-1,3,1,0,3,1,2,4,4,2,3,1,1,-1,5
4635.62923986,3,4,0,0,5,-1,2,4,0,4,1,-1,2,1,5,-1,-1,-1,5,1,1,-1,2,5,2,4,3,1,2,2,-1,0,3,0,-1,1,3,3,3,0,2,3,4,-1,4,1,-1,4,5,-1,3,0,4,4,0,5,4,5,3,1,3,-1,2,2,5,-1,0,0,0,0,4,-1,1,2,-1,4,5,3,2,3,5,1,1,2,1,4,0,1,2,3
4460.90538202,4,2,-1,4,2,0,1,2,1,5,-1,5,-1,0,2,4,-1,4,4,1,1,2,-1,5,3,0,-1,3,1,4,2,2,0,-1,-1,3,-1,2,0,4,2,5,-1,3,2,2,4,0,0,-1,1,1,4,0,3,5,3,2,3,1,0,-1,-1,0,-1,4,1,1,-1,1,1,3,0,3,3,1,3,4,-1,5,5,4,4,1,3,0,5,-1,-1,-1
4456.95682026,3,0,0,0,-1,1,4,2,-1,5,0,5,1,1,0,0,5,-1,3,3,-1,5,5,1,-1,5,4,-1,1,2,-1,4,0,3,0,0,2,5,4,3,2,5,-1,1,-1,3,0,1,1,4,2,2,-1,2,5,0,1,2,4,-1,-1,4,5,2,4,1,5,-1,1,3,0,4,4,4,5,3,3,4,1,2,-1,5,3,4,3,4,1,2,2,4
4454.48896916,5,3,1,4,1,1,-1,1,3,0,4,4,5,-1,5,3,4,3,0,1,2,3,0,0,-1,-1,1,4,4,5,3,2,0,3,-1,1,0,1,4,1,-1,1,0,1,4,5,5,-1,2,5,2,5,0,-1,-1,2,-1,2,-1,-1,2,1,4,0,2,2,4,2,2,3,5,0,1,-1,0,5,2,3,4,-1,1,0,4,-1,3,3,3,-1,3,4
4756.55394374,-1,5,0,3,1,-1,1,4,0,1,0,5,3,1,4,4,0,3,2,2,-1,-1,2,-1,-1,-1,5,0,0,2,1,0,1,1,1,4,4,-1,5,0,5,2,2,3,3,3,2,0,3,2,3,4,2,5,4,1,0,-1,0,2,-1,2,3,5,5,4,3,5,-1,5,3,3,1,1,2,5,4,4,4,0,-1,3,3,3,4,2,0,0,-1,0
4694.61088114,-1,0,1,1,3,0,0,1,3,-1,4,1,2,4,0,3,1,2,0,1,3,-1,2,3,5,4,4,3,3,3,1,3,-1,-1,4,-1,5,0,4,-1,4,5,3,5,0,5,5,4,-1,0,4,1,5,2,0,5,3,0,-1,3,2,2,2,-1,2,0,4,0,2,1,0,-1,0,2,1,4,5,2,1,4,3,-1,-1,5,-1,4,-1,2,1,2
4582.81722633,5,1,3,-1,1,2,4,0,4,5,-1,4,2,0,1,1,2,4,2,2,0,-1,4,1,1,5,2,1,3,3,-1,0,4,2,3,0,-1,0,3,2,2,5,-1,-1,3,2,2,3,-1,1,-1,1,0,-1,-1,1,3,1,3,4,4,1,1,-1,5,2,-1,3,3,3,5,2,-1,0,4,5,0,0,-1,2,4,4,0,4,5,5,3,1,5,0
4641.79886761,1,2,1,4,4,0,0,0,0,2,2,0,1,4,5,3,2,4,2,2,3,0,3,3,4,0,2,5,-1,1,2,1,0,3,4,2,3,4,3,-1,-1,1,4,2,-1,-1,1,0,3,1,5,5,1,-1,5,4,-1,2,0,0,5,1,4,-1,3,2,4,0,5,4,-1,1,-1,-1,-1,5,1,-1,1,2,2,3,-1,3,5,5,3,4,3,0
4334.55140572,2,4,5,0,1,-1,0,0,3,4,5,3,0,4,3,4,5,3,1,-1,-1,2,2,1,2,-1,3,4,0,5,0,2,5,3,5,2,5,4,2,2,4,2,5,5,2,1,1,-1,5,-1,-1,1,3,5,4,-1,2,2,1,4,1,3,-1,0,3,-1,-1,3,0,-1,1,4,2,-1,-1,5,1,3,5,4,-1,4,0,1,-1,0,4,1,3,4
4344.66959523,-1,1,4,-1,-1,2,0,1,3,2,5,0,5,4,4,3,2,1,3,2,2,-1,1,1,5,0,2,-1,5,-1,3,5,1,-1,2,5,-1,4,3,5,4,-1,1,5,0,0,-1,2,4,-1,4,3,4,5,1,4,2,5,4,2,0,-1,4,3,3,3,5,4,0,3,5,1,0,-1,-1,3,3,0,-1,-1,4,3,2,2,1,5,0,-1,0,1
4683.50555119,4,0,1,2,5,1,1,0,-1,0,5,0,5,-1,0,-1,3,0,0,2,2,0,4,5,3,0,1,3,-1,5,1,3,5,5,2,-1,2,2,0,-1,5,3,3,2,2,2,2,-1,-1,1,3,2,0,4,-1,1,4,4,1,4,1,3,3,2,0,4,2,3,-1,1,3,4,2,1,0,5,4,3,-1,2,4,4,3,-1,-1,1,1,4,5,-1
4654.13812311,-1,3,1,0,3,5,2,3,1,4,2,-1,5,-1,-1,2,4,-1,2,5,0,4,2,1,2,0,0,0,4,2,1,0,5,1,4,0,4,1,1,4,0,-1,-1,3,-1,1,-1,4,4,2,3,5,1,3,1,3,0,4,-1,3,3,3,5,2,4,3,0,1,5,-1,-1,0,1,0,4,3,2,0,3,5,2,3,5,5,2,1,5,-1,5,-1
4412.78228558,3,-1,4,4,0,1,-1,-1,4,2,0,3,5,2,3,-1,0,2,-1,1,0,2,-1,4,-1,1,-1,2,4,2,3,5,2,0,-1,5,3,-1,4,4,1,5,5,1,-1,0,0,0,3,5,3,2,0,5,0,2,1,2,3,-1,4,3,3,0,5,1,3,-1,1,2,5,5,5,3,1,-1,4,3,4,3,1,1,2,1,0,4,4,4,-1,5
4332.57712484,4,2,2,-1,2,-1,1,3,5,-1,2,-1,1,1,4,4,2,0,4,2,4,-1,2,5,0,2,-1,2,0,3,1,-1,-1,1,-1,0,0,4,4,4,4,1,-1,-1,5,-1,2,5,5,4,3,1,0,-1,3,1,-1,3,-1,-1,5,3,2,3,1,5,0,3,5,2,3,-1,5,0,0,1,0,3,1,1,-1,2,4,4,0,2,-1,3,-1,4
4621.56248859,5,3,1,2,2,4,2,5,0,1,1,2,2,0,2,1,-1,3,5,0,-1,-1,-1,-1,0,2,0,4,4,5,-1,4,1,4,2,4,1,5,1,3,5,1,5,-1,-1,5,4,0,1,4,-1,1,-1,0,5,3,4,5,1,4,0,4,2,3,-1,-1,1,0,4,-1,3,2,3,0,0,2,2,3,5,3,0,4,3,3,2,1,3,0,5,1
4631.18710788,3,1,4,1,5,3,2,5,2,1,2,4,2,5,-1,3,-1,4,4,2,5,3,3,2,3,0,0,1,0,4,0,1,1,3,2,0,5,2,0,2,-1,-1,5,-1,4,-1,0,1,0,-1,2,0,0,2,5,-1,1,2,2,5,4,3,0,0,1,4,3,-1,3,0,1,4,4,1,5,-1,1,2,-1,0,-1,5,3,-1,4,2,1,4,5,5
4471.51714174,-1,-1,0,3,0,-1,2,5,0,3,5,2,4,1,-1,4,5,0,0,4,2,-1,5,4,5,3,2,1,-1,1,1,3,-1,5,1,5,3,5,1,2,1,5,0,3,0,3,2,1,0,-1,-1,1,2,4,4,4,1,2,2,3,3,0,5,0,4,4,4,-1,-1,5,3,0,-1,4,-1,5,0,0,3,1,-1,4,3,2,-1,4,2,2,-1,4
4633.90174409,3,3,3,3,5,3,5,-1,1,-1,4,2,1,0,4,0,1,4,5,0,-1,5,1,0,3,0,2,2,2,0,1,4,5,1,-1,-1,3,1,5,1,2,1,5,-1,2,3,5,2,3,-1,2,-1,5,3,3,4,4,-1,2,3,4,3,1,0,4,1,-1,4,4,2,1,5,-1,2,5,-1,5,0,0,3,1,2,2,0,0,-1,0,2,4,5
4312.34074583,1,2,1,-1,2,0,2,3,4,1,0,5,4,5,-1,2,-1,-1,3,1,3,1,3,2,1,-1,5,2,5,-1,2,0,2,3,4,4,-1,5,4,-1,3,2,4,0,-1,-1,3,-1,4,5,0,5,0,0,-1,-1,0,0,4,-1,2,3,1,5,-1,-1,2,2,0,1,4,0,3,3,-1,3,1,-1,2,4,-1,4,1,3,4,1,1,-1,-1,3
4504.58634648,0,-1,1,1,1,-1,3,4,3,1,4,4,1,0,5,4,0,3,3,4,2,4,5,5,0,-1,2,5,2,2,0,1,-1,0,3,1,3,0,-1,3,1,1,0,0,5,5,2,2,4,4,-1,2,3,1,5,-1,0,3,1,-1,0,0,1,3,-1,2,-1,3,5,5,2,2,3,4,5,5,4,4,3,-1,5,4,2,4,1,-1,-1,2,-1,-1
4321.96536511,-1,2,2,0,4,3,5,4,0,2,4,4,-1,-1,-1,0,-1,-1,1,3,-1,2,4,0,3,1,4,-1,3,3,-1,2,5,1,0,2,4,1,2,-1,5,5,0,4,-1,1,4,3,-1,3,2,5,2,4,0,4,-1,-1,1,5,4,5,-1,3,3,1,2,0,-1,5,0,0,4,2,1,-1,3,2,1,2,3,5,3,0,5,-1,-1,5,2,0
4498.16993362,-1,1,4,0,-1,-1,2,0,-1,0,1,2,2,5,-1,2,0,2,5,3,3,2,5,1,5,1,2,3,4,3,-1,3,2,5,2,4,1,2,1,3,-1,4,2,0,5,5,-1,1,5,4,1,0,-1,-1,1,3,4,4,-1,3,1,1,-1,2,5,3,-1,1,0,3,0,4,5,3,0,3,-1,5,4,4,0,1,5,0,4,2,4,0,4,5
4538.39590654,2,5,-1,5,5,-1,0,1,0,-1,-1,5,2,4,3,-1,2,4,1,0,5,2,1,3,1,0,4,3,0,1,4,-1,3,1,0,-1,1,0,-1,3,2,1,1,4,0,4,1,2,1,2,5,0,3,4,0,5,-1,-1,3,0,5,4,2,-1,-1,0,4,2,5,4,3,2,3,3,-1,1,0,-1,-1,3,4,4,5,2,-1,3,4,5,5,-1
4646.73456981,1,1,1,4,5,3,2,2,1,3,-1,2,-1,-1,4,5,-1,-1,4,3,-1,-1,0,-1,1,3,5,2,5,2,4,1,2,0,4,-1,2,0,5,3,1,0,0,5,1,2,5,-1,3,5,5,3,4,-1,4,5,3,4,5,0,2,1,1,1,0,5,0,4,0,3,1,2,1,2,-1,1,3,4,3,2,3,2,4,0,-1,0,0,3,-1,4
4547.52695561,2,-1,2,4,4,4,0,5,3,2,0,1,0,5,3,2,4,1,5,0,-1,1,4,2,-1,1,3,5,1,-1,5,-1,5,1,4,3,1,0,-1,-1,5,4,2,2,-1,2,0,0,3,1,1,3,3,2,2,3,4,1,0,0,1,3,-1,3,-1,-1,-1,5,-1,3,3,5,-1,4,1,0,2,2,4,3,0,1,5,0,3,5,2,0,-1,4
4528.27771703,4,5,0,5,-1,5,5,2,0,4,1,3,1,4,0,1,1,0,3,3,2,-1,-1,-1,5,-1,0,2,3,4,4,3,2,2,2,0,3,1,5,0,1,1,5,0,3,1,5,3,3,5,4,3,1,1,1,2,-1,-1,-1,-1,4,5,0,-1,3,5,4,-1,0,-1,-1,0,2,5,4,4,1,0,2,-1,2,2,4,3,0,4,3,3,-1,2
4472.01071196,3,3,0,2,-1,4,5,-1,0,1,4,3,5,2,3,1,4,-1,2,1,1,4,2,4,1,1,5,1,2,0,1,5,0,-1,3,5,5,0,0,0,4,3,-1,3,2,2,3,2,0,5,2,3,4,-1,1,-1,-1,-1,5,4,-1,-1,2,-1,5,2,5,4,5,0,3,4,4,0,2,1,4,-1,-1,1,3,-1,2,1,-1,3,2,-1,-1,3
4460.65859691,1,3,2,2,0,2,4,2,4,-1,-1,1,2,-1,-1,-1,-1,-1,4,3,5,0,-1,1,-1,3,4,4,3,1,4,2,1,-1,5,0,0,5,0,0,-1,3,3,4,5,4,0,-1,-1,1,5,1,0,3,2,1,3,-1,2,4,-1,4,3,4,-1,0,5,0,4,2,0,5,3,4,-1,1,3,1,2,3,2,4,-1,0,0,1,-1,4,5,1
4440.91578811,4,2,2,2,4,1,2,-1,4,2,5,-1,3,1,0,3,4,3,2,-1,-1,5,-1,-1,-1,2,5,-1,4,0,5,4,-1,0,3,2,-1,0,1,5,-1,5,3,0,1,4,-1,0,-1,1,1,2,3,3,1,0,5,-1,1,0,4,0,3,-1,-1,4,5,-1,0,1,4,5,1,2,5,2,-1,0,5,4,1,0,2,4,3,1,4,3,1,4
4345.16316545,0,2,5,5,1,1,-1,2,5,1,-1,1,5,4,0,3,3,5,2,1,1,2,3,-1,5,-1,2,2,-1,4,3,4,0,4,4,3,4,-1,4,3,2,5,1,2,-1,4,-1,-1,1,-1,0,0,-1,3,3,3,-1,1,2,0,-1,0,2,5,-1,4,0,3,1,-1,2,2,4,4,3,-1,-1,1,0,-1,1,0,0,2,4,0,-1,0,4,2
4242.00698949,-1,2,-1,1,-1,3,4,0,4,1,5,3,2,1,3,4,4,5,4,4,-1,0,4,3,5,-1,5,3,2,-1,5,3,0,5,0,1,4,2,-1,0,1,5,1,-1,-1,3,2,-1,-1,1,5,0,5,5,-1,4,3,3,4,1,-1,0,2,2,-1,3,4,2,1,5,-1,2,3,5,2,3,1,-1,4,1,2,-1,-1,2,0,0,4,-1,2,1
4672.40022124,3,-1,1,3,3,4,4,4,0,1,2,5,3,3,2,3,-1,-1,2,0,2,0,4,-1,5,5,3,2,1,2,5,-1,3,-1,4,-1,-1,4,2,-1,3,2,4,1,0,5,5,0,2,2,0,0,1,0,0,1,4,4,3,2,0,1,0,0,1,-1,1,2,0,1,1,-1,3,1,4,-1,-1,5,5,4,5,-1,3,0,5,3,2,1,5,1
4729.65436675,0,3,1,-1,0,5,3,1,4,4,3,0,0,2,2,1,5,5,4,4,2,-1,-1,4,0,4,3,2,0,2,3,0,5,3,1,4,0,2,-1,2,5,0,1,-1,0,-1,1,3,5,2,-1,5,-1,4,3,2,-1,1,4,3,5,1,2,-1,4,1,3,5,4,0,2,0,1,-1,0,2,1,4,4,1,-1,3,4,5,5,-1,3,-1,1,2
4610.45715865,2,3,2,4,1,0,1,2,1,5,3,-1,0,3,1,3,-1,-1,3,2,5,3,4,2,5,5,3,3,1,0,-1,4,2,-1,0,5,4,4,-1,3,0,5,0,1,3,5,5,3,0,-1,3,1,-1,4,-1,1,5,2,2,2,2,3,4,0,0,5,0,5,1,-1,5,0,1,-1,3,1,-1,4,1,-1,4,3,2,1,0,-1,0,1,2,4
4598.61147337,5,-1,0,1,4,2,-1,4,4,1,5,-1,-1,-1,-1,2,0,4,4,-1,5,0,4,1,1,2,2,2,3,1,3,2,5,1,0,4,-1,3,-1,2,5,3,-1,2,-1,0,5,0,1,3,3,1,2,2,3,5,0,4,3,1,0,1,0,3,-1,1,1,-1,4,4,4,3,3,2,0,-1,2,1,3,0,0,2,5,-1,5,1,0,-1,2,3
4444.86434987,3,2,2,5,-1,4,3,3,0,3,-1,1,5,0,0,2,3,4,2,-1,-1,4,-1,0,2,5,5,1,1,0,-1,4,3,3,2,4,4,-1,0,3,-1,4,2,5,4,-1,-1,0,2,5,0,1,2,0,3,1,1,-1,5,-1,-1,0,2,5,1,2,3,-1,1,5,1,-1,4,-1,1,2,4,4,3,0,1,1,4,2,2,-1,1,0,0,-1
4619.83499282,4,3,4,1,5,-1,5,4,4,2,4,0,3,4,4,3,-1,-1,1,0,2,-1,5,1,-1,1,-1,1,-1,4,2,4,3,-1,4,5,3,5,1,0,1,0,2,5,2,5,3,1,2,4,-1,0,3,-1,3,5,3,1,-1,1,4,0,3,-1,0,0,1,2,2,0,-1,1,2,1,0,3,3,2,2,-1,2,5,0,5,1,0,2,0,4,3
4479.90783548,1,2,0,1,-1,4,5,2,0,-1,-1,4,1,0,1,3,3,5,4,0,-1,0,1,5,2,1,5,0,5,4,5,4,2,4,0,1,3,3,4,4,1,5,4,-1,2,1,0,2,0,2,2,2,5,2,3,-1,4,2,3,1,3,1,3,2,3,0,0,3,1,-1,-1,-1,5,3,3,5,-1,0,5,4,5,0,-1,4,4,2,-1,5,-1,0
4306.17111808,-1,5,4,3,1,2,1,-1,0,4,1,3,5,2,4,5,4,5,-1,5,2,3,4,3,2,-1,5,0,1,2,1,4,5,1,-1,2,-1,0,1,-1,0,-1,4,0,-1,3,3,5,0,3,2,2,1,5,3,-1,3,-1,0,3,0,-1,1,3,2,-1,1,-1,5,0,1,0,4,4,-1,5,-1,1,-1,5,0,4,2,2,-1,5,-1,2,0,4
4445.6047052,1,2,5,1,-1,5,1,2,2,1,-1,2,4,5,-1,-1,2,0,5,3,2,1,3,4,4,0,4,1,-1,4,-1,-1,3,5,5,4,3,0,-1,1,4,1,5,-1,0,3,2,-1,3,1,5,-1,0,4,5,3,2,4,5,0,3,1,4,0,1,-1,2,4,3,0,3,4,-1,1,2,-1,4,3,3,0,5,2,0,5,-1,5,1,1,0,0
4603.79396068,0,-1,4,4,-1,-1,3,2,4,0,0,0,1,1,3,5,2,2,0,1,5,3,5,4,2,0,5,3,0,3,0,1,-1,3,3,5,0,1,3,2,-1,-1,1,4,0,5,4,3,5,2,-1,-1,4,4,-1,0,5,2,1,1,2,0,0,1,-1,1,2,2,2,5,5,3,-1,3,-1,-1,1,5,0,5,-1,-1,4,1,4,5,-1,2,3,3
4734.34328384,-1,1,5,1,0,4,5,1,1,-1,4,1,4,-1,1,0,3,4,-1,5,4,2,-1,2,5,3,-1,5,2,3,3,2,2,2,0,0,4,2,4,0,0,4,5,-1,1,3,3,4,0,3,1,0,-1,4,-1,1,-1,2,5,1,0,4,0,5,2,-1,1,5,-1,3,1,3,0,3,5,2,3,2,0,5,3,0,1,0,4,2,-1,3,5,4
4610.21037354,2,4,3,4,0,-1,2,-1,1,3,1,-1,1,2,4,3,2,-1,3,1,1,1,0,1,3,-1,4,4,0,-1,5,1,2,4,1,4,5,2,-1,2,-1,-1,0,3,-1,0,0,5,3,4,3,0,3,3,5,0,5,2,1,1,5,3,2,3,-1,0,0,4,3,2,-1,5,0,-1,5,5,4,1,0,1,4,-1,2,2,1,2,1,4,5,4
4465.10072889,2,5,3,-1,-1,2,5,3,3,-1,3,2,-1,3,1,5,5,4,-1,2,-1,-1,-1,4,1,2,4,1,1,-1,0,5,-1,4,-1,4,0,5,3,2,4,4,0,3,3,5,-1,0,-1,3,1,5,1,2,4,2,2,0,1,1,3,4,-1,0,3,4,1,-1,2,2,4,1,4,0,5,4,0,2,2,1,1,3,3,1,0,0,0,5,-1,3
4471.76392685,1,5,2,1,3,1,0,-1,3,3,4,-1,2,4,3,2,2,-1,0,0,0,3,4,2,5,0,5,-1,4,2,4,5,5,0,5,2,1,3,5,0,4,1,-1,1,4,4,0,-1,3,-1,-1,4,0,-1,1,2,-1,5,5,-1,4,-1,-1,5,3,0,1,3,-1,1,2,-1,2,1,0,1,-1,-1,0,0,4,3,2,3,3,3,-1,1,2,4
4492.98744631,2,-1,0,2,5,1,1,0,0,2,0,4,2,3,-1,5,3,2,4,-1,5,2,4,5,1,2,1,5,2,3,1,4,0,-1,2,3,-1,5,3,1,4,1,4,2,5,-1,3,1,3,0,4,5,0,1,0,5,4,1,0,0,5,2,0,3,-1,2,5,4,3,4,4,-1,-1,0,3,3,5,-1,-1,-1,2,1,-1,-1,1,5,3,-1,0,-1
4482.12890147,3,4,0,1,-1,5,5,0,0,-1,2,-1,3,-1,1,3,2,5,4,1,-1,4,4,-1,2,3,0,0,0,-1,3,4,-1,2,1,5,2,2,1,4,1,2,5,4,5,2,0,2,3,4,0,3,0,-1,1,5,5,4,3,3,5,1,1,2,-1,1,-1,0,3,-1,0,2,-1,4,4,3,-1,1,0,-1,4,3,4,3,2,1,1,-1,5,4
4472.50428218,4,2,3,1,0,0,4,4,0,5,2,4,3,2,1,-1,-1,4,0,-1,4,2,3,-1,3,5,2,-1,2,2,0,0,5,1,0,2,0,2,5,4,3,1,-1,1,-1,4,1,2,-1,1,1,5,4,1,3,5,5,2,5,3,-1,4,3,5,3,2,0,2,-1,4,3,5,-1,-1,5,-1,3,2,0,-1,0,1,0,-1,-1,3,4,4,1,-1
4471.51714174,4,4,4,5,0,1,5,3,1,5,-1,0,1,4,-1,5,3,0,5,5,5,4,2,0,3,4,-1,4,0,-1,1,3,-1,2,2,1,-1,-1,5,0,0,1,0,-1,1,5,4,0,3,4,-1,-1,-1,1,3,5,4,2,2,2,5,1,5,3,0,-1,4,4,2,3,-1,-1,-1,3,1,1,3,4,2,2,2,-1,3,5,4,0,2,2,1,2
4478.18033971,1,5,2,3,4,2,0,4,4,1,0,-1,1,5,4,1,2,5,-1,5,1,5,-1,3,-1,2,4,2,2,-1,-1,2,2,0,4,1,-1,0,1,2,-1,5,1,0,1,4,0,2,1,3,0,3,5,-1,-1,-1,3,5,3,-1,1,2,4,4,-1,5,0,-1,-1,5,3,1,1,0,4,4,4,2,4,2,0,-1,0,5,0,-1,3,0,2,5
4545.55267473,0,3,5,3,-1,-1,5,5,0,1,4,2,2,1,-1,3,4,2,2,5,0,-1,4,0,4,1,3,0,5,1,4,3,1,3,-1,1,0,5,1,0,0,4,-1,3,0,4,2,-1,3,0,1,4,1,-1,1,2,4,5,0,-1,2,0,5,5,0,-1,0,-1,2,-1,3,1,5,3,2,2,3,2,5,-1,4,5,4,2,1,3,4,4,3,-1
4817.5098659,1,4,-1,3,4,0,4,5,4,1,0,0,4,-1,5,0,-1,1,1,0,4,5,2,2,-1,0,1,-1,4,1,3,4,4,-1,0,-1,4,2,3,2,3,1,0,1,2,3,2,3,3,2,0,5,-1,4,5,-1,-1,2,1,2,3,3,0,4,2,4,0,1,5,5,5,2,2,5,1,0,-1,3,2,1,5,3,-1,1,5,0,4,2,3,4
4661.2948913,1,0,0,4,4,-1,0,4,3,0,1,4,5,5,2,-1,2,-1,3,5,3,1,1,5,3,4,1,0,3,0,-1,1,-1,0,0,-1,0,-1,2,1,2,0,1,0,1,2,4,-1,-1,-1,4,5,-1,5,5,5,5,2,3,5,-1,2,4,4,-1,1,3,3,3,3,3,0,1,5,-1,0,-1,5,2,4,2,1,2,4,5,1,1,3,3,2
4464.85394378,4,3,5,0,5,4,5,4,0,-1,0,-1,-1,0,4,1,4,2,3,2,0,4,5,1,-1,-1,4,0,-1,-1,0,3,2,4,1,0,0,3,-1,2,3,5,5,0,0,4,1,2,3,1,1,2,1,2,5,3,-1,2,2,-1,3,1,5,5,4,-1,1,4,-1,4,2,2,5,1,-1,2,3,1,-1,3,3,1,5,5,0,3,1,3,2,5
4757.04751396,1,5,2,-1,2,4,-1,0,2,3,-1,3,2,4,2,5,-1,-1,2,5,5,3,1,1,3,3,0,0,1,4,0,3,0,5,4,5,1,1,4,0,4,3,4,0,4,0,-1,5,2,3,3,1,-1,5,2,-1,2,1,1,2,-1,0,1,0,0,1,-1,3,3,2,5,1,1,-1,4,-1,5,1,1,3,5,0,4,0,4,2,4,0,2,2
4429.81045816,3,5,-1,4,3,-1,2,2,5,4,1,2,5,1,5,3,1,2,-1,5,2,1,3,-1,5,3,1,1,3,0,3,-1,0,5,-1,-1,0,5,2,-1,5,0,5,-1,1,2,0,2,1,0,5,4,-1,-1,1,-1,0,-1,0,3,2,1,-1,3,4,2,-1,4,1,3,4,3,0,0,4,1,-1,2,3,0,2,1,0,1,4,-1,-1,3,-1,0
4382.18093194,0,2,0,5,2,4,5,1,-1,-1,2,0,-1,2,-1,5,3,-1,0,0,-1,2,-1,4,0,0,0,3,2,1,-1,1,-1,2,1,3,3,3,3,0,3,2,5,5,-1,4,1,-1,-1,0,2,5,1,2,-1,3,3,1,3,4,5,4,2,4,2,0,5,2,5,1,1,-1,3,-1,0,-1,-1,4,3,1,3,1,-1,4,-1,4,5,2,0,-1
4599.3518287,3,3,-1,3,-1,4,4,0,4,-1,1,-1,5,-1,5,-1,0,5,2,1,2,3,4,3,0,0,-1,5,0,5,3,4,2,1,2,4,-1,-1,2,3,-1,3,1,-1,4,3,5,0,2,2,1,-1,1,5,5,5,2,4,2,5,1,4,0,1,4,1,0,3,0,5,5,-1,2,4,0,1,2,4,0,3,3,1,0,3,-1,0,5,3,4,1
4465.10072889,1,5,1,2,-1,3,1,-1,5,2,4,3,3,5,-1,-1,1,3,2,-1,4,-1,0,4,-1,2,5,-1,-1,2,5,0,4,2,1,-1,4,4,-1,0,2,0,4,3,3,5,1,3,2,0,1,2,4,-1,5,0,2,3,-1,1,4,3,2,2,0,5,5,4,3,-1,5,4,0,3,4,0,1,5,2,1,3,0,-1,5,1,0,5,-1,-1,0
4640.31815695,3,4,3,-1,3,0,0,5,-1,4,3,1,4,5,3,-1,-1,5,1,2,4,2,1,1,0,3,1,3,0,5,4,5,3,1,2,3,0,4,4,0,1,-1,0,4,2,-1,-1,4,1,2,1,3,1,5,3,-1,2,2,1,0,-1,2,3,1,0,0,2,-1,2,4,2,0,2,-1,-1,2,5,-1,-1,0,1,4,5,0,2,5,4,0,5,-1
4459.91824158,5,4,0,4,5,-1,0,5,5,-1,0,0,-1,2,0,1,3,1,3,1,0,-1,0,2,3,4,1,1,-1,-1,2,3,2,3,-1,0,1,3,-1,4,-1,1,5,-1,3,4,3,4,3,-1,1,4,5,2,0,-1,2,-1,5,5,3,4,4,2,-1,1,-1,0,4,5,2,3,-1,0,4,2,4,5,2,0,2,4,1,2,3,3,4,5,-1,1
4523.83558505,-1,5,3,1,0,5,3,3,-1,2,-1,4,1,2,1,3,0,-1,1,4,1,5,2,0,2,2,3,5,2,1,0,3,5,0,1,-1,3,2,1,5,1,4,-1,1,4,2,2,5,5,0,5,5,0,2,-1,1,4,0,0,3,5,2,-1,0,3,3,0,-1,3,4,-1,3,2,4,1,4,-1,4,-1,3,-1,4,-1,0,4,0,2,1,-1,2
4606.755382,4,5,-1,-1,0,0,5,2,1,4,5,-1,4,0,3,2,3,3,1,4,-1,-1,-1,0,4,3,2,1,5,-1,3,2,2,-1,1,1,0,1,0,1,5,5,0,1,4,5,-1,0,1,0,0,-1,2,4,2,4,2,1,5,4,1,-1,3,5,5,-1,3,3,1,-1,1,5,3,4,3,0,3,2,2,2,4,3,1,5,0,4,3,5,2,2
4445.35792009,3,-1,4,5,3,4,4,2,2,5,4,3,3,4,2,3,0,3,5,5,0,-1,-1,5,-1,-1,-1,1,1,-1,3,5,2,2,5,3,1,0,1,3,-1,1,-1,5,-1,0,2,5,1,4,1,4,1,1,-1,2,1,4,1,2,1,-1,4,2,0,0,4,-1,0,2,3,3,5,2,1,0,0,3,0,3,0,2,5,1,-1,-1,-1,5,0,4
4613.66536508,5,-1,1,-1,1,4,5,4,0,3,-1,0,4,1,-1,0,2,-1,-1,-1,1,5,3,0,5,2,5,3,-1,0,4,4,4,5,0,2,3,2,1,4,1,2,4,1,0,2,5,-1,4,0,0,1,1,-1,3,5,0,5,1,-1,2,5,2,5,-1,3,4,3,2,4,3,2,-1,2,3,0,1,2,0,0,3,1,1,-1,5,2,5,4,-1,-1
4327.64142264,-1,-1,5,5,2,1,2,4,2,0,-1,2,5,4,-1,1,4,3,4,1,3,1,2,5,4,4,5,5,3,-1,-1,0,-1,5,3,4,1,-1,1,2,2,0,-1,0,0,4,3,5,0,2,3,1,2,1,-1,-1,3,0,2,4,1,1,4,5,0,0,-1,3,0,2,1,3,1,4,3,-1,-1,2,4,0,3,-1,1,-1,4,1,-1,2,0,-1
4673.8809319,3,2,4,2,4,-1,0,4,3,0,1,3,0,-1,-1,2,4,1,-1,1,2,5,-1,2,0,5,2,2,-1,3,1,5,2,3,-1,4,2,5,1,-1,0,3,0,5,4,1,0,2,2,0,5,-1,-1,1,-1,3,5,5,4,5,1,0,3,-1,5,1,3,3,1,4,3,0,0,2,4,-1,4,2,1,5,4,-1,3,-1,3,1,0,-1,1,0
4612.67822464,0,-1,2,1,5,-1,4,-1,5,4,1,3,5,2,2,0,0,5,1,3,4,2,-1,3,5,-1,5,4,5,1,-1,3,4,4,5,3,2,4,2,-1,0,2,0,0,4,0,0,0,2,2,0,-1,-1,2,1,1,4,3,2,5,-1,5,5,3,4,2,2,1,5,1,3,2,3,4,5,3,-1,4,3,1,1,1,-1,2,3,3,5,1,0,1
4323.93964599,3,5,1,3,5,0,1,0,0,0,2,3,1,3,3,4,2,5,-1,0,-1,2,-1,2,1,4,0,2,4,5,-1,2,3,2,-1,1,3,2,-1,0,-1,5,-1,1,4,2,4,5,2,-1,-1,1,0,4,-1,3,4,0,-1,4,-1,1,4,1,4,-1,1,-1,2,0,4,4,2,-1,3,2,4,-1,5,5,0,1,3,3,1,5,4,2,3,0
4367.12704023,5,0,1,4,3,1,2,-1,3,4,-1,4,1,1,0,0,5,5,4,4,-1,4,4,5,0,-1,0,2,1,-1,-1,3,0,2,-1,0,-1,2,-1,-1,1,0,5,0,-1,1,1,0,2,-1,1,4,2,0,1,4,1,5,5,-1,3,2,3,3,3,5,3,-1,3,2,4,2,-1,5,-1,3,1,-1,2,1,-1,2,3,5,2,2,4,2,3,-1
4390.57162568,1,3,-1,3,3,1,1,2,4,1,4,5,4,1,4,5,-1,4,2,5,5,5,-1,5,2,5,3,3,2,4,3,4,3,0,3,3,0,4,2,0,4,0,-1,1,-1,1,1,0,1,-1,1,0,4,5,5,4,3,2,1,3,2,2,0,0,5,-1,1,2,-1,2,0,-1,5,2,0,-1,2,1,5,2,0,-1,-1,-1,0,3,4,4,-1,-1
4578.12830924,0,3,-1,2,5,-1,3,0,4,-1,-1,2,5,-1,-1,2,4,-1,2,-1,3,5,5,1,1,5,2,5,1,-1,5,0,2,2,0,4,3,4,5,2,-1,1,3,0,5,3,0,-1,5,2,3,4,3,1,0,1,3,2,2,2,-1,0,1,4,-1,0,3,1,5,0,5,1,4,0,4,5,3,5,1,2,1,4,2,1,4,3,3,1,0,4
4479.90783548,5,0,-1,5,-1,5,3,5,2,-1,2,2,-1,-1,0,4,1,3,3,-1,-1,2,-1,3,1,1,1,0,2,2,2,-1,5,2,4,3,-1,-1,5,4,5,1,-1,3,4,1,5,5,2,2,4,4,3,0,0,0,2,3,2,4,-1,0,4,4,5,1,1,0,-1,3,0,3,4,5,0,0,1,3,1,4,-1,-1,4,-1,4,2,3,2,3,4
4362.19133804,-1,4,4,-1,-1,-1,1,2,2,0,5,1,3,1,4,-1,-1,0,-1,-1,-1,4,2,4,-1,5,-1,-1,2,5,0,4,-1,0,3,1,1,2,4,2,0,2,3,2,4,-1,0,2,3,4,5,5,-1,-1,4,1,1,3,4,3,3,1,5,3,0,0,0,3,0,4,1,-1,0,1,1,3,3,1,3,3,5,2,-1,5,-1,4,1,4,-1,2
4555.67086424,0,5,5,0,2,1,0,5,2,4,4,3,0,2,-1,2,1,3,4,0,-1,3,-1,3,-1,5,3,1,3,5,-1,3,3,4,-1,2,1,5,0,1,5,-1,2,0,4,2,-1,3,5,3,3,1,5,0,1,0,0,4,2,0,5,2,3,-1,1,1,3,4,2,-1,-1,0,5,1,5,4,-1,0,4,1,4,-1,5,2,0,2,4,2,1,4
4568.75047506,-1,1,1,1,2,-1,1,-1,2,4,4,3,0,4,0,-1,3,4,-1,5,1,-1,0,2,0,-1,4,1,-1,1,5,0,-1,0,0,2,3,1,4,3,3,-1,0,2,2,0,2,-1,4,-1,4,3,5,5,5,0,5,1,1,2,1,5,-1,-1,4,2,4,3,-1,-1,2,0,3,4,3,1,4,0,1,3,4,3,3,3,0,-1,5,-1,-1,2
4576.15402836,1,3,4,2,2,0,5,3,0,4,4,2,2,-1,4,4,1,0,-1,5,4,1,2,1,2,2,0,0,-1,3,2,-1,1,-1,-1,1,4,0,-1,3,-1,4,3,2,-1,3,4,-1,0,1,1,4,4,3,0,5,-1,-1,5,5,2,2,2,3,0,0,1,3,-1,3,3,5,3,2,1,0,-1,5,-1,5,0,1,-1,0,3,4,5,5,5,1
4673.14057657,-1,0,0,-1,5,5,2,1,4,4,2,-1,0,5,1,-1,1,3,3,-1,5,4,4,2,3,3,0,0,3,-1,2,4,2,5,-1,1,1,2,-1,2,0,4,-1,2,2,4,4,3,5,-1,5,5,3,4,2,3,1,2,0,5,-1,1,1,0,4,3,1,3,-1,0,3,4,0,-1,1,1,2,4,0,3,4,5,3,-1,1,0,2,1,0,4
4744.70825846,2,2,4,2,4,-1,4,-1,0,2,-1,5,2,-1,0,5,0,4,1,1,0,0,5,2,4,3,5,3,1,1,3,4,-1,4,0,-1,1,4,1,3,4,5,1,3,3,2,3,2,1,4,3,0,0,3,0,5,-1,-1,0,-1,1,3,3,5,-1,5,0,-1,-1,5,1,0,0,2,1,2,5,4,1,5,1,1,-1,3,3,2,5,4,0,2
4426.10868151,3,5,4,-1,0,4,0,1,-1,2,0,0,-1,5,4,2,3,4,3,-1,2,4,-1,2,-1,-1,4,-1,3,2,-1,1,-1,0,5,0,-1,4,0,5,3,-1,1,0,0,1,3,5,3,5,5,3,4,4,1,5,0,1,5,-1,5,2,3,2,3,3,-1,1,-1,0,0,2,1,2,-1,3,4,3,2,-1,-1,4,4,3,-1,0,2,5,2,5
4465.59429911,1,1,5,3,4,5,4,5,5,1,4,0,-1,3,3,2,-1,2,2,1,2,1,1,3,-1,4,5,5,2,5,4,3,-1,5,0,4,0,2,1,0,-1,0,0,4,3,2,5,1,-1,4,1,0,2,1,3,5,4,3,0,-1,-1,2,5,4,1,-1,2,-1,-1,4,4,0,2,2,3,-1,4,1,5,0,-1,5,3,3,0,-1,1,3,2,0
4470.77678641,5,1,-1,1,2,-1,4,4,5,1,0,5,5,-1,0,0,3,0,4,0,-1,2,-1,2,0,4,2,0,-1,1,2,1,5,4,4,4,1,4,1,-1,2,3,0,2,1,3,-1,4,2,4,1,0,5,-1,2,3,2,-1,4,1,5,4,-1,2,-1,3,-1,2,0,3,0,4,0,3,-1,5,-1,-1,3,3,5,1,-1,0,3,2,-1,4,5,5
4480.64819081,5,0,4,3,2,-1,4,-1,1,3,2,0,1,0,5,4,1,0,4,3,2,3,0,5,1,-1,-1,5,2,2,1,2,4,1,2,2,2,5,0,-1,5,4,4,5,-1,3,3,3,2,3,1,3,5,1,-1,-1,-1,1,3,3,0,2,1,-1,-1,4,0,5,-1,0,4,3,4,3,4,1,5,-1,5,2,1,3,2,5,0,0,-1,-1,2,-1
4502.85885071,5,3,1,-1,-1,5,0,5,2,-1,5,5,0,0,4,2,0,4,0,3,-1,5,3,-1,-1,2,1,4,2,3,1,2,5,2,1,4,1,-1,4,4,0,4,-1,2,2,1,4,1,5,3,5,4,-1,0,2,3,1,5,2,0,-1,3,4,1,0,0,0,3,1,-1,-1,3,2,4,0,5,4,3,4,3,-1,2,-1,0,-1,-1,1,3,2,2
4613.91215019,-1,3,-1,2,0,0,5,5,-1,4,2,2,3,3,3,2,1,5,-1,5,3,3,0,4,-1,2,2,5,5,5,0,1,0,-1,0,1,4,3,-1,1,3,2,0,5,5,0,3,1,0,1,1,4,3,0,-1,4,4,3,5,-1,-1,2,1,-1,0,2,4,-1,2,3,-1,-1,1,2,3,5,2,1,1,4,1,0,4,2,5,4,1,4,5,-1
4575.16688792,0,1,4,4,2,-1,0,4,2,3,2,5,4,5,4,3,4,0,2,5,4,3,-1,2,5,-1,5,4,0,0,5,-1,3,5,1,-1,-1,0,4,1,1,-1,2,3,3,3,5,-1,2,2,-1,0,2,3,5,4,4,3,2,2,2,-1,-1,2,2,3,-1,3,-1,0,0,1,-1,1,-1,4,0,1,5,5,5,1,1,1,3,0,1,1,0,3
4406.85944294,1,1,-1,3,5,-1,1,4,-1,1,-1,1,3,0,4,3,2,0,5,3,2,3,4,3,0,-1,5,-1,1,1,5,-1,1,2,-1,1,4,2,3,2,3,1,5,-1,0,4,2,0,-1,3,-1,5,2,2,2,4,2,3,4,4,2,5,0,-1,5,3,4,0,-1,2,5,3,0,0,5,-1,-1,4,-1,5,0,0,4,0,0,-1,-1,1,1,5
4555.42407913,3,-1,5,-1,1,-1,2,3,4,2,0,-1,3,1,-1,5,4,5,1,-1,1,3,3,-1,0,0,-1,-1,1,-1,2,3,3,4,-1,5,2,0,0,4,2,1,1,2,-1,2,-1,-1,3,5,1,-1,0,3,2,3,2,1,0,2,-1,4,0,4,5,1,2,4,4,4,5,3,1,5,-1,0,0,5,2,4,5,5,1,1,-1,3,0,5,2,0
4531.97949368,3,4,-1,-1,0,0,-1,3,0,-1,-1,1,-1,5,2,5,4,3,-1,4,5,1,3,2,3,4,1,-1,3,5,4,-1,5,4,0,3,2,2,4,-1,-1,1,0,4,-1,0,5,3,0,1,2,1,0,1,4,2,3,4,5,2,4,5,2,3,1,0,4,5,0,0,2,1,3,2,2,-1,5,1,1,2,5,1,1,-1,4,3,1,2,0,2
4337.75961215,-1,1,1,0,1,-1,0,3,2,1,-1,-1,2,5,5,0,5,1,0,1,0,3,5,-1,1,3,5,0,4,2,4,-1,5,1,5,-1,1,4,2,3,4,4,2,5,0,-1,3,0,5,3,5,3,-1,4,4,-1,4,-1,3,1,-1,0,5,3,2,2,3,2,0,2,-1,3,4,2,3,1,-1,3,4,3,1,5,1,5,0,-1,3,0,-1,4
4549.99480671,5,2,-1,0,2,-1,0,1,4,5,0,0,2,2,4,-1,2,1,2,4,0,3,5,2,0,-1,-1,5,3,4,2,5,4,2,3,0,5,0,1,5,1,1,5,4,1,5,-1,-1,-1,3,-1,3,4,5,3,4,3,-1,0,4,4,1,4,3,1,2,3,1,0,-1,5,-1,5,1,4,4,2,5,5,3,3,0,1,0,3,-1,2,-1,1,-1
4365.89311469,-1,4,1,1,0,3,-1,1,0,1,-1,1,5,-1,5,4,0,3,-1,3,4,1,4,1,-1,0,3,5,0,3,3,4,1,-1,2,0,5,5,2,-1,-1,-1,4,2,2,-1,-1,5,-1,0,2,4,-1,0,-1,1,2,-1,5,2,0,3,1,3,1,0,1,5,2,1,4,2,2,0,-1,5,5,-1,3,-1,3,2,4,5,3,-1,4,2,2,3
4465.84108422,3,1,4,5,3,2,5,1,-1,-1,2,-1,5,2,2,3,3,4,2,4,5,2,-1,1,3,-1,1,0,1,0,-1,0,0,1,2,4,-1,5,0,5,0,2,1,2,-1,1,2,-1,3,4,-1,4,3,1,-1,-1,4,3,0,4,3,1,2,5,4,0,-1,3,5,4,4,-1,5,0,-1,4,5,1,2,5,0,-1,3,0,4,3,2,-1,0,0
4511.00275934,1,5,-1,5,0,2,-1,2,2,2,3,0,-1,2,5,2,5,1,3,5,1,1,3,-1,-1,5,4,5,3,2,0,0,-1,1,-1,0,-1,3,4,2,-1,3,-1,4,4,4,4,4,0,3,4,3,-1,0,1,0,2,-1,1,3,0,5,5,0,4,4,4,1,1,0,2,-1,3,4,1,0,3,3,5,3,-1,1,2,4,2,3,3,5,-1,5
4510.50918912,-1,-1,5,0,3,0,2,2,1,1,0,0,0,-1,-1,5,4,1,2,2,3,-1,3,1,5,1,4,2,4,-1,3,5,0,5,3,3,3,-1,5,-1,-1,2,4,4,1,-1,3,1,4,4,0,2,4,0,-1,3,3,5,1,0,2,3,3,2,2,4,1,-1,4,2,5,4,4,1,2,0,0,-1,2,1,0,5,1,5,5,-1,-1,5,-1,1
4123.79692182,0,3,-1,2,5,-1,5,3,2,-1,-1,0,5,1,-1,4,-1,-1,0,2,2,-1,5,2,2,4,4,1,-1,1,5,4,4,1,0,3,3,1,4,1,2,5,-1,2,-1,4,0,-1,1,-1,2,5,3,5,3,3,0,4,5,-1,-1,-1,2,0,0,1,1,1,2,3,-1,1,1,4,1,5,2,1,-1,0,3,2,-1,3,-1,-1,4,5,4,-1
4457.9439607,4,0,2,0,0,-1,4,-1,3,5,5,-1,2,1,-1,0,1,3,3,-1,5,4,4,3,-1,0,0,2,0,2,-1,3,4,2,3,5,3,4,4,-1,5,1,0,1,2,0,5,3,4,4,5,4,3,-1,2,0,2,5,4,0,3,0,2,5,0,1,-1,-1,1,-1,3,3,1,1,2,1,2,-1,-1,0,5,-1,1,4,4,5,-1,1,-1,4
4554.93050891,4,5,4,5,4,4,3,0,4,5,2,0,1,0,3,4,5,3,1,1,-1,1,0,-1,3,5,5,4,2,-1,-1,1,5,4,2,2,0,1,3,1,4,0,5,0,-1,1,1,5,4,2,-1,5,2,2,-1,1,2,3,0,3,3,0,-1,1,-1,2,2,1,0,-1,5,-1,3,-1,4,1,3,0,0,2,5,3,2,3,3,1,-1,0,2,4
4592.44184562,-1,2,0,1,3,5,4,5,2,1,-1,3,0,3,3,3,0,-1,3,0,1,0,5,3,4,5,3,2,4,-1,3,1,4,5,4,2,-1,1,-1,3,5,1,-1,4,2,4,2,0,4,4,1,4,4,-1,2,4,3,1,0,1,-1,-1,0,2,4,0,5,2,-1,5,2,2,0,2,0,-1,3,2,0,4,5,0,5,1,1,-1,5,3,5,0
4554.19015358,0,3,4,-1,2,2,-1,-1,5,0,2,1,1,3,4,-1,-1,5,0,4,0,1,-1,5,2,4,5,1,1,-1,1,5,-1,4,0,3,4,-1,1,0,1,1,0,0,5,1,5,3,2,2,4,3,0,1,4,2,1,2,4,-1,-1,-1,2,2,2,0,-1,-1,5,-1,0,5,4,2,2,4,3,-1,-1,3,1,5,3,3,4,3,3,-1,5,4
4621.31570348,2,3,0,3,1,2,0,3,3,1,2,-1,-1,2,-1,4,4,1,-1,1,-1,0,4,3,3,1,0,5,3,5,0,0,-1,-1,0,0,4,1,0,5,-1,1,5,4,0,5,3,0,2,4,5,4,3,2,3,0,1,5,2,-1,2,1,-1,3,2,2,3,5,2,4,1,5,0,1,5,4,-1,4,-1,2,4,0,3,4,-1,-1,-1,4,2,1
4508.04133802,3,-1,1,4,4,5,4,2,2,1,1,3,4,5,-1,2,1,4,3,4,1,5,4,2,1,0,3,1,4,-1,2,1,3,-1,0,2,5,-1,1,4,0,0,-1,2,3,2,1,5,0,-1,0,3,0,-1,3,4,-1,5,0,5,5,5,1,2,0,3,2,3,-1,3,-1,-1,-1,2,1,-1,3,5,0,4,5,4,-1,2,4,0,5,-1,0,0
4639.82458673,0,0,4,1,4,2,3,-1,0,3,0,-1,-1,3,0,4,5,1,2,4,2,-1,5,1,1,-1,5,3,5,0,2,1,1,2,1,3,1,5,2,2,4,-1,2,5,4,1,-1,0,-1,5,4,3,1,4,0,5,3,5,5,5,-1,2,4,-1,0,3,4,0,4,3,4,5,0,5,-1,0,1,3,3,3,2,4,0,-1,5,-1,4,3,2,1
4527.04379148,1,0,0,0,3,2,-1,3,-1,3,0,4,-1,5,0,1,1,4,2,0,2,4,0,-1,0,-1,5,2,1,2,4,3,5,-1,5,-1,4,0,4,4,-1,2,1,0,2,2,2,1,4,4,5,5,1,0,-1,4,3,3,5,5,5,4,1,-1,5,3,1,0,1,4,-1,-1,-1,3,3,2,5,1,0,3,2,3,1,-1,2,1,-1,2,3,4
4642.78600805,-1,1,5,3,0,0,0,5,0,4,-1,4,0,-1,5,3,-1,1,5,-1,0,2,4,-1,0,0,0,1,4,3,3,-1,-1,5,2,-1,3,1,1,0,3,-1,2,3,-1,-1,4,3,5,2,3,-1,5,4,2,2,3,1,1,1,5,5,2,2,2,5,0,0,2,-1,3,1,1,5,-1,1,-1,-1,4,4,0,4,2,3,1,2,4,0,1,1
4614.89929063,5,1,0,2,4,1,4,3,-1,0,2,2,4,4,5,3,0,4,5,-1,5,-1,1,1,5,1,1,4,0,-1,5,1,0,0,3,5,2,4,0,4,5,1,-1,0,3,3,3,3,4,1,0,0,2,5,-1,-1,4,5,0,-1,1,-1,2,0,-1,4,4,2,3,0,1,2,3,-1,3,2,3,4,2,3,2,-1,1,1,-1,2,4,4,-1,2
4533.95377456,2,-1,3,2,-1,2,1,-1,5,3,1,0,1,-1,5,4,5,-1,3,0,0,2,5,5,5,3,3,-1,1,1,-1,4,-1,1,2,1,3,0,-1,-1,0,4,4,2,2,1,3,5,4,3,-1,4,4,0,0,2,1,1,-1,5,3,4,-1,0,2,0,2,0,0,3,4,5,3,5,1,4,-1,3,1,3,1,4,2,5,5,-1,5,3,4,4
4423.14726019,2,4,3,1,5,-1,2,2,0,-1,3,-1,-1,1,-1,4,4,4,1,4,1,1,3,5,5,5,1,5,4,1,-1,5,3,0,4,1,0,2,0,5,0,2,2,2,3,0,1,4,-1,2,2,3,3,0,5,2,4,0,4,1,3,5,-1,2,3,4,3,-1,-1,4,-1,1,1,3,0,2,-1,0,0,5,3,3,-1,-1,0,0,-1,1,5,1
4361.69776782,4,4,1,0,-1,-1,2,4,3,3,4,4,0,-1,3,2,4,2,-1,2,1,4,5,1,5,1,0,4,5,-1,-1,1,2,-1,5,5,1,-1,3,4,-1,2,5,0,1,-1,2,0,2,1,3,-1,0,-1,1,3,2,-1,3,4,1,5,0,5,0,1,-1,-1,5,5,4,2,1,1,4,3,-1,2,-1,4,0,0,3,2,-1,1,5,-1,0,3
4548.26731094,5,1,1,3,3,2,4,-1,5,4,-1,-1,4,3,2,0,4,3,4,-1,0,-1,-1,5,1,1,-1,0,0,4,2,4,-1,4,-1,5,0,-1,1,0,-1,2,0,3,3,0,0,1,-1,3,2,4,-1,2,4,0,-1,1,5,2,3,4,0,-1,2,3,0,0,2,5,3,3,2,2,2,3,-1,3,5,5,1,1,0,4,5,4,5,-1,1,1
4614.89929063,1,0,4,-1,3,1,3,-1,2,3,5,4,3,5,1,1,5,5,2,0,3,5,4,0,2,3,0,0,3,0,2,5,1,5,1,3,3,-1,0,3,-1,2,4,-1,-1,1,2,-1,-1,2,0,5,-1,3,4,0,-1,3,-1,5,-1,1,4,-1,4,1,4,1,0,0,-1,5,3,5,4,2,1,0,3,4,2,1,2,2,4,4,-1,2,2,0
4378.7259404,2,2,2,0,1,0,1,0,4,-1,2,-1,3,-1,0,2,3,5,5,-1,3,5,4,1,0,4,-1,-1,2,0,5,0,3,-1,1,-1,-1,-1,5,-1,1,1,3,2,4,2,4,1,4,2,5,-1,5,5,4,-1,-1,3,2,2,5,0,3,5,1,4,4,5,0,4,2,3,5,2,4,1,0,1,4,2,3,3,3,-1,3,2,-1,4,5,1
4563.07441754,-1,-1,5,4,1,0,1,-1,3,5,4,0,4,0,0,2,0,5,4,5,3,2,1,-1,3,0,1,3,2,0,2,0,5,4,3,-1,0,2,-1,4,-1,3,1,-1,1,2,4,3,1,3,2,5,2,5,5,-1,3,0,-1,2,4,4,-1,4,3,-1,2,3,5,1,1,1,2,4,2,1,-1,1,4,3,0,2,-1,0,4,1,2,4,-1,5
4869.8283092,3,3,0,3,5,0,4,2,-1,4,0,2,2,-1,2,3,3,3,2,5,3,5,-1,5,0,0,0,4,4,3,1,5,4,0,5,5,4,0,5,5,-1,5,-1,0,2,2,2,2,1,0,1,-1,-1,1,-1,0,1,3,5,5,-1,2,1,2,0,1,1,4,3,3,1,2,1,4,5,1,1,2,4,1,4,4,4,3,5,4,0,-1,1,2
4619.83499282,0,4,0,4,0,-1,5,3,2,1,2,1,3,1,0,-1,3,5,5,-1,4,4,5,4,2,3,2,-1,2,1,2,3,4,1,4,2,2,3,1,0,4,1,0,-1,4,4,4,3,4,3,5,3,1,5,-1,5,3,2,1,2,0,-1,0,0,5,-1,2,3,0,5,4,4,0,5,0,5,1,1,2,0,-1,-1,-1,3,1,3,2,5,-1,-1
4181.79142266,5,-1,0,1,3,-1,2,-1,3,1,3,3,2,5,1,3,2,0,5,2,1,3,-1,2,0,4,2,5,3,-1,1,4,0,5,-1,5,0,4,5,3,3,-1,4,-1,2,5,0,-1,4,5,5,2,-1,1,-1,3,5,5,4,4,2,2,0,4,1,4,0,-1,3,-1,2,1,2,3,-1,-1,4,1,2,-1,-1,0,4,4,0,5,4,0,4,3
4514.9513211,-1,1,-1,3,-1,2,1,4,-1,1,2,1,5,-1,4,1,-1,5,2,4,4,2,0,-1,0,1,1,4,4,-1,-1,4,2,4,0,3,0,4,0,5,2,0,-1,5,-1,1,1,5,3,4,0,2,-1,0,3,3,3,-1,3,5,5,4,2,5,2,0,2,2,1,1,5,4,5,3,-1,3,4,5,2,3,5,0,-1,4,1,1,0,0,3,0
4560.35978133,-1,3,2,5,1,4,0,3,-1,3,2,-1,4,0,-1,4,4,3,4,-1,0,5,2,2,3,1,0,-1,5,4,0,4,3,2,2,5,0,1,-1,-1,1,2,4,5,-1,3,1,1,0,0,3,4,5,4,0,3,1,0,2,2,0,-1,1,5,5,2,-1,1,-1,5,0,0,3,2,-1,1,5,-1,4,1,2,3,-1,-1,-1,-1,4,4,3,2
4339.48710792,0,2,2,0,2,1,-1,4,-1,0,3,5,1,1,0,1,3,3,1,0,5,4,1,-1,3,4,2,2,3,4,-1,-1,-1,3,5,3,0,1,2,0,5,4,2,-1,-1,-1,-1,2,5,-1,1,0,5,5,4,1,-1,5,4,3,0,3,4,1,5,4,2,2,4,-1,-1,1,3,4,3,-1,5,3,0,2,1,0,5,4,1,4,5,-1,3,-1
4440.42221789,2,-1,-1,4,-1,1,-1,3,4,0,3,5,0,3,5,4,2,-1,1,-1,3,2,5,1,1,0,-1,4,2,3,1,-1,0,-1,3,3,0,-1,5,1,-1,0,0,2,5,1,2,4,-1,5,4,1,-1,2,0,2,2,3,1,1,5,4,4,3,0,4,5,-1,-1,5,0,0,4,-1,1,2,3,0,2,2,-1,0,3,4,1,4,1,3,5,4
4518.40631263,1,4,-1,0,2,4,2,5,-1,2,2,5,0,-1,2,0,-1,0,0,4,2,4,5,0,1,-1,4,0,1,1,3,3,-1,4,-1,3,1,4,4,-1,-1,5,5,1,2,4,0,1,2,2,3,2,3,2,-1,0,3,5,1,3,4,5,0,0,1,3,3,2,-1,-1,3,0,4,-1,5,-1,5,2,3,3,4,4,1,4,5,-1,0,3,-1,2
4501.13135494,3,2,3,5,5,0,4,3,0,-1,1,1,0,1,-1,-1,5,3,1,2,-1,0,-1,1,4,0,-1,3,4,0,1,2,0,2,2,-1,4,5,1,1,3,2,3,4,-1,1,4,2,1,1,-1,5,5,1,-1,-1,0,3,0,4,3,-1,1,4,-1,3,3,4,2,-1,-1,-1,-1,-1,-1,0,0,4,3,-1,5,2,4,2,4,1,0,4,5,0
4497.42957829,3,5,3,5,1,0,3,2,4,0,4,5,3,5,2,2,-1,0,3,-1,3,1,1,5,3,2,2,4,5,3,1,-1,2,5,3,-1,5,4,4,5,4,2,3,5,2,3,1,1,-1,-1,5,4,-1,4,0,-1,0,4,5,-1,0,2,-1,0,2,4,1,4,4,4,0,1,-1,1,-1,1,5,3,2,3,0,3,0,5,1,1,2,4,-1,2
4479.90783548,3,3,2,2,4,2,1,5,3,-1,1,-1,0,5,-1,4,1,3,-1,5,5,0,0,2,-1,3,1,1,2,3,4,1,5,4,2,5,5,1,4,0,5,4,1,0,3,-1,2,4,-1,1,-1,0,-1,4,3,0,5,-1,4,0,-1,1,5,0,2,3,2,4,0,-1,-1,0,4,2,2,3,0,-1,-1,-1,0,2,1,3,1,1,-1,5,5,3
4753.59252242,2,0,4,5,1,5,1,2,4,3,4,4,-1,-1,1,4,-1,1,2,0,3,5,1,2,1,-1,2,1,1,2,2,1,5,2,2,-1,2,4,2,3,0,3,-1,4,1,0,0,-1,0,0,0,3,4,2,5,3,1,3,0,1,0,3,4,3,5,0,-1,5,-1,4,0,5,3,-1,-1,4,3,-1,4,4,-1,2,0,5,0,3,4,3,-1,1
4477.43998438,5,2,1,0,-1,3,3,2,-1,-1,3,1,0,-1,1,1,-1,2,3,1,5,1,3,3,5,2,2,5,2,4,3,0,4,0,4,1,0,1,-1,0,5,2,1,3,-1,5,5,0,4,4,-1,4,0,-1,4,0,5,0,3,2,3,0,-1,2,2,2,5,5,4,4,5,1,-1,2,0,-1,2,1,4,-1,4,-1,4,3,1,2,4,-1,3,1
4333.56426528,5,0,5,5,-1,-1,0,0,2,-1,5,3,1,-1,4,3,0,4,5,-1,4,2,3,4,5,-1,2,0,-1,2,3,1,-1,-1,4,1,5,2,-1,2,0,4,4,1,2,0,-1,1,4,4,4,1,2,5,2,4,0,2,1,5,-1,2,5,1,1,-1,2,5,3,2,0,-1,5,0,3,2,5,-1,4,-1,-1,0,3,5,-1,3,3,-1,0,3
4554.43693869,2,-1,0,1,0,-1,4,5,3,2,3,1,5,3,1,0,2,-1,1,4,0,4,-1,4,0,1,5,-1,2,0,2,3,0,2,3,1,3,1,1,-1,4,2,-1,4,2,4,5,1,5,0,4,4,3,3,2,0,3,5,1,-1,1,0,3,5,5,4,-1,-1,4,-1,-1,2,-1,2,-1,5,3,3,4,5,5,4,3,0,1,2,4,3,5,0
4535.18770011,0,1,-1,1,2,-1,-1,3,4,2,1,1,0,-1,1,-1,3,2,2,1,5,3,-1,4,0,5,4,1,0,0,4,2,0,5,4,1,3,0,3,2,1,3,-1,3,4,3,-1,-1,1,5,0,1,2,-1,4,5,1,0,-1,2,2,2,-1,4,0,-1,3,-1,0,-1,3,-1,2,2,-1,5,4,4,2,3,4,3,4,0,-1,5,4,4,3,1
4663.51595729,-1,3,0,5,-1,0,5,5,-1,2,2,1,4,1,4,2,-1,2,4,0,4,1,-1,2,5,0,2,1,0,4,-1,1,1,5,5,0,3,5,1,3,5,0,4,-1,1,1,4,2,0,4,3,3,0,2,1,-1,1,3,3,5,3,2,0,-1,3,4,-1,4,-1,4,2,1,0,0,-1,5,-1,1,2,1,-1,4,2,2,4,-1,0,3,3,3
4358.24277628,3,-1,4,3,2,3,1,-1,2,-1,-1,0,5,0,2,0,1,4,4,3,-1,1,2,5,-1,3,-1,0,4,0,2,3,2,1,5,2,2,3,0,1,0,1,4,0,4,4,0,2,4,-1,4,5,2,4,0,-1,4,4,5,1,3,3,5,0,5,-1,0,-1,1,1,0,2,-1,3,3,5,-1,1,3,4,5,5,-1,5,1,4,5,5,1,2
4507.05419758,4,2,0,4,1,3,2,2,1,-1,0,-1,0,3,1,0,5,-1,-1,5,5,-1,4,0,1,1,-1,4,5,1,5,0,1,1,2,5,3,-1,0,5,4,2,-1,2,5,3,-1,-1,3,2,4,3,3,3,1,4,-1,1,5,4,-1,4,5,2,1,2,3,3,2,5,5,4,0,3,0,4,2,3,4,-1,3,0,-1,0,5,0,4,1,2,2
4707.44370686,1,0,0,2,5,-1,-1,1,1,5,2,-1,3,4,0,3,1,0,2,-1,-1,1,-1,-1,5,0,2,2,4,1,-1,1,-1,4,-1,3,5,2,1,2,2,4,-1,-1,-1,0,4,3,0,1,4,0,4,5,0,0,-1,-1,4,1,5,0,2,-1,1,0,2,3,3,4,4,2,1,1,-1,3,0,5,3,3,2,1,4,2,5,4,0,2,3,3
4611.19751398,1,0,4,-1,1,0,4,4,1,-1,3,1,-1,3,-1,-1,0,5,0,1,2,5,-1,1,3,3,2,4,3,5,5,3,1,3,4,5,-1,1,5,2,0,2,0,0,4,4,1,0,4,2,4,4,3,-1,0,-1,2,5,1,1,2,5,0,5,-1,2,-1,5,-1,-1,3,0,1,2,2,2,4,4,2,-1,0,5,5,3,3,0,2,3,4,4
4436.72044124,1,1,3,4,5,-1,1,-1,0,1,2,0,1,4,2,1,2,-1,1,0,4,1,2,3,1,1,-1,5,2,1,5,-1,5,-1,2,2,0,3,-1,-1,1,3,3,5,-1,5,-1,0,4,5,-1,3,3,-1,-1,4,2,4,0,3,0,-1,3,4,2,5,4,-1,0,4,-1,5,0,2,2,0,-1,3,4,3,3,5,3,0,3,4,0,5,2,1
4546.53981517,0,1,1,2,4,0,1,-1,5,1,1,1,-1,3,2,5,3,0,4,2,3,1,-1,0,0,3,4,-1,0,5,5,5,-1,4,-1,2,-1,-1,2,3,0,4,5,0,2,4,-1,-1,4,1,4,2,3,-1,2,3,-1,1,5,2,3,-1,0,3,0,3,4,5,4,-1,0,4,4,2,2,4,1,0,0,-1,4,2,5,-1,3,5,1,3,2,3
4270.63406224,2,4,5,5,3,1,1,-1,2,-1,1,0,-1,3,3,2,0,3,0,0,-1,5,1,1,3,2,3,4,5,1,1,4,-1,4,-1,3,-1,5,2,1,-1,0,0,-1,-1,-1,2,2,-1,2,3,3,0,-1,4,2,-1,-1,4,2,-1,3,5,-1,1,2,0,-1,4,0,3,1,-1,0,1,-1,1,2,4,0,0,-1,5,4,0,4,-1,2,5,4
4652.65741245,-1,3,4,0,3,0,0,3,2,1,1,0,5,-1,0,-1,5,4,2,2,2,5,5,4,1,0,4,5,1,2,-1,2,0,0,2,4,-1,4,2,-1,4,1,-1,2,1,3,-1,5,3,3,2,3,-1,4,-1,1,2,1,2,4,1,1,4,0,3,1,2,0,4,3,3,1,0,0,-1,-1,-1,1,2,3,5,3,-1,1,5,-1,5,3,4,-1
4638.34387607,3,4,5,5,3,5,-1,3,0,0,5,4,4,4,4,0,3,2,1,4,-1,2,1,-1,1,3,1,5,0,1,-1,-1,3,1,3,-1,1,3,2,1,0,-1,2,1,0,1,0,5,4,0,0,-1,4,3,4,-1,5,5,2,2,1,2,2,3,5,2,5,0,1,2,5,0,3,4,3,0,2,0,-1,5,3,-1,-1,2,2,4,4,-1,1,2
4342.94209946,0,-1,5,2,-1,0,4,5,3,2,-1,4,5,1,3,5,3,2,4,1,4,-1,-1,3,-1,-1,0,2,4,5,1,4,2,2,4,1,4,2,0,3,0,2,5,-1,0,3,1,2,1,1,5,3,0,-1,3,0,3,-1,4,4,4,3,-1,1,4,5,0,-1,1,5,2,1,5,5,3,0,2,2,-1,-1,3,1,-1,-1,4,0,5,0,3,5
4252.37196411,2,0,4,1,0,5,-1,4,2,4,0,1,-1,3,3,4,-1,-1,-1,-1,3,-1,1,0,1,4,5,-1,1,1,4,-1,-1,5,2,-1,0,4,5,5,2,5,5,2,1,0,2,-1,1,3,-1,4,0,4,-1,3,2,2,2,3,2,0,3,3,1,-1,0,5,0,4,3,-1,5,4,3,0,5,-1,5,1,-1,3,2,1,1,-1,5,-1,3,2
4569.98440061,2,-1,1,2,-1,2,1,4,3,-1,1,0,5,3,3,0,0,5,0,3,2,2,5,2,0,0,3,3,1,-1,-1,5,3,1,1,4,2,5,5,4,5,5,-1,4,0,-1,3,1,4,-1,4,0,2,3,-1,3,3,5,-1,0,2,3,4,0,4,1,1,4,5,2,1,1,2,-1,5,1,1,3,4,0,4,0,1,0,2,-1,4,0,5,3
4459.42467136,3,2,2,-1,-1,2,2,0,3,-1,-1,5,3,4,1,2,0,5,1,-1,4,1,1,3,-1,0,0,-1,0,5,3,5,-1,0,4,4,0,5,4,3,3,2,4,-1,-1,2,-1,4,2,1,2,0,2,-1,1,3,2,3,4,4,5,1,2,-1,5,4,3,1,3,3,1,4,0,5,-1,5,1,5,0,2,0,0,4,5,0,-1,-1,1,4,2
4415.49692179,1,0,3,5,2,3,1,2,2,0,4,2,3,5,-1,5,2,-1,-1,1,1,2,2,3,4,1,5,-1,-1,0,0,0,1,5,0,4,4,2,3,2,-1,4,4,5,0,5,5,0,-1,-1,-1,3,1,-1,-1,5,0,5,2,0,3,-1,2,3,4,2,3,0,3,-1,3,2,0,1,4,2,5,1,3,4,1,4,5,-1,-1,-1,-1,1,-1,5
4322.95250555,1,4,4,-1,2,1,1,2,0,0,-1,2,0,4,-1,-1,3,5,2,-1,3,-1,5,0,1,0,1,5,5,2,3,-1,4,3,-1,-1,3,0,1,0,4,2,3,5,3,1,1,5,5,5,-1,-1,2,3,2,3,1,0,4,1,5,0,0,2,4,-1,4,5,2,-1,-1,-1,4,-1,-1,-1,0,1,4,1,1,3,4,4,0,0,-1,-1,-1,0
4472.25749707,5,-1,4,4,2,1,1,0,2,2,3,0,-1,-1,0,2,3,4,2,5,-1,0,4,2,5,2,3,0,4,1,2,3,0,0,4,0,-1,-1,4,5,2,2,-1,3,1,3,5,2,3,3,1,2,5,0,-1,4,3,5,0,0,1,4,-1,3,4,1,2,4,1,-1,-1,0,-1,1,-1,-1,-1,1,1,4,3,-1,-1,3,5,5,4,1,1,3
4592.68863073,-1,2,5,0,3,2,5,1,2,3,1,3,3,5,1,1,0,-1,4,0,1,0,-1,4,1,5,2,4,5,5,1,-1,2,3,0,2,5,2,5,4,4,0,-1,3,0,1,5,4,5,-1,4,5,4,1,0,2,1,2,2,5,-1,3,-1,3,0,4,3,0,-1,4,5,4,0,2,3,0,1,4,3,4,4,5,0,-1,1,-1,2,-1,3,-1
4784.19387605,-1,4,4,3,3,-1,4,3,4,1,3,1,2,0,2,-1,5,5,4,0,2,4,-1,4,2,3,0,-1,0,5,3,3,5,3,3,4,-1,1,0,1,1,0,-1,0,5,1,2,5,4,3,1,0,5,2,2,1,5,5,3,1,1,2,4,1,3,0,0,3,0,5,4,-1,0,1,5,0,-1,2,-1,4,2,2,0,-1,2,4,2,1,4,4
4245.46198103,3,2,-1,-1,4,-1,2,2,3,0,0,1,2,1,4,-1,1,5,-1,5,-1,-1,4,0,3,2,3,1,3,5,-1,1,0,3,2,2,1,1,5,4,2,2,-1,3,1,1,3,5,-1,4,2,2,-1,4,-1,-1,0,5,-1,2,0,0,2,3,4,-1,1,5,0,3,3,-1,5,2,4,-1,0,4,3,-1,5,4,4,3,-1,1,4,1,5,-1
4741.50005203,1,3,4,-1,4,5,1,0,-1,5,1,2,0,2,0,2,-1,3,5,1,3,4,5,4,4,4,2,4,4,-1,-1,3,3,-1,2,2,2,0,0,-1,3,4,-1,0,-1,3,5,5,1,2,3,5,4,3,2,-1,5,1,1,1,4,1,1,0,4,1,0,2,-1,5,1,2,1,3,1,0,1,-1,0,-1,0,5,3,0,5,3,4,5,0,2
4496.19565274,2,3,4,5,-1,3,2,4,4,-1,2,5,-1,3,-1,1,0,-1,2,5,0,0,0,4,-1,5,4,0,3,0,-1,1,-1,2,5,2,2,1,5,1,4,3,-1,4,3,5,1,3,4,5,1,3,1,3,0,1,0,-1,0,-1,4,1,-1,1,5,5,5,0,3,0,2,2,0,4,1,-1,3,0,3,2,4,2,4,4,1,2,1,3,-1,2
4345.16316545,0,-1,4,2,2,0,0,3,-1,4,2,4,3,4,2,5,0,3,0,3,0,3,5,0,3,-1,1,1,2,-1,0,1,-1,1,2,1,3,2,5,0,2,3,1,0,4,-1,4,-1,5,4,2,4,-1,4,-1,-1,-1,1,4,4,5,3,2,-1,0,-1,3,1,4,0,3,-1,4,5,1,-1,2,5,-1,3,3,1,-1,-1,3,1,2,-1,-1,5
4375.27094886,0,-1,-1,0,2,1,-1,4,1,2,3,0,1,4,1,2,4,1,4,0,4,2,3,2,3,-1,5,2,4,5,-1,-1,0,1,2,4,5,5,-1,2,0,3,1,5,4,-1,4,-1,-1,5,0,5,-1,0,2,2,1,3,4,0,-1,5,2,3,3,-1,2,3,4,-1,0,1,5,-1,-1,-1,0,1,3,0,0,4,-1,3,2,5,1,2,3,-1
4401.67695563,4,5,2,0,1,4,-1,2,-1,3,0,3,0,1,-1,4,5,2,1,1,4,3,5,3,2,4,0,2,1,4,-1,0,2,3,3,0,4,2,3,1,1,-1,-1,5,1,5,-1,0,5,5,2,1,-1,-1,1,2,5,-1,4,5,4,-1,-1,2,3,2,0,5,4,3,0,3,-1,1,0,4,-1,3,4,5,5,2,-1,5,1,5,-1,1,1,2
4215.35419762,1,1,3,5,3,2,-1,4,0,2,5,0,-1,-1,-1,3,-1,0,2,5,2,3,1,1,4,1,-1,-1,0,0,2,4,-1,2,-1,1,-1,5,-1,5,4,-1,1,1,2,-1,-1,4,1,-1,0,2,2,2,5,5,5,-1,5,3,4,-1,3,0,5,2,-1,-1,4,3,3,1,0,3,4,3,4,-1,3,1,-1,5,5,3,0,2,4,-1,2,4
4530.74556813,2,1,4,4,4,2,2,3,-1,3,1,0,4,-1,4,1,3,-1,4,-1,-1,0,-1,2,-1,-1,5,3,2,1,-1,-1,2,1,4,4,-1,0,0,2,0,3,0,-1,-1,1,5,4,-1,5,3,3,-1,1,1,2,0,-1,3,-1,2,1,1,3,0,1,1,2,5,3,-1,0,3,5,5,5,4,5,5,1,2,2,0,4,-1,4,0,4,3,3
4316.5360927,0,1,0,4,-1,5,2,1,2,5,3,2,-1,2,3,3,-1,4,3,4,3,4,-1,-1,-1,5,1,0,5,-1,4,4,0,2,0,0,0,4,2,2,4,2,4,1,3,2,3,1,1,3,3,1,5,1,-1,-1,5,1,-1,4,0,-1,0,2,1,3,3,-1,-1,3,5,3,1,3,2,5,-1,2,1,5,-1,1,4,-1,1,5,-1,0,5,0
4646.73456981,5,1,2,4,2,1,-1,-1,-1,3,1,4,-1,5,3,3,0,-1,5,2,1,0,-1,0,5,2,2,-1,2,3,4,2,1,5,-1,0,3,0,0,1,5,-1,4,5,3,3,1,4,-1,2,5,2,4,3,0,1,4,-1,2,1,1,5,-1,2,0,2,3,4,5,-1,1,2,0,-1,-1,3,5,1,0,3,4,2,3,0,2,5,0,3,1,0
4761.73643105,0,0,5,5,4,4,2,-1,5,0,1,0,0,5,0,-1,2,-1,1,5,3,2,-1,0,4,4,3,-1,4,4,3,2,1,5,0,3,3,3,4,-1,1,5,1,1,3,0,3,0,2,-1,3,3,0,1,2,2,-1,5,2,4,5,4,-1,4,-1,2,2,2,1,5,0,0,4,-1,3,1,1,-1,2,-1,4,4,5,2,5,3,2,4,1,1
4482.62247169,-1,-1,0,3,-1,-1,3,2,3,4,2,4,4,0,2,1,1,2,0,5,0,1,4,3,3,-1,2,1,3,1,-1,-1,5,5,5,2,4,0,5,3,-1,1,4,5,3,2,-1,0,2,5,4,-1,2,5,3,1,4,4,5,3,1,0,3,0,2,5,0,1,5,5,2,4,4,4,0,3,-1,0,0,2,5,-1,-1,3,1,2,-1,0,1,0
4448.0725563,-1,4,4,5,1,2,0,4,4,-1,0,-1,4,0,3,1,4,-1,3,-1,-1,2,3,-1,1,5,2,3,2,1,1,-1,1,4,2,2,3,2,5,0,5,4,1,2,-1,1,0,0,0,-1,4,4,0,3,3,3,2,0,2,2,-1,4,4,-1,3,4,5,5,0,1,-1,3,-1,1,2,-1,3,-1,1,2,0,-1,3,4,0,2,3,1,-1,0
4688.19446828,-1,1,2,1,-1,0,3,4,3,1,1,2,-1,1,4,2,2,1,2,0,0,4,4,-1,0,2,4,4,-1,5,2,1,5,5,5,4,4,4,1,2,3,3,3,2,0,2,5,3,3,0,5,1,4,-1,2,0,5,1,-1,1,-1,4,-1,-1,0,5,2,3,-1,3,4,1,1,4,5,5,3,3,0,2,5,3,-1,3,0,2,4,0,0,1
4218.06883382,-1,4,5,0,-1,5,2,4,-1,-1,2,3,4,-1,4,2,1,4,3,1,-1,5,1,-1,5,0,1,5,3,0,-1,3,1,1,0,-1,1,5,2,-1,2,0,3,4,1,4,2,0,3,2,1,5,3,4,-1,5,-1,-1,1,0,-1,3,0,5,2,4,5,5,4,1,2,4,-1,0,2,0,-1,3,-1,0,-1,-1,4,-1,1,2,4,0,3,5
4727.68008587,0,1,2,2,1,-1,0,5,1,4,1,5,3,-1,1,-1,0,3,-1,5,2,-1,1,2,2,1,-1,3,3,1,1,2,-1,4,4,2,-1,5,-1,1,0,0,1,4,0,4,4,2,4,0,-1,5,0,4,3,0,-1,2,0,-1,-1,2,4,2,-1,1,3,5,-1,4,5,3,4,0,4,3,3,3,-1,1,3,0,-1,-1,1,-1,0,3,2,4
4643.27957827,3,1,-1,5,5,4,3,3,4,4,4,5,4,3,3,5,2,5,1,2,1,2,-1,1,1,2,4,4,3,0,0,0,2,2,-1,-1,1,1,1,2,5,0,-1,5,4,5,3,4,1,-1,0,1,4,-1,1,5,-1,0,3,2,4,2,0,0,5,1,5,0,-1,-1,0,3,0,-1,2,5,3,2,1,0,2,3,-1,0,2,1,4,-1,4,-1
4351.3327932,2,4,4,-1,3,-1,2,4,2,0,1,1,0,-1,1,1,0,0,-1,1,2,-1,0,-1,2,3,4,5,1,-1,4,5,-1,5,3,2,0,-1,5,4,5,3,5,4,2,4,1,3,3,4,5,3,4,-1,2,3,-1,4,1,1,-1,3,0,0,5,0,4,5,0,4,2,1,-1,3,3,-1,2,1,4,2,5,1,0,5,1,3,-1,3,5,-1
4400.44303008,3,0,0,2,1,4,5,5,1,4,5,2,5,0,-1,-1,4,0,5,1,5,5,1,5,1,2,4,4,4,-1,2,-1,3,1,0,-1,0,3,-1,2,-1,4,-1,2,-1,0,0,1,0,-1,1,0,5,5,1,4,-1,-1,-1,3,2,5,0,2,4,3,2,3,4,2,4,3,0,2,2,-1,4,-1,3,3,3,1,1,-1,-1,5,0,3,3,2
4593.42898606,1,5,5,4,0,0,0,4,4,1,3,0,-1,2,5,2,5,3,-1,-1,4,4,3,1,0,1,0,-1,-1,2,0,1,4,-1,4,-1,5,3,1,5,2,-1,3,3,5,0,0,2,0,1,5,2,-1,0,2,4,1,2,2,5,0,5,2,2,-1,1,-1,1,3,-1,2,-1,4,-1,4,3,3,2,5,1,5,3,5,1,0,-1,3,3,4,4
4332.33033973,4,5,2,3,-1,0,-1,4,-1,0,-1,-1,3,3,-1,-1,2,4,5,1,3,1,-1,5,1,1,3,4,2,0,4,1,2,1,-1,2,3,5,3,2,3,3,-1,2,1,2,0,-1,4,0,-1,3,-1,4,5,-1,5,5,0,0,4,0,2,0,-1,2,-1,2,5,1,5,5,4,4,2,3,4,2,0,1,1,3,5,4,5,3,-1,-1,5,0
4330.10927374,0,2,2,0,1,-1,5,0,-1,2,3,4,2,-1,-1,5,0,3,-1,3,2,2,2,3,4,2,5,0,4,-1,4,5,-1,2,5,-1,2,3,0,0,1,1,5,0,-1,4,1,-1,4,1,4,3,3,3,-1,2,5,1,3,5,0,1,0,-1,3,-1,3,2,5,5,-1,4,0,-1,-1,3,2,4,4,3,-1,5,1,4,-1,1,4,5,4,0
4524.08237016,3,-1,4,0,-1,-1,1,4,3,1,5,0,0,-1,1,4,3,-1,1,3,0,-1,2,5,2,-1,4,5,5,5,0,2,3,0,4,-1,1,2,3,5,3,4,1,1,2,3,4,2,5,4,-1,2,-1,2,4,0,-1,2,2,5,1,1,4,-1,0,-1,2,4,3,0,0,1,3,1,2,-1,2,4,3,0,3,-1,1,3,0,-1,5,5,1,4
4594.66291161,3,5,-1,1,0,3,0,-1,3,2,5,2,2,4,3,-1,-1,4,-1,-1,4,0,4,2,-1,-1,2,-1,3,2,4,-1,2,2,0,1,0,4,1,1,1,4,5,3,1,-1,0,4,3,2,0,0,2,4,-1,5,1,-1,1,5,1,1,0,1,5,0,4,0,5,3,1,0,4,5,0,-1,5,4,-1,3,1,2,5,2,-1,-1,0,2,5,4
4565.29548353,4,4,1,0,5,1,0,-1,2,-1,2,0,4,-1,2,5,2,4,2,0,3,-1,3,5,3,3,3,5,-1,4,5,0,5,0,-1,3,4,5,4,0,1,-1,1,1,-1,1,4,0,4,0,1,-1,2,0,3,-1,2,2,5,5,2,4,-1,2,-1,-1,1,1,3,1,4,5,0,5,1,2,3,2,1,0,-1,5,0,-1,4,5,3,3,4,3
4488.05174411,1,2,-1,0,0,1,5,-1,3,1,5,1,3,3,3,2,-1,0,3,5,3,0,-1,5,-1,1,2,-1,0,4,4,1,-1,2,3,5,0,0,5,4,-1,3,2,3,-1,2,0,2,-1,-1,0,-1,-1,0,5,4,-1,1,2,4,3,-1,-1,-1,1,2,5,3,0,2,2,4,1,5,1,2,0,3,1,5,4,4,4,3,4,2,0,-1,1,5
4557.1515749,-1,1,-1,5,4,2,2,1,0,4,1,5,3,-1,-1,1,-1,3,0,-1,1,2,0,3,1,1,5,5,3,2,4,2,2,3,-1,5,-1,2,0,0,1,-1,4,1,2,4,-1,0,5,4,-1,1,3,-1,3,-1,-1,0,5,2,5,4,0,-1,4,4,3,4,0,0,5,0,2,0,-1,2,3,3,2,1,2,1,4,-1,4,-1,1,2,0,3
4414.50978135,5,-1,0,3,-1,-1,2,0,3,3,4,4,0,5,-1,3,-1,2,0,3,2,1,1,0,1,-1,-1,2,1,2,1,1,-1,3,4,3,4,2,0,-1,2,-1,2,4,2,3,1,-1,3,-1,1,3,4,2,5,4,4,-1,4,2,2,3,1,0,1,-1,-1,3,5,2,5,5,1,5,5,1,4,0,5,1,0,5,0,4,3,5,-1,5,4,4
4514.70453599,5,4,-1,-1,4,2,4,-1,3,5,4,0,5,0,5,5,3,1,0,0,3,1,5,1,2,2,3,-1,2,5,2,0,-1,1,3,4,1,-1,4,0,0,2,0,-1,3,2,3,1,3,2,0,2,3,5,2,1,4,-1,-1,1,-1,4,-1,5,1,3,3,1,-1,0,4,1,-1,1,5,2,-1,0,5,4,-1,4,1,2,5,0,-1,0,4,4
4434.25259014,0,5,1,5,-1,4,4,3,3,3,2,5,3,5,0,2,2,4,5,3,5,3,5,1,0,4,3,1,2,2,4,3,3,0,1,-1,5,4,5,-1,-1,-1,0,5,-1,4,5,0,5,-1,-1,1,3,0,2,-1,-1,2,1,4,-1,0,2,2,-1,0,2,2,3,-1,1,0,4,1,-1,1,1,3,4,4,2,-1,0,-1,-1,3,1,4,1,0
4598.36468826,1,1,3,0,3,3,-1,1,5,-1,4,5,0,-1,-1,-1,4,2,1,5,-1,4,5,4,4,0,0,1,4,4,-1,-1,3,4,4,5,3,2,3,4,-1,0,5,1,0,2,2,-1,3,3,0,0,1,-1,1,2,4,1,4,1,0,3,2,-1,2,2,2,3,-1,2,3,5,5,4,0,2,-1,1,0,1,2,4,2,1,5,0,-1,0,5,1
4581.08973056,4,-1,1,-1,0,2,0,3,0,3,1,2,4,5,2,3,1,2,-1,-1,0,1,0,0,2,5,1,2,4,3,2,-1,0,0,3,4,4,-1,2,5,3,3,5,4,0,-1,0,0,4,1,4,1,-1,-1,3,2,3,5,-1,3,-1,1,5,1,1,5,4,5,5,5,3,2,4,4,4,-1,4,5,3,1,5,1,1,2,5,2,1,4,-1,0
4086.77915533,0,4,0,5,-1,-1,2,-1,2,-1,2,3,4,0,0,3,2,3,-1,-1,3,3,5,1,-1,-1,4,-1,0,4,4,5,1,5,4,2,0,4,5,-1,0,1,2,-1,3,4,3,2,0,-1,4,2,-1,4,-1,1,-1,3,-1,2,5,1,2,5,3,-1,-1,3,5,0,2,3,0,4,-1,-1,-1,1,-1,2,2,0,4,-1,4,1,5,1,0,1
4577.88152413,5,2,-1,1,0,5,1,4,2,3,3,3,3,-1,4,-1,-1,0,-1,4,4,-1,0,3,0,3,-1,4,5,4,5,1,2,0,-1,-1,2,3,2,2,2,5,3,1,-1,1,4,-1,5,0,2,0,1,1,-1,3,2,3,5,1,0,0,-1,3,-1,1,2,0,1,5,2,2,-1,4,-1,1,1,1,0,4,3,4,5,2,1,0,5,5,-1,2
4476.20605883,5,5,-1,3,1,0,0,1,-1,-1,5,1,5,0,-1,-1,4,1,2,3,0,2,1,3,-1,1,4,2,4,1,1,-1,5,3,0,5,5,3,2,-1,4,2,4,4,3,3,3,2,3,4,0,-1,0,5,0,3,2,1,1,-1,0,2,4,0,-1,2,5,-1,4,2,-1,3,2,3,5,3,4,1,-1,4,2,1,-1,4,0,2,4,5,5,2
4533.21341923,5,-1,0,-1,4,4,4,2,0,0,3,4,4,2,2,5,1,5,5,1,-1,2,-1,5,5,4,2,5,1,1,3,1,4,-1,3,0,2,-1,3,3,1,-1,0,3,5,-1,3,-1,1,2,0,5,1,1,2,5,3,0,3,1,-1,1,-1,5,-1,1,2,3,4,2,2,4,5,2,3,0,4,4,-1,0,0,4,3,2,1,4,2,1,3,-1
4377.49201485,5,3,1,-1,1,0,-1,2,2,3,4,5,5,2,-1,2,5,1,4,5,2,3,-1,3,2,2,4,0,0,0,1,4,0,-1,0,5,2,2,4,-1,2,1,-1,0,5,-1,1,3,3,3,4,-1,5,3,1,-1,1,0,3,3,0,0,4,4,3,4,0,5,0,-1,-1,-1,4,4,1,5,2,-1,1,4,2,1,-1,-1,4,4,-1,1,0,4
4697.32551735,3,1,0,0,0,0,1,5,3,1,2,5,0,1,-1,-1,2,-1,-1,5,2,-1,3,4,2,4,1,3,2,2,4,-1,4,1,5,5,4,0,-1,0,0,-1,3,3,3,1,5,3,3,0,-1,5,2,0,5,3,1,-1,0,0,2,5,2,2,-1,4,4,4,4,3,-1,-1,2,4,4,5,5,4,-1,1,1,1,0,5,1,4,2,2,3,0
4411.30157492,5,-1,3,2,1,2,4,-1,5,3,5,1,4,3,-1,1,-1,4,-1,0,1,1,4,0,1,0,2,5,0,0,2,4,-1,5,1,1,1,-1,3,-1,4,0,-1,0,0,1,3,0,2,2,-1,3,2,5,5,2,-1,3,-1,-1,5,3,3,0,0,4,3,0,2,3,4,0,-1,-1,-1,2,-1,-1,2,-1,4,4,4,4,1,-1,4,1,5,3
4501.13135494,0,3,-1,4,3,-1,1,4,4,0,-1,5,3,0,2,-1,3,3,3,5,3,-1,2,5,1,4,4,5,-1,-1,0,0,2,3,-1,4,1,5,2,0,-1,1,2,-1,0,1,-1,3,4,1,-1,-1,2,1,-1,1,0,4,0,3,1,3,0,2,5,2,5,3,2,5,0,-1,1,-1,1,4,2,-1,4,0,5,1,3,5,4,4,-1,-1,0,4
4658.33346998,0,0,1,1,0,1,5,2,-1,0,3,-1,1,5,4,5,3,0,1,2,4,5,-1,3,5,5,2,3,4,4,2,3,5,0,4,0,1,3,3,4,1,-1,3,-1,2,0,-1,3,0,2,-1,5,-1,-1,4,-1,1,3,1,0,-1,-1,1,1,0,2,4,3,1,5,2,2,1,4,4,-1,5,3,3,1,4,0,2,2,-1,4,-1,4,0,2
4739.27898604,2,0,0,3,0,3,0,0,4,2,1,3,3,2,-1,-1,3,-1,-1,2,1,1,1,0,-1,3,5,2,0,2,0,1,2,3,1,5,-1,4,1,1,4,3,-1,0,0,4,4,4,3,2,5,4,-1,2,5,-1,1,5,-1,0,-1,0,5,2,1,5,4,1,4,3,5,5,4,4,-1,3,5,0,4,3,-1,1,4,2,5,2,2,4,1,0
4524.57594038,3,1,5,4,5,1,0,3,1,-1,4,5,-1,4,2,-1,3,3,0,-1,-1,-1,2,0,2,2,1,5,4,5,2,2,-1,0,-1,3,4,2,1,0,1,-1,2,3,4,3,3,1,-1,4,5,3,5,3,0,2,5,4,3,0,4,2,4,1,1,2,3,-1,0,0,1,0,0,1,5,-1,3,1,4,5,4,-1,2,-1,4,5,0,-1,1,0
4484.84353768,5,3,3,4,-1,4,5,4,0,2,1,-1,5,3,1,4,-1,-1,4,5,-1,0,2,1,0,4,1,4,0,0,-1,1,2,1,1,0,0,0,3,1,-1,-1,1,-1,4,2,1,-1,-1,4,2,-1,2,2,3,5,4,1,3,1,1,3,4,5,3,5,5,2,3,0,5,4,-1,5,-1,0,5,-1,0,0,-1,5,3,3,3,2,4,0,2,5
4445.6047052,-1,2,0,1,1,5,1,5,5,5,1,1,4,3,4,0,4,4,4,-1,-1,-1,5,5,0,4,2,1,0,-1,2,5,3,-1,3,-1,-1,2,2,5,2,4,2,-1,0,-1,1,3,3,5,5,3,-1,5,1,-1,1,-1,2,0,4,3,1,2,4,2,2,3,1,-1,-1,-1,1,-1,1,0,0,0,5,2,4,3,-1,5,0,0,0,4,0,3
4480.15462059,-1,0,4,1,0,1,2,2,-1,-1,0,3,5,3,3,-1,5,-1,1,1,-1,2,-1,-1,3,1,2,0,0,0,0,2,4,1,4,-1,1,3,3,-1,5,2,-1,-1,1,5,0,2,3,0,-1,3,-1,1,0,-1,4,4,3,0,5,2,3,3,2,3,1,1,0,-1,2,1,5,2,4,-1,5,2,0,4,2,1,2,-1,3,4,4,4,-1,-1
4494.71494208,0,4,2,0,5,-1,5,0,3,4,0,-1,2,3,2,5,2,0,-1,3,1,0,1,-1,4,-1,0,5,-1,1,4,2,1,1,-1,1,2,-1,0,-1,5,1,4,1,1,0,2,5,5,0,-1,1,4,0,0,1,4,-1,0,1,5,-1,5,4,5,3,3,3,4,-1,2,5,5,0,-1,-1,2,2,4,4,4,-1,2,2,3,-1,1,5,3,2
4574.6733177,5,2,3,0,2,-1,2,3,3,-1,3,2,0,1,2,4,2,4,-1,5,0,2,2,3,1,5,0,2,2,1,4,-1,4,1,-1,2,2,5,4,4,4,4,3,5,0,1,-1,2,4,0,-1,0,1,-1,4,5,-1,1,3,3,3,1,0,0,-1,4,-1,1,-1,0,5,0,4,5,1,5,1,0,5,-1,3,0,-1,-1,3,3,1,-1,5,3
4704.97585576,3,2,4,2,1,3,2,5,4,-1,3,0,1,5,0,3,4,2,0,5,4,0,1,4,1,3,5,4,-1,1,-1,3,2,2,3,-1,-1,5,1,0,-1,4,-1,0,2,0,-1,5,4,3,1,0,-1,0,2,5,0,1,4,2,3,4,2,4,3,3,3,5,5,-1,1,2,0,3,1,4,5,-1,0,0,5,4,2,2,-1,5,4,0,1,-1
4533.70698945,-1,-1,5,2,4,-1,4,-1,0,0,-1,2,-1,-1,4,5,0,3,4,5,2,4,-1,1,0,2,4,0,1,5,1,-1,0,3,0,3,5,4,0,5,1,5,5,1,2,4,3,2,4,1,4,3,5,2,4,4,0,1,1,3,3,1,-1,1,1,1,3,3,-1,0,2,3,5,3,2,2,5,0,5,2,3,2,4,4,5,2,3,-1,-1,0
4470.77678641,3,5,1,0,1,2,0,-1,5,5,5,3,3,3,3,0,0,0,-1,4,0,3,5,1,5,0,0,4,5,-1,3,5,4,-1,-1,4,1,5,0,1,0,2,2,-1,5,3,2,-1,2,3,-1,1,0,3,1,-1,-1,2,-1,1,4,1,2,4,-1,4,1,3,-1,2,2,1,-1,4,5,1,2,2,5,1,-1,-1,2,3,1,5,4,3,4,0
4565.78905375,0,2,2,3,1,0,2,1,-1,-1,0,1,2,2,2,-1,5,0,0,3,-1,2,-1,5,4,1,5,3,3,-1,1,4,-1,1,0,4,3,-1,5,5,1,2,4,5,-1,-1,0,4,4,4,-1,4,-1,0,3,2,0,0,3,5,4,0,1,1,4,0,3,5,5,1,3,-1,4,4,1,-1,2,0,5,3,3,3,4,2,5,1,2,3,3,2
4595.89683716,0,4,2,1,1,-1,4,2,5,4,1,-1,4,5,-1,2,5,1,-1,3,4,-1,0,-1,5,4,-1,0,4,1,-1,3,4,0,3,4,2,-1,1,5,1,5,-1,2,1,1,3,5,2,3,0,0,-1,2,3,1,-1,4,3,3,3,1,-1,5,0,3,2,1,-1,-1,2,1,0,3,4,0,3,5,2,5,2,5,0,0,3,2,-1,0,4,0
4755.81358841,-1,5,4,0,0,3,-1,3,1,2,0,2,5,5,5,3,5,3,3,-1,-1,0,4,3,-1,0,3,1,2,1,3,5,-1,1,0,4,-1,1,2,-1,1,4,2,1,1,1,5,4,3,0,-1,5,2,-1,0,4,5,0,0,3,1,4,0,4,2,1,1,5,0,4,0,2,2,1,-1,1,3,-1,-1,0,-1,2,4,-1,3,4,5,2,2,3
4586.27221787,2,3,5,1,-1,0,1,4,5,4,2,3,2,-1,2,-1,5,-1,0,-1,-1,2,-1,-1,5,4,-1,0,4,4,5,3,4,5,0,0,5,1,4,3,1,0,5,3,2,3,3,4,3,4,3,0,-1,1,-1,3,1,1,4,-1,2,4,1,1,5,0,5,3,0,0,5,0,1,1,2,-1,3,5,4,0,-1,1,4,5,0,1,3,-1,2,2
4357.74920606,-1,0,1,2,0,0,2,1,1,4,-1,-1,3,0,1,5,1,3,0,0,-1,-1,5,3,4,3,3,0,1,-1,5,1,5,-1,5,2,4,1,1,3,5,2,0,2,-1,3,0,4,0,2,2,-1,4,4,-1,4,3,-1,2,0,2,4,3,4,3,5,5,1,2,-1,4,3,4,-1,2,-1,4,5,5,-1,5,3,-1,2,0,1,5,1,0,5
4644.51350382,3,0,-1,1,1,1,2,3,3,4,-1,-1,4,5,2,-1,-1,2,0,3,2,-1,-1,3,5,4,5,1,0,5,3,-1,5,4,0,-1,4,1,4,5,1,2,0,-1,2,1,1,-1,-1,1,4,2,0,0,1,5,0,3,0,0,-1,4,1,-1,1,3,4,5,1,5,3,2,3,-1,4,0,2,-1,0,3,2,0,2,3,4,2,5,0,-1,2
4437.46079657,2,-1,5,2,-1,-1,4,3,-1,-1,-1,3,5,2,3,5,4,2,1,0,1,2,4,0,1,5,0,2,4,1,3,5,5,2,-1,0,4,2,5,-1,-1,0,-1,4,-1,1,1,2,4,-1,3,2,-1,0,5,4,3,5,-1,1,3,0,-1,-1,-1,1,1,1,4,5,4,1,0,0,4,3,5,3,1,1,2,1,3,3,0,5,2,0,0,0
4495.94886763,1,3,5,2,2,1,1,4,3,4,3,-1,-1,3,2,3,5,3,0,4,1,0,5,2,-1,3,3,4,5,5,1,-1,2,4,3,2,1,4,3,4,4,5,-1,-1,4,1,-1,3,0,5,0,5,-1,0,1,-1,2,-1,-1,3,2,-1,-1,-1,2,0,4,4,0,-1,5,-1,1,0,0,0,0,4,1,2,1,-1,0,3,4,2,5,1,3,0
4660.80132108,5,4,0,-1,4,1,5,-1,3,5,3,-1,2,-1,4,-1,1,0,5,5,3,5,2,0,-1,4,-1,2,0,2,3,0,3,3,1,5,4,1,1,0,3,3,5,3,0,4,0,4,0,2,1,2,1,0,3,1,-1,1,3,-1,4,5,0,4,-1,5,0,2,2,2,0,0,1,5,0,-1,5,-1,1,2,2,-1,1,2,-1,5,-1,4,4,-1
4558.13871534,0,2,3,2,3,2,-1,5,4,-1,2,-1,4,4,4,0,4,0,3,-1,-1,-1,4,-1,-1,4,0,1,3,4,5,0,3,3,-1,0,1,5,1,4,1,-1,1,5,4,0,3,2,3,1,2,2,-1,1,1,0,5,3,3,4,2,0,4,1,-1,1,1,-1,-1,-1,0,2,5,3,4,-1,2,-1,5,2,0,4,0,1,2,3,5,2,0,-1
4457.20360537,1,-1,4,-1,0,4,0,2,4,4,3,4,3,3,-1,0,1,4,3,5,1,1,1,4,0,4,0,0,0,2,1,-1,-1,2,1,5,5,3,3,5,1,-1,5,3,2,0,5,2,-1,-1,4,2,-1,4,-1,5,2,5,3,0,2,3,3,3,0,1,-1,-1,5,1,3,1,4,4,3,2,-1,1,-1,-1,-1,0,-1,2,2,2,4,3,0,0
4347.13744633,1,-1,1,-1,5,3,2,-1,-1,2,2,5,4,2,5,-1,0,3,-1,3,2,3,1,4,4,1,3,4,4,1,-1,5,2,-1,2,3,0,-1,2,3,2,5,0,-1,4,1,-1,3,1,0,0,-1,3,5,3,-1,5,0,3,0,4,4,-1,0,2,0,4,4,2,1,0,1,3,3,1,-1,5,4,0,4,-1,5,4,4,1,1,5,1,-1,-1
4283.96045818,3,4,4,4,4,4,2,1,-1,4,-1,1,0,1,-1,-1,0,3,-1,-1,2,-1,0,0,1,0,-1,-1,1,3,5,1,2,-1,0,0,0,2,0,4,5,0,5,-1,2,5,-1,-1,5,5,5,-1,1,3,4,-1,3,3,5,1,-1,-1,1,2,0,-1,1,3,2,2,2,1,3,5,1,5,3,3,5,3,4,4,0,1,3,-1,1,4,-1,3
4405.62551739,0,1,1,4,-1,3,0,3,1,3,0,-1,4,5,-1,0,-1,0,3,4,5,-1,5,5,2,2,0,1,2,5,1,0,0,-1,-1,5,2,5,1,4,-1,3,2,3,0,3,2,4,4,4,4,0,-1,4,3,-1,3,4,1,0,5,5,1,0,-1,3,2,5,-1,4,0,0,-1,-1,-1,3,2,4,5,2,3,-1,4,-1,-1,1,2,5,2,4
4521.36773395,4,4,4,4,5,-1,2,2,-1,0,5,3,3,3,1,1,2,2,3,0,2,4,3,0,1,0,5,4,5,0,3,3,1,3,2,5,0,1,2,2,1,3,4,4,0,-1,5,-1,5,4,1,1,-1,-1,5,-1,5,0,-1,4,0,1,-1,2,1,-1,0,3,1,-1,2,3,0,2,0,0,5,1,5,2,-1,-1,4,3,2,5,4,4,4,5
4700.53372378,3,0,1,3,5,0,3,-1,5,0,5,2,2,3,-1,4,-1,-1,3,0,4,2,-1,4,0,2,0,-1,4,0,3,1,1,3,-1,5,4,4,4,3,0,-1,0,3,2,-1,4,1,-1,1,2,5,0,2,2,1,0,-1,5,1,3,2,1,2,3,-1,5,5,4,-1,1,5,1,1,1,4,2,4,3,1,5,-1,1,5,5,4,2,3,4,0
4551.96908759,0,0,1,0,0,0,4,3,2,5,-1,4,-1,0,2,3,3,2,0,4,2,3,-1,4,3,1,5,4,0,3,-1,1,4,2,1,-1,-1,-1,3,2,2,3,5,-1,1,4,4,-1,4,3,2,3,-1,0,1,2,-1,5,-1,4,5,2,-1,0,5,5,4,-1,5,1,0,-1,0,1,-1,0,4,1,0,2,2,2,5,3,5,3,1,4,4,3
4620.08177793,1,-1,-1,3,3,1,4,1,4,5,2,5,2,4,5,2,4,3,1,-1,5,2,2,4,0,2,4,-1,4,-1,1,2,1,4,2,-1,0,5,2,1,2,0,0,2,3,2,3,0,5,5,3,0,4,1,-1,3,3,3,2,0,3,1,1,-1,5,-1,0,0,5,-1,5,5,4,0,1,-1,4,3,1,0,5,5,1,-1,4,0,4,2,0,4
4440.669003,0,1,-1,3,2,5,0,1,-1,1,3,2,5,3,-1,5,3,4,4,2,-1,3,0,1,-1,-1,-1,4,0,2,4,-1,1,2,0,1,0,2,4,4,2,5,5,3,-1,4,3,1,5,-1,4,3,2,1,5,1,5,-1,0,5,4,1,0,4,2,4,-1,-1,0,5,4,0,3,3,1,2,-1,5,2,3,4,4,5,0,0,0,1,-1,2,5
4649.44920602,-1,5,2,5,-1,0,0,1,1,3,3,-1,2,3,2,3,0,-1,1,3,5,2,1,0,2,4,-1,2,1,5,3,4,0,2,2,0,4,-1,4,0,5,4,5,4,1,5,0,4,4,0,2,-1,-1,3,-1,3,4,0,0,4,-1,1,5,4,1,0,1,2,-1,1,3,4,-1,-1,3,2,1,1,2,2,0,3,3,1,5,3,4,1,5,4
4690.41553427,3,-1,2,1,2,-1,1,2,2,3,2,1,4,1,0,4,5,5,4,5,3,-1,4,2,0,4,5,0,-1,4,3,2,-1,0,2,-1,4,3,1,5,5,-1,5,3,-1,3,1,2,0,1,1,0,5,0,0,3,5,2,0,2,2,3,0,0,0,1,4,-1,4,1,3,4,0,4,-1,-1,3,-1,4,2,1,2,4,5,5,0,3,3,1,5
4699.29979823,4,0,4,4,3,-1,2,0,-1,1,1,3,1,5,4,-1,-1,2,0,2,4,4,4,1,3,4,2,2,0,0,1,5,2,1,5,-1,0,0,-1,0,0,3,-1,2,2,1,3,3,1,4,2,-1,-1,0,-1,-1,5,1,3,5,1,2,-1,5,0,2,5,0,5,3,2,-1,-1,-1,-1,2,0,3,4,4,-1,0,3,3,4,1,3,1,3,2
4539.62983209,0,1,0,1,3,3,2,3,-1,-1,4,5,1,-1,5,0,-1,3,2,2,4,4,5,3,0,3,3,1,1,1,0,5,-1,4,2,4,0,5,4,-1,4,4,5,2,0,1,1,0,5,1,3,2,5,3,2,-1,4,3,1,3,-1,4,4,1,-1,5,2,3,0,4,1,-1,-1,2,0,-1,5,2,1,4,1,-1,3,5,-1,2,0,-1,2,5
4582.57044122,0,4,3,-1,-1,2,-1,4,0,4,2,5,-1,3,3,2,5,1,3,3,2,1,2,4,-1,3,1,4,3,1,0,0,-1,4,3,0,2,1,3,2,3,0,5,0,2,-1,1,3,0,0,4,4,0,2,-1,4,-1,1,1,0,1,2,2,4,-1,-1,-1,5,5,3,3,4,3,-1,1,5,5,4,5,2,0,-1,0,1,2,2,5,5,4,1
4685.72661718,1,3,-1,4,4,0,0,-1,2,4,1,-1,0,0,3,-1,5,3,4,5,5,2,2,3,3,-1,2,2,1,0,3,4,0,1,-1,3,-1,4,0,0,1,-1,2,3,1,4,5,-1,0,-1,2,1,5,3,-1,0,-1,2,5,5,1,2,4,3,4,3,2,1,-1,0,2,2,4,3,-1,0,5,1,1,-1,4,-1,3,1,-1,5,2,2,4,1
4485.58389301,4,4,1,3,0,3,5,2,3,5,1,1,2,-1,5,4,3,2,2,5,2,1,2,0,1,4,1,0,2,4,-1,4,0,3,2,0,0,-1,5,0,-1,3,2,3,3,0,5,0,4,5,-1,4,3,1,1,1,5,1,4,2,2,1,0,2,3,-1,0,5,-1,-1,3,-1,4,4,1,-1,-1,4,3,2,-1,4,-1,5,1,-1,3,-1,0,-1
4704.48228554,4,-1,5,-1,3,0,4,-1,1,3,3,4,0,5,4,1,-1,2,5,2,2,5,0,5,2,3,-1,4,5,2,2,-1,2,5,-1,-1,1,0,-1,4,-1,0,-1,2,1,2,3,4,3,0,1,4,0,1,-1,1,3,5,5,1,3,4,1,-1,1,0,1,5,3,5,4,1,1,0,-1,0,3,2,2,4,2,1,1,3,4,4,0,2,3,0
4647.22814003,1,-1,3,2,0,3,-1,-1,3,2,4,5,2,3,4,2,5,1,5,5,-1,0,4,1,3,-1,1,5,5,-1,0,2,2,4,5,3,5,4,1,1,0,0,4,0,4,2,0,3,1,3,-1,4,0,3,1,1,2,2,0,4,4,5,5,3,0,3,3,5,-1,-1,-1,4,5,1,1,0,1,-1,2,4,4,1,5,2,-1,0,0,5,-1,3
4600.33896914,-1,5,4,3,2,3,4,5,5,4,0,5,-1,1,1,-1,1,1,2,0,0,3,5,4,-1,2,3,-1,-1,4,5,0,1,3,1,2,4,3,-1,4,-1,3,2,2,4,2,0,5,-1,2,2,-1,2,3,1,4,1,2,0,2,-1,0,0,-1,5,4,0,1,0,3,0,2,2,3,5,0,0,3,-1,5,0,3,1,-1,4,3,-1,4,1,3
4611.93786931,-1,4,5,2,2,1,0,-1,0,0,3,0,2,2,4,5,1,3,0,-1,-1,0,1,-1,1,5,4,0,5,3,-1,1,5,4,5,2,-1,2,1,3,4,5,0,5,2,3,0,1,2,-1,1,0,1,0,4,0,-1,-1,4,-1,-1,3,2,4,3,2,3,5,-1,1,0,-1,-1,3,2,3,4,2,0,-1,-1,3,1,1,3,2,2,4,5,3
4366.38668491,5,4,2,2,3,-1,3,4,5,5,5,2,-1,0,-1,-1,-1,5,-1,1,4,0,-1,4,1,0,5,-1,3,3,1,5,0,-1,2,3,2,1,4,3,2,5,-1,4,2,3,0,3,0,0,2,-1,2,3,0,5,5,1,1,3,4,4,4,2,3,3,2,-1,4,4,5,1,5,-1,1,2,4,4,2,0,3,3,1,-1,1,1,-1,1,-1,0
4511.00275934,0,4,4,2,1,3,-1,1,2,-1,1,3,4,0,4,1,2,-1,0,-1,4,-1,4,0,2,3,4,4,2,3,0,3,4,1,4,3,2,2,5,5,3,2,0,-1,0,1,3,5,3,3,1,1,-1,5,5,-1,-1,3,5,-1,5,0,4,1,2,4,1,3,-1,0,-1,0,-1,-1,0,5,5,0,2,1,0,2,-1,4,2,5,1,4,-1,2
4569.7376155,4,0,3,4,2,5,-1,5,4,5,4,-1,4,0,2,0,0,2,1,0,3,2,3,0,1,-1,4,2,5,5,1,1,0,3,1,2,4,2,-1,3,2,5,-1,3,-1,3,2,-1,5,4,4,5,4,0,2,4,5,-1,-1,5,1,2,3,5,1,-1,3,0,-1,4,5,4,0,-1,3,1,-1,2,1,0,3,4,3,1,1,1,0,-1,0,2
4600.58575425,1,2,3,4,2,2,3,5,1,2,-1,1,0,4,5,0,-1,5,-1,4,1,-1,1,2,2,1,4,0,-1,2,2,3,3,5,0,-1,-1,3,0,4,-1,2,4,1,4,1,4,1,4,0,3,0,-1,-1,2,1,5,4,-1,3,3,-1,-1,0,0,0,5,1,-1,3,0,0,3,4,-1,1,5,-1,-1,4,2,2,5,-1,5,0,3,3,4,5
4482.37568658,1,2,2,-1,1,0,5,4,2,4,-1,3,-1,-1,1,1,5,0,2,2,5,1,4,3,4,0,2,-1,-1,5,-1,0,5,0,2,0,3,-1,5,0,2,1,-1,0,2,-1,-1,4,4,5,0,-1,5,-1,4,1,0,4,3,1,5,2,1,5,3,3,0,1,3,-1,1,-1,5,3,0,-1,3,2,1,5,1,2,-1,2,2,5,2,4,3,0
4610.45715865,3,4,-1,0,0,1,-1,5,0,4,1,4,4,1,5,4,4,5,3,4,4,0,2,2,5,3,3,0,3,2,-1,-1,2,4,1,3,0,3,3,3,0,2,-1,-1,-1,1,5,3,5,1,2,4,2,-1,2,5,-1,0,-1,1,1,2,4,1,1,0,2,-1,2,5,3,3,5,-1,4,0,1,3,3,0,4,-1,1,5,0,5,2,0,1,0
4711.14548351,4,5,-1,-1,1,-1,1,0,0,3,1,1,2,-1,2,5,2,2,4,5,-1,0,1,0,-1,1,5,2,1,3,4,-1,4,0,3,1,5,4,4,3,1,-1,5,0,1,5,-1,3,3,-1,4,3,4,0,2,3,3,2,5,-1,0,4,5,0,4,0,3,2,-1,4,0,4,2,2,2,3,1,1,1,4,-1,2,-1,-1,5,0,0,3,0,-1
4258.54159186,2,0,0,-1,-1,-1,3,2,2,-1,-1,5,3,5,2,-1,-1,5,-1,4,0,5,-1,5,1,4,3,4,0,-1,-1,0,1,4,1,5,1,5,-1,4,5,5,1,2,2,3,2,0,-1,4,2,0,2,2,1,4,1,-1,-1,4,2,5,4,5,4,1,4,2,0,3,1,-1,0,1,4,0,3,0,1,-1,0,-1,3,2,3,-1,-1,4,5,4
4543.82517896,0,5,0,1,3,-1,1,0,-1,4,4,0,-1,1,3,3,2,5,2,0,0,3,2,-1,-1,2,4,-1,2,-1,1,1,-1,3,0,1,1,-1,3,5,4,4,-1,2,3,3,2,5,1,0,1,3,4,2,5,4,5,-1,5,4,0,1,4,3,3,3,-1,2,-1,-1,1,-1,0,-1,5,0,2,5,4,0,-1,2,1,3,-1,2,5,2,4,1
4416.73084734,-1,3,-1,0,3,1,1,-1,5,3,2,-1,2,1,3,-1,-1,2,0,-1,4,-1,0,2,4,-1,3,5,1,-1,-1,2,1,4,2,0,2,0,-1,4,-1,3,0,3,1,3,5,2,5,2,4,3,1,5,-1,0,5,4,4,4,4,3,1,0,2,5,-1,2,2,-1,4,1,-1,5,1,0,1,3,3,-1,4,0,0,5,3,1,4,1,4,-1
4682.02484053,0,4,5,1,0,4,3,1,2,4,4,1,4,-1,-1,4,-1,-1,-1,1,0,3,-1,-1,2,-1,-1,3,4,2,5,1,3,1,2,-1,-1,2,4,5,0,-1,0,1,0,1,0,3,3,3,5,0,3,2,3,0,5,-1,3,4,1,-1,2,1,3,4,0,2,4,2,5,2,-1,1,5,1,3,2,5,0,-1,5,0,0,2,4,3,2,4,1
4615.63964596,0,-1,1,3,3,-1,-1,3,4,5,0,4,5,2,3,1,4,5,2,4,5,2,-1,2,-1,0,-1,3,0,4,2,-1,0,1,5,0,4,4,3,2,3,1,3,1,2,4,0,5,0,2,3,-1,4,4,0,4,1,-1,4,-1,1,1,2,1,5,-1,-1,0,1,5,3,-1,0,2,3,2,5,3,-1,3,0,1,0,2,2,1,1,5,-1,5
4596.63719249,5,0,2,3,-1,3,1,-1,0,-1,-1,2,1,-1,-1,0,-1,5,1,3,1,5,1,3,2,-1,1,3,3,1,-1,0,0,1,5,2,1,-1,5,5,5,0,2,2,1,1,2,0,1,1,4,2,2,5,0,2,3,5,4,2,-1,5,4,5,4,0,-1,0,4,3,0,4,-1,0,0,4,3,-1,5,3,4,2,-1,4,3,3,5,2,4,3
4615.14607574,3,1,4,5,1,5,4,1,4,3,4,2,1,2,3,-1,5,1,2,-1,-1,4,4,2,0,1,5,0,2,-1,5,0,3,-1,3,3,2,0,0,1,-1,0,0,5,5,-1,4,3,0,-1,3,2,0,2,4,5,3,1,4,4,1,1,5,4,-1,-1,1,5,4,-1,0,1,2,3,3,0,5,1,0,5,2,4,4,1,2,0,2,-1,-1,2
4431.29116882,-1,2,1,5,1,-1,0,1,4,3,5,3,3,5,2,0,5,5,1,4,5,1,2,1,-1,-1,5,1,-1,0,4,2,3,-1,4,2,0,4,0,0,5,4,3,5,4,4,4,3,3,0,-1,2,-1,0,3,4,0,-1,2,2,0,2,-1,1,1,2,3,3,1,1,1,5,4,1,2,5,3,0,3,4,-1,-1,4,0,0,-1,-1,-1,4,5
4476.69962905,-1,5,1,0,-1,0,5,0,-1,2,1,-1,1,2,4,1,5,3,2,0,2,3,0,5,-1,3,-1,5,-1,2,3,1,2,-1,3,-1,3,4,2,-1,5,-1,2,0,3,4,3,5,4,4,1,4,1,0,3,4,4,-1,1,1,2,2,0,-1,1,1,1,5,3,2,0,5,3,4,-1,0,1,3,2,4,4,0,-1,4,4,5,-1,0,0,-1
4507.30098269,0,2,5,4,0,3,2,1,2,0,-1,0,3,-1,-1,-1,1,3,4,-1,4,1,0,0,5,5,2,4,0,2,0,2,-1,5,5,1,3,0,-1,4,2,-1,1,4,1,-1,1,-1,2,-1,4,1,5,4,3,0,4,1,2,0,3,2,4,3,5,5,5,1,-1,5,1,2,5,-1,5,-1,0,3,5,-1,2,4,2,1,3,3,1,3,-1,4
4390.81841079,5,2,4,3,-1,1,1,-1,1,3,1,5,-1,5,2,1,4,-1,5,2,1,3,1,0,0,3,0,-1,-1,2,0,-1,5,-1,0,1,-1,4,2,4,5,0,3,0,-1,2,1,4,0,2,4,0,3,2,3,4,0,5,5,-1,5,4,2,2,2,4,-1,-1,-1,-1,3,-1,2,3,0,4,4,2,4,0,1,-1,3,1,5,3,-1,3,-1,2
4557.1515749,-1,1,5,0,1,3,0,-1,5,-1,5,4,2,-1,4,-1,5,4,0,3,1,1,3,3,-1,1,5,-1,4,-1,4,0,-1,4,2,1,4,0,3,2,3,2,0,4,3,1,2,2,-1,4,1,-1,3,0,1,1,-1,2,5,2,3,-1,1,-1,2,2,2,0,-1,4,5,-1,2,5,5,0,-1,4,3,0,1,1,0,-1,2,5,4,5,-1,3
4454.73575427,4,3,3,-1,3,0,4,3,-1,2,3,5,5,3,3,5,4,1,2,5,0,3,-1,0,1,5,1,2,4,2,4,1,-1,5,-1,-1,1,5,5,4,3,5,5,0,-1,3,1,0,2,4,-1,-1,0,0,2,-1,4,2,-1,2,4,5,3,2,-1,3,2,1,1,3,1,2,5,0,1,4,4,4,0,0,0,3,0,2,-1,2,-1,4,-1,1
4560.60656644,3,0,1,2,-1,2,3,-1,4,2,1,-1,4,1,4,2,4,5,5,0,2,0,2,4,0,2,5,1,-1,1,5,4,3,4,-1,4,3,0,0,1,5,2,-1,5,3,5,-1,1,3,-1,3,1,-1,0,0,1,-1,5,0,0,0,0,2,5,4,5,-1,-1,2,4,3,0,-1,-1,1,2,1,5,5,4,1,1,3,3,4,5,3,2,0,4
4615.39286085,-1,0,4,2,0,1,0,2,4,-1,-1,4,0,5,-1,-1,3,-1,1,5,-1,0,-1,3,3,4,0,1,2,0,2,2,-1,5,4,-1,3,1,5,5,4,3,2,0,1,4,1,4,5,-1,5,-1,5,2,0,1,0,2,2,1,4,1,0,3,2,3,3,5,0,1,2,3,-1,3,1,5,4,4,4,0,3,1,-1,5,3,2,2,1,1,-1
4760.74929061,5,0,3,5,-1,3,3,-1,1,1,2,4,2,-1,3,1,3,2,4,1,0,5,-1,4,3,0,3,3,-1,2,1,5,5,0,4,-1,0,-1,5,2,1,0,0,-1,1,2,4,3,2,1,1,0,5,4,3,5,0,-1,3,0,1,0,4,4,0,5,1,4,2,3,2,3,0,-1,4,2,5,4,1,5,2,2,1,0,4,2,-1,5,5,-1
4644.26671871,-1,4,4,0,-1,0,2,1,1,3,0,0,5,-1,5,0,-1,3,0,1,-1,0,-1,2,-1,0,2,0,0,0,-1,-1,-1,-1,1,3,2,2,1,2,5,3,4,1,4,3,3,1,-1,5,5,1,-1,1,2,-1,4,2,1,2,4,4,1,3,5,4,1,2,3,5,-1,3,2,3,-1,1,-1,5,4,3,2,0,2,1,3,0,0,2,4,4
4378.97272551,4,-1,1,1,4,0,3,3,4,-1,3,-1,2,1,0,4,0,5,3,2,0,5,3,-1,5,4,2,-1,0,4,5,2,-1,4,3,4,2,0,2,3,0,0,3,5,5,-1,0,3,2,5,2,2,-1,5,5,-1,5,2,2,3,5,5,3,1,-1,2,1,-1,-1,1,1,3,4,1,0,1,1,3,0,-1,-1,3,2,5,-1,4,-1,2,1,4
4375.02416375,3,5,2,0,-1,3,-1,4,3,0,4,5,2,5,-1,3,1,2,1,4,-1,3,-1,1,3,4,-1,2,1,-1,5,2,-1,2,2,3,5,1,5,4,0,4,3,5,1,4,3,5,4,1,0,0,4,5,1,2,2,1,-1,2,0,-1,1,-1,-1,4,4,4,1,-1,2,-1,1,2,-1,1,4,5,0,3,1,5,2,-1,-1,3,3,5,5,4
4592.19506051,4,2,5,0,4,2,5,4,3,0,4,3,4,-1,-1,4,-1,5,1,2,0,1,4,-1,2,0,3,3,-1,-1,5,1,3,1,2,0,-1,5,2,5,-1,-1,0,0,1,1,0,1,2,3,0,2,-1,-1,5,0,1,-1,1,2,4,3,4,3,3,3,4,3,0,5,3,4,-1,2,4,3,4,1,1,2,1,-1,2,-1,-1,5,2,2,1,1
4505.32670181,-1,1,0,-1,1,1,0,3,2,2,5,3,4,-1,-1,3,-1,0,2,4,1,3,1,1,2,-1,0,2,5,2,4,0,-1,2,0,5,3,-1,1,5,0,1,2,4,4,4,3,5,3,3,4,4,5,2,2,2,2,0,1,5,-1,4,0,4,3,4,0,3,5,-1,-1,5,-1,-1,0,5,0,2,-1,1,-1,3,1,1,0,5,4,4,-1,3
4734.83685406,-1,4,4,4,2,4,0,0,1,3,1,1,-1,4,3,2,-1,2,-1,4,2,3,1,2,-1,2,0,2,0,5,1,2,3,1,0,5,3,2,1,-1,5,-1,-1,2,4,2,1,5,2,3,5,3,4,4,3,0,2,5,4,4,3,-1,0,3,-1,3,1,4,-1,-1,5,0,5,0,3,4,0,4,0,2,3,-1,5,0,0,5,1,5,1,1
4452.02111806,1,3,4,2,-1,5,1,2,1,5,3,5,5,2,4,-1,3,0,0,1,-1,2,-1,0,5,3,0,3,4,2,0,1,5,1,3,-1,0,0,0,1,5,2,5,0,4,5,-1,-1,-1,-1,0,0,5,4,4,1,4,-1,1,0,4,3,4,3,1,2,3,-1,1,-1,-1,-1,4,1,0,2,3,3,3,1,4,4,2,-1,0,4,3,2,-1,4
4608.23609266,3,2,1,2,0,4,2,4,4,-1,0,-1,2,5,3,4,1,1,2,-1,-1,2,-1,3,1,2,2,1,5,-1,4,5,0,3,-1,1,2,0,0,1,5,2,0,4,1,0,3,4,3,5,-1,1,1,3,-1,-1,5,4,5,2,5,5,4,1,0,-1,2,4,3,-1,-1,3,2,0,0,4,2,2,3,0,0,0,1,5,5,3,1,3,5,5
4438.69472212,1,1,5,2,-1,-1,5,2,3,0,0,0,2,5,5,1,0,4,-1,2,5,3,3,3,2,5,2,4,1,-1,1,5,3,0,3,-1,-1,-1,4,-1,1,4,2,-1,4,4,-1,5,4,0,4,-1,0,1,1,5,1,3,2,0,-1,5,2,2,4,4,2,-1,0,1,2,5,3,-1,3,2,-1,3,4,0,0,-1,4,1,4,3,3,1,0,5
4589.72720941,2,3,0,-1,4,-1,5,0,1,3,4,-1,1,0,0,2,-1,-1,0,4,1,4,5,-1,3,5,2,5,-1,-1,1,4,2,0,4,5,0,4,-1,-1,0,2,2,2,3,-1,5,5,1,5,1,4,3,-1,4,3,2,4,4,1,-1,0,0,1,5,0,3,3,3,0,1,1,5,3,4,1,4,2,3,0,5,2,2,1,2,-1,0,3,1,4
4636.6163803,1,-1,3,2,0,-1,5,5,0,0,1,1,4,-1,-1,3,5,1,2,3,4,4,0,2,-1,-1,0,2,1,0,2,4,-1,4,1,2,2,0,-1,0,1,4,4,4,2,0,4,5,5,-1,5,0,-1,-1,2,1,-1,-1,5,5,3,0,5,3,-1,4,0,0,1,5,3,5,2,2,2,3,-1,4,1,3,-1,4,5,1,3,5,0,1,4,3
4490.02602499,1,3,0,3,1,-1,0,2,3,5,2,5,4,2,-1,2,4,-1,4,3,1,0,1,-1,0,3,-1,-1,2,5,-1,5,1,3,0,4,0,0,0,4,1,-1,5,1,1,5,0,2,-1,0,1,0,4,4,3,5,2,2,2,5,0,1,1,4,2,2,4,4,2,3,-1,0,3,4,-1,3,5,3,-1,4,3,5,5,3,-1,1,-1,4,3,4
4719.28939213,2,2,3,3,4,1,2,-1,2,5,-1,0,2,4,-1,4,-1,-1,5,5,3,0,0,4,-1,0,2,2,-1,2,2,3,3,1,1,-1,5,3,5,5,0,4,-1,1,0,0,3,4,3,0,5,4,3,1,1,0,-1,2,1,1,0,3,-1,5,1,0,4,3,0,-1,2,2,4,3,5,3,4,1,2,4,-1,-1,4,0,1,1,4,4,1,2
4617.36714172,3,1,5,4,1,0,2,0,0,3,1,2,3,1,2,-1,0,0,4,4,5,3,4,4,2,-1,4,-1,5,1,0,5,4,-1,3,4,2,0,1,0,0,2,-1,5,2,2,5,5,-1,5,-1,0,-1,1,4,1,5,2,-1,3,-1,-1,1,2,1,3,5,5,1,3,4,4,3,-1,2,1,-1,0,0,2,2,3,3,4,-1,3,4,-1,3,0
4269.6469218,-1,2,1,4,2,0,1,1,-1,4,3,3,2,4,-1,2,2,3,4,3,2,5,-1,0,-1,3,1,4,2,2,3,1,5,1,1,1,1,0,5,-1,0,-1,-1,4,5,3,-1,4,5,5,-1,3,4,2,1,-1,4,3,0,0,-1,5,3,4,0,5,5,-1,2,5,0,0,3,3,4,-1,5,3,2,5,-1,1,1,1,5,5,-1,2,-1,0
4652.16384223,0,5,2,0,0,4,4,2,3,3,5,-1,2,-1,3,5,2,-1,2,4,3,0,1,4,-1,1,2,0,1,4,0,3,-1,1,4,3,-1,-1,1,5,5,1,1,3,1,0,0,5,4,-1,3,-1,3,2,2,1,-1,3,0,0,4,5,3,2,2,0,-1,5,2,-1,5,3,1,5,-1,-1,0,0,4,4,4,5,1,1,5,2,4,4,2,0
4545.05910451,2,3,0,0,3,4,-1,0,5,2,0,3,-1,3,1,-1,5,1,3,0,2,2,-1,5,3,-1,3,4,4,5,1,0,-1,5,4,5,2,2,0,0,2,3,-1,4,-1,2,2,4,-1,-1,3,2,0,3,1,1,5,4,0,1,1,4,5,4,1,4,4,-1,3,3,5,-1,1,-1,2,0,5,4,2,1,-1,3,0,1,-1,-1,1,1,0,2
4440.42221789,4,0,-1,1,2,1,3,5,2,3,-1,4,4,3,-1,5,4,-1,0,0,1,4,3,3,3,0,3,-1,-1,0,0,1,4,2,2,-1,3,2,2,3,-1,4,2,5,-1,5,2,2,3,0,1,0,3,3,2,-1,-1,4,0,3,5,1,4,0,0,2,5,-1,4,0,5,4,1,-1,-1,-1,1,-1,-1,3,5,5,4,1,2,2,0,1,5,0
4622.79641414,3,-1,3,5,2,1,3,3,-1,4,-1,-1,0,2,0,5,0,1,1,5,4,-1,4,4,-1,0,3,-1,1,0,4,0,4,1,2,0,0,2,1,5,2,3,4,1,4,3,-1,3,1,1,-1,1,1,4,2,-1,2,0,3,0,2,2,3,0,0,2,-1,5,-1,-1,5,5,2,-1,3,2,4,3,3,5,-1,5,5,0,4,1,4,2,1,3
4502.85885071,-1,1,4,-1,2,1,5,4,-1,4,5,4,1,-1,-1,4,1,2,2,3,3,2,3,5,1,-1,4,1,2,4,2,0,0,3,0,0,5,0,0,4,1,4,5,0,1,2,2,-1,1,5,5,0,5,1,3,-1,3,5,2,3,0,4,4,1,3,4,2,5,0,5,4,0,2,-1,3,2,5,4,2,-1,-1,1,-1,3,0,3,2,3,-1,-1
4594.16934139,2,4,1,-1,5,5,-1,0,-1,3,3,5,4,2,4,-1,5,-1,5,4,1,0,3,2,5,3,1,1,0,5,3,4,-1,3,2,0,-1,0,4,0,5,1,5,2,-1,1,4,0,1,5,4,3,-1,3,2,1,5,1,3,4,0,-1,0,3,0,2,0,2,0,-1,4,-1,2,5,1,1,4,2,-1,2,4,4,3,1,2,1,-1,2,0,4
4559.12585578,3,5,0,5,1,5,4,0,2,5,0,4,3,3,2,1,2,-1,4,1,4,1,-1,2,-1,0,0,3,5,-1,-1,0,1,5,-1,2,1,2,0,1,4,3,5,4,4,-1,5,0,1,3,0,-1,-1,-1,-1,0,3,3,2,5,5,1,1,4,1,3,0,3,1,4,2,4,0,0,1,-1,-1,3,2,2,3,1,2,0,2,3,-1,5,-1,2
4536.66841077,3,-1,2,2,-1,1,4,0,-1,4,0,2,-1,4,1,5,3,-1,0,0,-1,-1,2,0,2,1,1,1,-1,2,4,1,-1,3,4,0,3,3,5,3,2,3,-1,0,4,4,1,5,4,3,1,3,5,1,0,5,2,4,-1,0,1,0,4,2,3,3,0,1,5,0,3,3,1,5,5,5,4,3,0,0,5,-1,-1,2,2,-1,4,2,-1,-1
4595.40326694,-1,0,3,4,-1,4,3,-1,0,0,5,4,0,2,0,0,4,-1,-1,-1,2,4,-1,3,1,3,1,1,0,-1,4,2,1,1,0,2,0,4,1,3,4,1,-1,3,2,3,2,3,2,1,-1,-1,0,-1,3,-1,2,3,3,5,5,1,0,4,2,0,2,4,5,5,3,-1,2,2,5,-1,1,4,0,-1,2,5,5,5,3,3,0,1,1,4
4469.04929064,-1,2,-1,4,1,1,3,-1,-1,0,5,-1,0,0,-1,-1,0,1,2,2,-1,0,-1,1,5,5,5,2,1,3,-1,5,4,0,-1,2,4,3,4,-1,4,0,3,4,2,0,2,-1,4,2,-1,1,-1,1,4,2,4,5,0,5,3,3,4,-1,5,1,5,-1,0,0,1,3,1,2,2,3,3,1,1,5,3,-1,4,0,4,2,2,5,1,1
4511.24954445,2,-1,4,5,5,4,1,-1,-1,4,0,5,3,-1,4,1,-1,3,1,4,-1,1,2,-1,0,1,-1,3,2,-1,2,0,5,5,3,2,4,-1,1,2,0,1,1,2,5,0,2,5,1,-1,0,3,-1,2,3,1,3,-1,-1,4,0,0,4,1,5,3,-1,4,5,4,4,3,4,2,2,1,1,-1,4,0,-1,2,-1,3,0,5,3,5,3,3
4512.23668489,2,-1,4,4,3,-1,-1,3,0,3,2,5,0,2,5,5,1,0,2,2,5,-1,1,5,3,0,0,2,2,2,5,4,-1,-1,4,-1,5,4,1,4,3,0,4,1,-1,-1,-1,5,1,-1,5,4,2,5,1,-1,0,0,-1,0,1,2,2,-1,3,2,1,1,3,3,0,2,4,2,0,1,4,3,3,2,4,4,-1,0,5,-1,3,4,0,1
4607.00216711,3,2,3,4,4,5,1,1,4,5,1,-1,-1,1,5,-1,2,3,-1,0,3,-1,2,3,-1,0,0,2,1,2,1,-1,2,-1,4,1,-1,2,0,5,5,4,3,4,1,2,3,-1,1,-1,5,2,3,-1,5,4,5,0,0,1,3,4,0,2,4,1,1,-1,5,1,2,0,0,5,0,3,-1,0,4,5,0,2,3,2,-1,4,2,5,0,3
4522.84844461,3,2,3,-1,3,-1,5,1,4,5,0,-1,-1,1,0,5,2,1,-1,-1,3,3,-1,3,-1,3,5,5,1,4,4,2,-1,0,3,4,3,0,2,3,2,5,5,-1,-1,4,-1,-1,1,0,2,1,2,4,2,1,4,1,-1,2,4,2,3,4,2,3,0,4,1,-1,0,1,3,1,0,1,0,1,2,-1,0,0,4,4,0,3,4,5,2,5
4546.53981517,-1,2,-1,-1,5,0,4,0,3,0,0,-1,0,3,2,2,0,1,2,3,1,4,4,4,1,5,-1,-1,4,3,1,3,5,1,-1,5,2,3,4,5,-1,2,3,0,1,-1,4,-1,4,2,-1,3,4,3,3,2,1,0,-1,1,5,1,3,1,-1,3,2,5,0,4,-1,4,2,3,4,2,0,4,0,5,2,5,2,3,5,1,5,0,1,2
4501.37814005,-1,3,0,5,4,2,4,4,5,5,1,1,2,2,3,0,3,-1,0,5,-1,2,0,4,1,5,3,0,4,2,3,1,2,-1,-1,0,1,0,5,3,-1,5,1,4,5,3,2,5,3,4,2,5,-1,1,-1,3,-1,0,2,0,5,0,5,1,3,1,1,3,0,1,4,-1,4,-1,3,-1,4,4,1,1,-1,2,4,1,0,0,4,2,4,5
4624.2771248,-1,2,3,2,1,-1,3,4,-1,-1,0,-1,-1,2,2,-1,3,4,0,2,2,4,4,4,4,0,3,4,3,0,2,0,1,3,4,1,1,4,1,2,2,5,5,-1,4,5,0,0,2,3,3,5,-1,3,5,5,5,1,4,5,1,-1,2,-1,2,0,2,-1,4,1,3,1,1,5,3,0,5,1,0,3,-1,3,1,-1,0,5,0,3,4,0
4603.54717557,4,2,2,5,0,1,-1,-1,5,5,0,1,-1,3,0,2,-1,4,4,4,3,2,4,3,2,3,4,0,3,-1,2,5,-1,-1,3,3,1,5,1,4,2,3,-1,3,0,1,-1,4,2,0,-1,1,1,4,1,5,2,2,-1,0,0,1,-1,1,0,3,5,-1,3,1,4,5,4,3,0,0,0,1,5,0,2,5,5,5,3,4,0,2,-1,2
4792.58456979,-1,3,3,3,5,-1,0,-1,4,5,2,5,0,1,4,3,4,4,5,1,2,0,3,4,4,5,2,1,2,1,2,-1,2,-1,-1,0,5,2,0,0,0,0,1,-1,1,-1,0,0,-1,3,5,-1,1,1,2,1,3,4,1,3,2,1,4,3,2,5,0,5,4,4,3,0,1,3,3,-1,4,0,4,0,1,2,2,2,-1,5,1,5,5,5
4553.20301314,3,-1,-1,4,-1,3,3,4,4,0,0,4,0,5,1,-1,5,2,1,-1,3,3,1,0,1,0,-1,0,0,2,4,-1,4,1,2,2,0,2,2,3,5,-1,2,1,0,-1,4,-1,4,4,-1,0,3,2,-1,-1,0,-1,2,1,0,5,1,2,-1,3,-1,5,-1,-1,2,3,4,1,4,5,1,3,0,5,3,4,3,2,0,1,5,1,5,2
4569.49083039,-1,0,-1,3,2,-1,3,4,3,1,2,3,0,-1,0,5,4,5,3,4,-1,2,5,0,4,-1,-1,1,-1,-1,5,-1,1,-1,0,5,3,3,1,0,0,2,3,-1,1,1,4,-1,2,-1,2,4,2,2,2,1,1,1,4,1,-1,0,4,1,4,5,3,2,0,-1,3,0,3,0,3,5,1,2,2,2,5,4,3,0,4,0,4,0,4,-1
4623.28998436,0,1,1,1,0,5,0,3,0,2,5,4,2,1,1,5,-1,3,4,2,-1,0,4,5,2,-1,-1,0,3,2,3,-1,-1,4,-1,1,2,0,4,3,4,3,3,-1,2,4,-1,0,3,4,0,5,-1,3,4,-1,3,5,-1,-1,0,4,4,1,3,-1,1,3,-1,5,2,1,5,1,1,-1,5,0,4,0,2,5,2,2,0,0,1,4,2,1
4666.72416372,-1,2,3,0,2,-1,5,4,1,0,-1,1,5,4,5,4,3,1,1,0,4,1,4,-1,5,4,3,2,1,0,-1,5,0,2,0,5,0,4,0,2,5,-1,0,5,1,0,5,1,-1,1,3,1,2,4,4,4,3,5,1,2,1,2,5,-1,-1,0,2,2,5,4,3,0,3,3,3,-1,1,2,-1,2,1,2,2,-1,2,0,3,-1,-1,3
4576.64759858,2,2,-1,3,0,3,1,5,2,3,4,0,3,5,4,0,5,1,-1,3,1,2,0,4,5,-1,3,0,3,2,4,-1,0,4,1,3,2,2,1,0,-1,0,5,1,4,4,2,-1,5,1,4,0,1,2,0,0,4,5,0,1,1,-1,-1,4,5,5,3,2,5,3,2,1,-1,1,-1,-1,4,-1,4,2,2,-1,5,4,2,3,-1,3,1,5
4641.5520825,5,0,3,5,5,1,4,0,3,1,1,2,4,1,0,1,3,-1,2,0,2,1,0,4,-1,4,4,2,3,4,-1,3,3,2,1,5,4,2,3,4,2,0,1,-1,4,3,5,-1,1,3,4,1,0,2,2,-1,1,5,-1,-1,-1,3,4,0,1,4,0,5,5,3,0,2,4,2,5,0,2,0,3,5,4,1,0,3,-1,-1,4,2,-1,3
4534.20055967,5,5,5,-1,-1,5,0,5,0,2,5,-1,0,2,1,0,4,3,2,0,3,1,-1,-1,1,-1,2,2,3,2,-1,4,4,3,5,1,-1,5,2,0,3,0,4,-1,3,-1,5,2,4,0,2,4,-1,-1,1,0,4,4,-1,-1,3,2,1,3,4,2,2,3,5,-1,3,-1,4,-1,4,1,1,4,3,2,0,5,3,1,5,0,0,1,-1,1
4531.48592346,3,5,-1,2,4,-1,3,2,1,2,-1,4,0,4,0,0,5,-1,4,4,-1,4,0,3,4,5,5,-1,1,2,3,-1,5,3,-1,2,0,5,4,5,-1,5,0,1,0,0,1,3,3,1,-1,2,-1,1,5,3,1,3,5,3,-1,5,1,-1,1,0,1,0,2,4,2,1,-1,4,-1,-1,2,4,0,3,2,1,4,1,5,0,1,3,3,4
4695.59802158,0,0,2,-1,4,5,2,-1,5,1,0,-1,3,2,1,3,-1,2,4,0,-1,4,1,-1,-1,5,2,2,0,5,1,3,-1,5,3,-1,2,3,2,4,3,2,0,4,5,0,-1,-1,3,3,3,5,4,1,5,0,1,4,3,2,1,2,0,1,0,3,4,4,4,-1,1,-1,4,-1,4,2,5,4,2,4,0,3,1,3,3,0,-1,1,1,2
4593.92255628,1,2,-1,4,0,3,5,5,3,5,4,-1,-1,2,4,-1,2,0,-1,-1,5,5,2,3,1,1,3,1,0,0,-1,5,1,-1,5,3,4,-1,0,1,3,0,5,2,0,2,4,0,4,0,1,1,4,3,3,-1,4,4,4,5,-1,-1,0,2,4,1,3,2,-1,0,4,0,0,5,5,1,5,0,4,1,2,-1,2,3,1,-1,5,3,3,1
4619.09463749,3,3,-1,5,2,5,5,4,4,3,1,3,0,4,1,1,5,4,5,1,0,5,-1,2,4,1,2,3,3,-1,0,-1,1,-1,2,4,2,4,2,2,0,3,-1,5,0,0,2,4,0,3,3,5,1,5,5,0,-1,2,5,2,1,3,1,-1,1,2,2,-1,5,4,-1,0,2,1,0,-1,3,-1,1,3,0,3,0,-1,1,4,4,4,-1,-1
4760.25572039,2,0,1,2,0,5,0,0,1,-1,3,2,3,3,5,4,1,1,4,-1,1,1,4,5,4,3,1,0,2,2,5,1,-1,0,4,-1,3,2,4,2,5,3,1,0,1,3,2,1,4,5,-1,-1,1,4,-1,0,4,2,5,5,5,5,0,0,0,0,2,-1,3,5,2,4,2,3,5,1,2,4,4,3,0,4,0,-1,3,-1,3,3,3,-1
4584.79150721,-1,0,0,0,-1,5,2,-1,5,3,1,3,1,0,1,2,5,-1,4,5,0,4,-1,0,3,2,2,-1,-1,-1,1,0,1,-1,-1,5,4,0,1,5,3,0,4,5,-1,2,2,1,4,1,4,-1,4,4,2,4,2,-1,3,2,2,0,5,-1,4,0,0,4,3,4,0,-1,3,1,2,5,1,2,5,1,2,3,5,1,5,4,3,-1,0,3
4381.1937915,1,3,2,4,-1,1,0,-1,3,-1,5,5,2,5,-1,1,0,-1,0,5,-1,1,2,-1,1,1,4,2,-1,-1,0,3,-1,1,4,5,5,-1,1,2,-1,1,5,3,5,2,1,3,3,2,4,1,5,3,0,2,2,4,0,2,2,3,2,3,1,-1,-1,4,0,5,4,-1,4,3,4,3,3,0,2,4,0,4,-1,0,3,2,0,0,5,5
4385.38913837,1,1,5,-1,-1,0,5,5,2,4,1,-1,3,4,3,5,2,-1,0,4,1,-1,0,5,3,0,3,4,-1,2,4,4,-1,4,1,-1,2,-1,4,1,3,5,3,3,-1,2,5,0,1,1,-1,1,0,-1,2,3,-1,0,0,-1,3,3,1,0,4,5,0,5,2,5,0,2,2,3,4,-1,1,3,0,-1,2,1,-1,1,3,2,4,4,-1,4
4665.24345306,5,5,1,3,-1,2,5,4,1,3,5,-1,-1,4,3,0,-1,3,-1,1,-1,1,2,-1,2,0,0,1,0,0,3,1,1,-1,4,3,-1,3,-1,1,2,1,4,-1,4,1,0,-1,2,1,3,4,3,0,-1,0,2,2,2,2,4,2,2,0,-1,1,1,3,2,-1,-1,5,3,0,4,4,0,0,0,1,5,5,4,3,5,5,1,2,4,-1
4558.87907067,3,0,2,-1,3,-1,4,4,4,1,0,4,-1,-1,-1,1,5,-1,0,0,-1,3,2,5,0,3,0,3,0,5,3,4,5,5,1,2,5,5,3,3,1,0,-1,-1,4,0,3,4,5,1,2,2,1,2,2,-1,-1,0,4,4,-1,0,2,3,5,0,0,-1,4,4,2,1,-1,2,5,3,1,-1,3,4,2,3,0,1,1,-1,1,5,0,-1
4408.3401536,-1,-1,3,4,-1,0,-1,-1,3,0,2,5,1,5,5,-1,4,-1,1,5,2,3,0,0,1,4,4,1,3,2,2,0,-1,0,5,1,0,0,-1,0,3,4,-1,-1,-1,2,3,0,3,3,-1,3,-1,1,5,4,2,2,1,4,5,4,-1,1,4,2,0,4,2,1,0,4,3,2,-1,5,1,1,3,3,3,-1,-1,0,4,2,4,1,2,-1
4579.6090199,5,3,1,3,-1,0,0,1,3,-1,-1,2,3,2,2,4,4,-1,4,1,5,0,0,3,-1,1,2,3,1,3,1,-1,1,0,5,-1,3,1,0,-1,5,2,3,2,5,5,1,4,5,2,0,-1,1,4,-1,4,3,5,0,0,0,3,4,0,5,2,4,3,-1,2,4,4,-1,1,-1,4,5,4,0,2,0,2,-1,2,3,2,2,-1,1,4
4748.65682022,0,5,3,-1,5,3,5,-1,0,1,2,2,1,5,5,0,-1,-1,5,2,0,1,4,0,3,1,4,-1,4,1,1,3,0,-1,2,5,-1,1,1,2,3,3,4,4,-1,4,-1,0,-1,1,5,2,3,-1,5,4,2,2,2,5,1,0,3,4,-1,0,2,0,5,0,1,4,3,1,4,4,2,3,-1,0,0,2,3,4,-1,5,3,2,1,3
4663.51595729,5,-1,-1,1,0,4,2,4,1,3,4,2,-1,2,-1,3,2,-1,3,-1,-1,3,-1,0,5,4,1,1,0,4,4,1,3,2,1,-1,1,3,5,3,5,0,0,5,3,1,5,-1,2,0,2,1,1,2,0,0,-1,-1,2,-1,0,5,2,-1,1,0,3,1,4,0,5,5,2,3,3,3,4,4,0,2,5,-1,2,5,1,2,0,4,4,-1
4468.0621502,-1,1,1,3,1,-1,0,0,2,4,4,-1,1,0,0,3,5,-1,2,4,1,3,2,5,1,5,2,3,0,3,-1,4,0,2,4,4,4,3,-1,-1,0,4,2,3,3,-1,3,0,1,5,5,2,1,2,1,0,-1,-1,3,2,3,2,5,3,-1,1,4,0,1,5,-1,5,1,3,5,-1,2,5,5,0,4,-1,5,4,-1,5,2,4,-1,0
4672.15343613,3,0,3,4,2,-1,-1,5,-1,-1,3,3,2,3,4,-1,-1,5,3,4,1,5,0,-1,3,4,4,2,-1,4,-1,3,0,4,1,0,-1,0,3,2,4,4,4,1,4,0,3,0,1,2,0,2,0,3,0,4,1,2,1,3,5,3,2,5,2,5,2,-1,1,0,2,1,0,4,5,1,-1,5,1,1,1,0,3,5,2,5,5,5,5,2
4463.62001823,2,4,3,2,-1,4,3,2,0,5,2,2,0,4,4,0,-1,4,-1,3,4,0,2,0,-1,-1,-1,3,3,3,3,1,1,5,2,2,-1,5,1,-1,2,0,1,4,2,-1,0,0,5,0,5,2,5,-1,-1,1,4,5,1,5,-1,4,3,3,1,-1,1,3,-1,3,1,3,0,2,4,5,-1,1,0,4,0,3,4,-1,3,-1,1,1,-1,0
4621.56248859,4,2,1,0,1,3,2,4,-1,2,5,1,0,1,2,-1,-1,2,5,4,2,1,0,3,5,4,3,4,0,-1,0,5,-1,0,-1,-1,4,-1,2,-1,4,4,5,-1,2,4,-1,3,5,0,4,5,4,2,1,5,1,1,3,2,2,0,1,2,3,3,3,1,2,3,3,-1,0,-1,5,0,-1,5,4,-1,0,3,0,0,1,5,1,3,3,5
4588.24649875,5,5,0,4,1,5,0,-1,3,2,-1,2,1,4,5,-1,2,4,-1,-1,5,2,2,1,1,3,0,4,1,1,3,3,0,2,-1,5,-1,3,0,4,3,3,-1,1,5,4,-1,4,-1,0,1,2,1,2,0,4,5,5,2,1,4,1,-1,0,3,1,4,-1,4,0,2,3,-1,0,1,3,3,5,3,2,0,-1,0,4,3,-1,4,2,5,2
4656.3591891,1,2,-1,-1,3,1,0,4,-1,0,1,-1,4,1,0,2,4,5,5,-1,2,3,4,0,-1,5,4,4,2,3,0,1,4,3,5,-1,1,0,2,0,5,1,-1,5,4,4,4,3,1,-1,0,5,2,0,-1,3,3,1,2,4,5,0,0,3,4,0,-1,2,2,1,2,-1,4,-1,2,3,2,1,-1,3,0,1,3,5,3,0,2,4,1,5
4372.55631265,4,5,1,1,4,5,-1,4,3,5,1,4,0,5,-1,-1,-1,-1,5,3,4,-1,4,5,0,2,4,5,-1,3,3,1,2,-1,3,2,-1,2,0,1,-1,-1,1,5,-1,-1,0,2,1,-1,3,5,4,-1,4,3,0,2,0,3,5,1,5,2,3,2,0,1,3,0,3,5,1,2,1,0,0,5,1,3,1,2,4,-1,4,3,-1,4,5,2
4644.51350382,5,-1,5,3,1,5,0,0,3,1,4,2,3,2,3,0,2,2,0,0,3,4,1,2,0,0,1,-1,2,-1,0,1,5,3,2,-1,3,0,5,5,1,1,4,5,2,5,-1,5,5,-1,2,4,-1,3,0,1,5,0,3,2,5,2,0,0,1,-1,-1,3,-1,-1,4,2,3,3,-1,1,4,3,4,4,4,4,4,1,4,1,-1,2,3,4
4674.62128723,2,4,-1,4,-1,4,1,5,3,-1,4,5,-1,3,5,5,5,2,1,4,2,0,0,-1,2,4,4,0,2,1,-1,0,0,5,-1,-1,4,0,1,5,1,2,0,-1,0,3,4,2,2,-1,0,3,4,1,0,1,2,-1,1,5,-1,2,1,2,5,0,1,3,0,4,5,1,3,3,-1,2,3,1,4,0,1,3,1,4,3,5,4,1,5,3
4570.72475594,3,5,5,5,-1,0,1,1,0,1,3,0,-1,0,2,2,1,-1,3,2,3,-1,-1,-1,5,2,1,1,0,5,-1,4,0,4,4,0,0,5,-1,4,4,2,4,1,3,1,-1,2,0,4,2,4,5,1,-1,3,4,1,-1,-1,4,0,-1,3,3,3,2,1,2,0,0,5,2,1,1,-1,2,3,3,4,3,2,3,4,5,4,0,2,5,3
4559.86621111,4,3,2,4,0,0,-1,3,3,-1,4,5,-1,-1,0,2,4,1,-1,1,4,0,5,0,1,4,-1,3,3,2,3,3,2,3,2,5,0,3,4,0,1,4,5,2,0,0,2,2,-1,5,5,1,0,4,2,3,5,0,1,-1,-1,5,-1,1,4,4,1,2,5,0,3,-1,0,1,2,1,-1,1,5,3,1,3,-1,0,4,4,5,1,-1,3
4753.59252242,1,-1,1,1,5,5,0,2,2,-1,-1,0,0,2,4,3,-1,1,0,3,3,3,5,4,0,3,1,4,1,1,3,3,5,2,2,-1,3,0,2,0,4,2,-1,4,0,0,1,-1,3,1,5,5,2,4,5,-1,4,4,2,0,5,4,4,-1,5,1,3,5,1,3,4,4,0,0,1,-1,3,0,2,2,-1,0,4,2,4,3,5,1,2,0
4677.33592344,2,2,4,3,5,4,1,5,4,3,2,1,1,5,4,4,2,0,1,-1,-1,-1,-1,3,0,2,1,3,0,0,-1,-1,4,2,5,-1,4,0,-1,1,0,-1,3,3,1,2,5,1,4,-1,2,2,-1,5,5,2,-1,5,1,3,5,5,1,1,3,3,1,4,3,0,0,1,2,0,3,4,5,3,2,0,-1,4,1,4,0,-1,4,5,0,1
4471.51714174,4,-1,5,1,0,1,2,3,1,4,0,3,-1,0,2,1,-1,4,-1,-1,-1,1,2,-1,4,3,2,3,4,5,4,5,4,3,5,5,0,-1,-1,5,3,4,-1,2,0,-1,-1,0,1,3,-1,4,2,3,5,3,0,0,3,1,4,-1,1,2,3,1,2,3,1,5,5,4,2,0,1,-1,0,0,2,1,5,4,0,1,2,5,2,5,2,0
4573.93296237,-1,2,5,-1,-1,2,1,1,4,2,5,-1,2,4,-1,0,0,5,2,-1,0,4,5,1,2,4,5,2,2,3,5,5,3,0,3,2,-1,1,4,4,0,1,-1,-1,5,3,4,0,4,0,1,3,4,5,1,2,3,1,1,1,0,4,4,0,5,4,3,1,-1,3,2,4,3,3,3,0,-1,1,2,3,3,0,4,5,1,-1,3,-1,2,5
4505.82027203,0,2,-1,1,0,2,3,0,4,1,4,-1,5,5,3,-1,1,4,2,0,5,5,5,0,4,5,-1,3,-1,4,5,3,0,4,5,1,4,-1,-1,0,-1,3,2,-1,5,-1,5,1,-1,4,4,4,0,-1,1,3,2,3,1,1,2,2,0,4,-1,0,2,5,0,0,1,3,2,-1,4,3,2,3,5,3,1,3,1,0,1,2,3,2,2,4
4507.79455291,-1,5,0,0,2,1,4,2,5,0,3,3,3,1,5,4,-1,5,2,4,-1,4,3,-1,-1,2,3,1,0,4,1,5,5,3,0,-1,2,5,0,5,-1,0,1,3,-1,-1,3,4,4,5,5,0,3,1,-1,1,0,0,2,-1,4,3,3,4,1,0,4,1,3,4,2,4,3,-1,2,1,-1,5,4,3,1,2,5,2,-1,0,2,2,2,5
4415.7437069,0,4,3,4,1,-1,2,-1,4,4,3,4,2,0,4,1,-1,3,1,1,2,2,3,0,-1,0,3,4,3,1,-1,0,4,2,3,3,4,2,5,5,5,4,-1,4,-1,2,2,-1,4,5,2,4,2,1,-1,0,-1,1,4,3,-1,2,-1,5,1,-1,2,5,0,0,3,0,2,-1,3,5,5,1,0,0,1,-1,5,0,1,3,0,5,3,-1
4527.29057659,2,1,-1,0,4,0,3,4,0,0,3,1,3,3,4,1,5,-1,1,0,5,2,4,2,2,1,4,5,3,1,2,2,4,5,2,-1,4,-1,0,0,4,5,-1,5,0,3,-1,2,-1,3,0,1,5,1,4,3,3,2,1,0,2,-1,-1,-1,5,2,1,-1,5,4,5,3,-1,1,4,2,4,0,3,1,3,1,0,5,-1,5,3,-1,-1,-1
4543.57839385,5,3,3,0,4,1,3,1,0,5,5,1,4,-1,0,5,4,-1,1,0,2,5,3,1,-1,3,4,2,3,-1,3,5,-1,-1,-1,2,1,-1,0,2,0,4,5,-1,4,3,0,2,0,2,2,1,0,5,0,4,0,4,4,0,1,1,0,3,3,1,3,2,-1,2,5,4,-1,-1,1,5,4,3,2,3,3,5,-1,2,1,-1,1,4,4,5
4558.38550045,0,4,1,3,0,4,2,3,5,3,3,3,-1,1,1,-1,-1,4,1,2,5,2,5,1,-1,3,4,3,2,0,2,-1,0,5,5,1,1,0,-1,2,-1,5,0,5,5,4,0,0,5,1,1,-1,-1,3,-1,4,4,3,4,0,2,4,4,5,1,-1,3,0,5,2,-1,3,2,2,4,2,0,1,-1,-1,3,2,2,3,1,4,5,2,1,0
4457.20360537,3,5,0,0,1,0,5,1,5,2,2,-1,-1,5,5,5,0,-1,4,1,5,1,5,-1,-1,2,3,-1,5,-1,2,4,0,-1,3,-1,3,3,4,4,2,2,-1,0,2,0,3,4,1,-1,1,1,4,-1,4,0,1,5,4,3,3,1,1,-1,2,5,3,-1,5,0,1,1,3,2,3,3,2,0,0,3,0,2,1,4,-1,3,4,-1,2,4
4543.33160874,-1,-1,0,-1,0,2,2,5,0,2,3,2,-1,-1,0,3,1,0,-1,3,4,4,1,-1,4,5,-1,2,3,-1,1,3,1,0,-1,3,3,2,0,1,4,4,1,0,1,4,4,4,-1,-1,0,1,-1,-1,0,5,3,0,5,1,5,2,4,5,2,4,-1,5,-1,5,1,5,0,3,4,0,3,4,3,1,2,-1,3,1,5,2,2,2,3,5
4667.46451904,5,0,2,4,5,-1,4,-1,1,2,5,3,4,0,5,1,1,-1,1,3,0,4,4,3,1,2,3,5,4,5,4,2,-1,5,2,4,4,0,3,0,5,3,0,1,3,0,1,4,3,0,-1,3,-1,4,5,2,2,-1,0,0,-1,1,1,1,0,4,-1,5,1,-1,0,3,5,0,2,2,0,3,2,3,-1,2,2,1,-1,1,5,3,4,-1
4579.85580501,0,2,-1,-1,-1,2,0,5,3,0,0,4,5,5,1,4,1,4,4,-1,3,5,-1,2,2,4,3,0,5,4,3,3,0,2,3,4,-1,2,2,-1,-1,4,3,0,0,1,1,0,2,1,-1,1,3,0,3,0,5,-1,-1,5,5,0,0,1,-1,3,3,5,4,-1,5,5,4,1,-1,1,1,5,-1,2,3,2,4,2,-1,4,-1,0,1,1
4629.45961211,-1,0,2,3,4,-1,4,3,1,1,2,4,3,4,2,2,0,5,0,1,1,3,2,-1,4,1,0,0,3,-1,5,1,3,0,4,2,-1,-1,0,3,5,3,1,1,0,2,2,0,1,3,3,3,-1,1,2,2,4,0,5,5,4,2,0,0,-1,1,1,-1,4,4,5,5,-1,5,-1,5,1,5,3,-1,2,3,4,5,4,5,1,0,-1,-1
4481.63533125,0,5,1,-1,-1,3,4,5,1,4,2,2,2,4,1,-1,2,-1,5,4,-1,2,-1,0,1,3,1,2,4,1,0,0,-1,2,5,0,2,3,4,5,2,3,-1,0,3,0,1,5,5,1,4,4,2,1,-1,4,5,0,3,-1,5,1,0,-1,0,5,5,1,-1,2,-1,5,5,4,3,4,-1,2,3,4,1,5,0,3,-1,3,3,3,-1,2
4805.91096573,2,3,3,-1,2,5,-1,-1,0,1,5,3,0,1,5,4,4,4,1,2,5,0,0,4,0,3,0,5,3,5,1,5,1,5,3,0,2,2,2,0,0,5,5,4,2,1,4,-1,0,-1,5,2,4,0,0,2,3,-1,-1,2,2,1,5,3,2,4,2,4,-1,1,-1,1,0,-1,3,3,2,1,0,1,5,1,4,3,4,-1,3,1,4,1
4261.9965834,3,-1,5,4,0,3,1,-1,-1,5,-1,0,2,3,4,1,4,4,2,1,1,3,3,3,-1,5,1,3,2,0,1,0,1,-1,-1,-1,3,-1,1,3,4,-1,2,4,0,1,2,2,1,5,-1,5,2,5,-1,2,-1,3,1,0,4,4,-1,2,3,3,3,1,1,0,5,2,3,-1,-1,5,5,-1,4,4,-1,5,5,2,5,0,-1,0,2,-1
4422.65368997,1,0,4,-1,1,5,0,2,3,2,-1,-1,-1,2,1,0,4,0,4,0,5,1,4,4,4,-1,5,3,2,4,-1,-1,5,1,1,1,2,1,0,4,4,3,3,5,4,2,5,0,0,3,3,5,1,1,1,0,2,3,2,4,3,5,2,3,-1,3,5,-1,0,3,5,-1,-1,-1,5,0,0,4,-1,2,2,-1,2,2,4,-1,3,-1,5,1
4529.51164258,3,-1,2,0,4,3,3,3,-1,5,0,0,1,2,5,3,2,1,5,0,-1,0,-1,5,2,5,3,1,4,-1,0,3,4,1,4,1,1,-1,5,1,1,-1,0,0,2,0,-1,-1,-1,1,-1,-1,3,2,5,4,4,5,0,0,0,1,2,2,1,3,2,5,1,-1,-1,2,4,2,-1,3,5,4,3,5,5,4,2,5,-1,4,4,-1,0,3
4578.86866457,1,1,1,3,5,3,4,0,5,2,5,1,2,-1,0,4,1,0,2,4,5,5,3,3,2,1,5,-1,0,0,4,-1,4,-1,0,0,1,2,2,2,0,2,5,3,2,1,2,5,4,-1,2,5,-1,5,3,-1,3,-1,4,4,3,-1,-1,-1,-1,0,1,-1,4,0,1,5,5,4,5,2,4,0,1,1,3,-1,0,0,4,3,-1,2,1,5
4719.28939213,1,3,2,-1,5,1,3,4,2,1,3,4,2,3,-1,-1,2,-1,2,4,-1,-1,3,1,-1,0,1,4,5,0,4,2,4,1,-1,2,2,3,2,4,-1,5,0,3,1,4,-1,3,2,-1,3,0,-1,5,-1,0,2,1,0,5,5,0,4,-1,2,1,0,4,5,4,3,0,-1,0,1,0,0,0,2,3,3,2,1,1,0,4,3,1,4,3
4540.61697253,-1,3,3,2,4,1,-1,3,2,0,-1,1,0,5,2,2,0,5,2,2,-1,2,1,4,2,0,4,3,0,3,1,1,1,-1,2,2,-1,1,3,0,4,1,4,0,5,5,5,5,3,5,0,4,0,3,-1,3,3,4,-1,0,2,-1,5,3,3,4,2,-1,0,5,2,4,0,0,5,5,-1,1,-1,4,5,1,1,4,4,3,4,-1,1,5
4511.24954445,5,5,3,-1,-1,-1,-1,4,1,3,1,1,4,-1,0,5,-1,-1,2,1,3,-1,4,3,5,4,2,0,1,2,1,3,2,4,-1,1,4,3,4,5,-1,0,0,3,2,-1,-1,0,2,4,2,5,2,3,1,5,-1,0,1,3,3,5,4,-1,2,1,5,0,0,2,3,4,5,2,4,-1,0,2,4,2,2,0,3,-1,4,1,-1,3,0,1
4627.23854612,0,3,1,0,-1,-1,2,-1,0,2,3,0,4,-1,3,0,2,0,2,1,1,1,-1,2,-1,4,3,4,4,-1,2,4,5,2,2,3,5,-1,1,0,-1,3,-1,1,1,0,-1,2,2,4,3,-1,0,1,5,4,-1,1,4,0,1,2,0,3,5,3,1,1,0,-1,2,3,-1,5,-1,5,4,5,4,0,4,1,4,3,-1,4,1,3,4,2
4316.04252248,2,0,4,4,1,5,3,5,0,-1,1,5,4,3,5,3,1,5,0,-1,3,4,1,2,0,4,4,3,-1,-1,3,-1,4,2,-1,1,-1,1,-1,-1,-1,5,2,0,-1,-1,5,3,1,3,5,1,0,1,3,2,2,3,0,1,2,-1,0,0,0,4,4,4,2,0,4,0,-1,4,1,1,4,5,-1,2,5,2,1,-1,-1,0,3,5,-1,3
4631.18710788,0,4,3,-1,5,2,-1,1,5,4,4,0,2,2,5,5,3,0,4,1,4,1,1,3,2,0,4,5,4,-1,-1,1,2,-1,2,-1,4,0,5,4,1,0,2,1,5,0,-1,-1,5,1,3,-1,-1,1,0,1,2,3,0,2,3,-1,3,5,5,0,4,3,-1,-1,4,0,4,2,1,1,4,5,1,4,5,2,-1,5,3,2,3,4,3,0
4740.51291159,-1,0,-1,0,1,2,-1,2,5,2,1,1,1,-1,0,3,4,4,2,3,0,5,1,0,4,0,5,1,1,2,3,3,0,5,4,4,0,1,5,3,5,5,4,1,1,2,2,0,3,4,1,2,0,4,-1,5,3,-1,-1,1,-1,4,0,-1,2,1,1,3,4,5,2,2,3,3,5,5,-1,2,-1,2,3,0,5,-1,3,3,0,-1,4,1
4702.50800466,4,0,2,0,-1,0,3,-1,3,1,0,3,0,-1,1,-1,5,1,-1,-1,0,4,0,2,4,0,4,0,3,1,3,4,0,-1,-1,4,5,3,4,5,2,2,-1,1,1,2,3,-1,3,3,-1,2,1,2,-1,4,4,2,2,-1,1,5,0,4,3,0,5,5,-1,-1,0,4,2,4,2,-1,3,1,3,3,1,2,5,2,1,0,4,-1,5,1
4631.92746321,1,4,4,3,2,0,0,3,2,0,1,-1,3,4,5,2,4,3,2,3,-1,3,2,-1,5,1,-1,0,3,4,-1,5,4,5,3,1,4,0,5,0,1,5,3,1,3,2,4,5,0,-1,-1,-1,3,1,3,2,2,2,1,0,5,4,2,0,-1,0,5,4,0,-1,1,4,0,1,2,-1,5,3,4,5,1,5,1,5,-1,2,1,2,0,-1
4619.3414226,2,4,4,0,0,-1,4,-1,-1,2,4,3,1,0,4,0,-1,5,1,1,5,5,2,3,2,1,-1,1,4,-1,1,-1,0,5,4,2,0,5,1,0,5,2,5,0,2,3,0,2,3,2,3,4,1,-1,-1,3,1,5,2,3,3,1,3,0,-1,0,4,-1,-1,4,2,4,0,5,4,1,1,5,3,0,3,-1,4,4,5,3,1,-1,-1,2
4542.3444683,5,0,0,4,-1,2,1,-1,3,5,2,5,3,-1,0,1,3,0,5,-1,-1,4,-1,0,-1,-1,2,2,1,2,-1,4,3,4,5,-1,4,3,0,3,0,2,-1,3,4,3,2,3,3,5,1,5,3,1,2,2,4,-1,2,4,5,1,0,5,1,1,0,1,1,3,-1,1,2,0,4,4,-1,2,0,2,0,4,-1,4,-1,5,3,1,1,5
4722.00402834,2,1,0,0,2,3,0,5,0,1,1,1,-1,1,2,4,4,4,0,2,-1,3,3,2,0,3,4,3,2,-1,3,1,2,-1,1,-1,1,5,-1,3,5,3,-1,1,2,1,4,-1,0,3,0,3,2,2,0,0,1,5,2,4,1,-1,3,2,5,4,5,5,4,5,5,0,4,2,3,5,5,3,4,0,4,2,3,-1,5,-1,1,4,4,0
4611.93786931,-1,0,4,1,2,-1,4,2,0,0,5,5,0,-1,3,5,4,5,4,4,2,2,3,1,-1,1,2,-1,5,1,2,2,3,1,-1,-1,4,-1,-1,4,3,2,5,4,0,0,1,3,0,-1,4,-1,2,2,4,4,3,0,1,5,0,1,5,-1,5,1,1,2,1,-1,0,3,4,0,-1,3,2,-1,3,5,1,0,0,3,5,0,4,-1,-1,3
4538.39590654,0,4,3,3,4,1,3,4,1,-1,0,4,4,2,5,0,1,1,0,0,2,2,5,5,-1,-1,2,1,5,4,3,0,3,-1,4,2,3,3,1,0,2,-1,-1,4,4,5,1,-1,0,3,-1,1,5,4,-1,5,1,4,2,5,0,-1,0,2,4,0,2,5,0,2,3,5,2,1,0,3,-1,-1,4,-1,3,0,2,1,5,3,5,5,2,3
4659.81418064,0,0,1,5,0,4,-1,1,2,0,3,3,2,2,-1,4,3,0,4,4,1,5,2,-1,-1,2,3,2,2,1,0,0,1,3,0,3,-1,1,0,4,-1,3,4,1,2,4,5,5,0,4,3,1,-1,4,4,4,3,-1,2,4,-1,1,4,5,2,2,3,-1,1,5,2,-1,0,5,-1,0,2,1,5,5,5,1,3,5,-1,5,4,3,1,3
4670.17915525,5,4,1,3,5,4,3,5,-1,3,0,1,-1,5,-1,4,2,1,1,1,4,0,-1,-1,2,0,1,3,4,0,4,5,1,1,2,-1,4,2,3,3,0,3,-1,1,4,2,0,3,3,5,2,2,3,0,4,5,1,0,0,4,-1,5,2,4,5,0,3,2,5,-1,2,2,3,4,0,0,-1,5,1,4,5,5,2,0,-1,3,0,-1,2,-1
4644.76028893,2,4,0,1,1,5,4,3,0,3,0,-1,5,2,2,-1,5,3,2,3,5,0,4,3,4,4,1,1,4,4,2,5,2,3,5,3,-1,1,-1,1,-1,-1,2,1,4,-1,1,-1,0,2,-1,-1,-1,3,5,4,-1,-1,4,5,0,5,1,0,0,3,-1,2,4,0,0,0,2,3,-1,4,3,0,1,1,0,2,1,2,4,5,2,5,0,3
4719.28939213,0,-1,0,5,-1,2,4,3,5,-1,4,-1,1,1,0,5,2,4,5,4,3,4,3,4,2,1,5,3,0,0,-1,5,-1,4,0,0,1,2,2,0,4,1,0,-1,3,3,-1,5,1,3,5,3,3,-1,2,2,5,1,-1,1,4,2,2,1,-1,4,0,0,5,4,3,5,1,4,-1,0,3,0,-1,1,1,-1,2,1,3,3,2,4,1,2
4610.95072887,4,-1,5,0,0,-1,2,4,2,5,1,2,-1,3,5,4,2,1,5,3,4,5,4,0,3,5,5,5,1,-1,0,2,3,0,2,0,4,3,5,2,2,-1,0,3,2,3,4,1,3,2,4,3,-1,3,5,4,1,1,-1,-1,4,3,-1,3,2,5,0,2,4,0,3,0,1,1,3,1,-1,1,1,1,-1,0,2,-1,5,-1,5,1,5,0
4324.92678643,5,3,2,5,-1,3,5,2,2,-1,1,-1,2,3,5,3,0,1,4,1,2,4,-1,1,-1,0,0,-1,4,3,1,2,4,-1,1,0,1,3,-1,-1,5,5,5,1,3,1,3,0,2,1,-1,2,4,4,1,5,3,5,5,0,3,1,0,-1,-1,4,1,-1,4,2,0,1,5,4,4,4,3,0,-1,-1,-1,2,2,5,0,2,-1,-1,0,3
4612.18465442,2,0,1,1,3,-1,0,1,2,-1,4,2,0,4,0,0,1,5,4,-1,5,0,3,1,0,4,2,1,-1,4,3,-1,5,-1,0,3,5,1,2,3,5,-1,0,4,1,4,4,2,5,-1,-1,3,1,2,0,5,-1,3,-1,3,3,0,0,3,1,-1,5,0,-1,5,2,1,2,2,2,4,5,1,1,4,2,4,4,3,-1,-1,2,5,3,4
4541.11054275,-1,0,4,-1,2,5,3,3,4,2,1,3,-1,1,4,-1,5,0,4,0,2,1,3,-1,4,5,5,-1,2,3,-1,3,3,-1,2,4,2,1,3,5,4,5,0,2,5,0,0,0,1,1,-1,5,1,2,2,5,-1,4,2,0,2,4,2,1,0,5,-1,0,5,1,3,3,4,4,3,5,1,1,3,2,-1,0,4,0,0,1,2,5,-1,-1
4499.89742939,-1,3,5,-1,-1,5,-1,3,2,5,4,0,0,0,4,3,-1,3,1,2,1,0,3,-1,4,5,3,5,1,-1,-1,4,0,2,0,0,-1,3,0,4,2,5,4,5,1,4,1,2,4,0,2,4,3,-1,3,1,4,2,5,2,1,-1,3,1,2,2,-1,2,-1,4,5,0,5,0,-1,5,2,3,5,3,4,1,0,5,1,0,4,1,-1,3
4523.83558505,3,1,4,3,5,5,4,0,0,3,3,3,0,4,4,3,2,2,1,3,1,-1,0,4,0,2,5,4,4,-1,2,5,1,5,0,3,1,3,1,5,-1,-1,-1,3,4,2,1,2,1,1,3,4,0,5,4,0,-1,0,1,1,4,-1,-1,5,-1,2,2,-1,5,2,5,3,-1,1,0,5,4,1,4,2,3,2,0,5,-1,0,1,2,2,-1
4658.58025509,2,1,3,4,-1,-1,4,4,4,2,1,1,1,4,5,5,-1,2,-1,3,0,3,1,1,5,-1,2,3,3,-1,3,2,3,1,4,0,1,5,5,4,2,5,0,5,5,3,2,-1,2,3,4,4,0,-1,-1,5,2,3,2,5,1,2,4,5,4,0,1,1,3,-1,0,2,5,4,0,0,-1,4,4,5,0,3,0,1,1,0,0,2,3,-1
4713.3665495,4,2,4,3,1,2,1,2,1,1,0,-1,2,3,1,-1,5,5,-1,1,-1,4,4,-1,-1,2,0,4,5,5,1,3,5,0,2,2,5,5,5,0,1,3,3,-1,3,0,4,4,0,0,4,4,0,2,-1,3,2,4,1,3,3,0,-1,0,2,2,2,-1,4,3,5,-1,4,0,0,3,-1,5,5,0,4,3,5,-1,1,0,1,2,5,1
4517.6659573,2,2,0,2,4,2,0,3,2,5,4,0,4,5,5,1,5,-1,3,-1,1,3,3,0,5,-1,1,3,1,2,4,5,2,0,-1,4,3,0,3,5,0,-1,1,3,3,-1,5,3,2,1,-1,1,5,0,2,5,-1,-1,3,2,-1,4,-1,4,1,-1,0,4,3,1,0,2,3,1,4,0,2,1,1,-1,3,0,2,4,5,5,4,0,4,-1
4588.98685408,0,2,5,5,5,2,3,4,3,0,5,5,-1,5,4,-1,5,1,0,-1,1,4,1,4,5,3,3,2,3,0,4,-1,1,0,4,-1,2,4,0,2,2,1,4,-1,-1,-1,1,4,1,4,1,2,2,3,0,3,0,-1,3,2,1,0,3,5,-1,-1,2,3,3,0,-1,2,2,0,-1,3,-1,3,0,0,5,1,4,2,1,2,1,4,3,4
4262.98372384,1,0,3,-1,1,4,3,4,1,1,3,4,1,5,4,5,-1,-1,3,5,-1,4,-1,2,-1,4,3,2,1,4,1,3,-1,4,2,-1,2,0,-1,1,-1,3,3,5,-1,5,2,3,0,-1,5,0,4,2,0,4,5,0,5,-1,2,-1,4,0,1,3,2,0,2,-1,5,4,5,3,2,-1,3,5,3,0,2,-1,2,3,2,-1,-1,1,0,4
4424.87475596,5,4,1,1,0,-1,0,-1,4,-1,5,-1,3,0,2,2,3,-1,3,5,1,2,0,3,2,-1,2,3,5,5,4,0,4,-1,4,1,-1,3,-1,0,4,2,2,2,3,4,2,5,3,0,-1,0,1,3,0,4,1,-1,1,1,0,5,2,2,2,5,3,5,3,3,4,4,5,-1,5,4,1,0,5,1,3,-1,1,-1,2,-1,1,0,4,-1
4458.43753092,4,2,2,1,0,-1,2,2,2,-1,-1,2,0,3,0,1,1,4,-1,5,1,-1,3,-1,4,2,5,-1,-1,2,4,3,0,3,0,-1,1,2,-1,3,0,-1,5,-1,0,5,5,5,1,3,3,0,1,5,4,3,1,5,-1,-1,2,-1,3,0,1,4,4,1,5,1,2,4,3,5,0,5,4,0,0,5,0,4,1,-1,5,4,3,2,4,-1
4741.25326692,2,-1,-1,1,1,0,-1,2,-1,1,2,5,4,0,-1,3,5,0,0,4,5,3,-1,0,5,3,-1,3,2,0,4,0,4,5,1,5,2,4,4,4,3,3,1,2,2,1,-1,-1,1,1,2,1,-1,4,0,1,3,4,4,2,5,3,3,0,4,2,0,0,3,4,5,2,2,0,3,1,1,4,4,-1,-1,-1,5,2,2,3,1,2,3,5
4606.01502667,1,1,-1,1,2,5,1,1,1,-1,0,1,0,1,2,0,5,0,0,-1,0,4,5,4,3,4,-1,4,3,5,0,4,2,1,1,-1,5,5,1,5,5,0,2,4,2,2,4,-1,3,-1,3,0,4,4,-1,4,-1,2,3,2,5,4,0,1,0,2,0,4,4,3,2,4,5,1,3,2,-1,2,-1,2,0,3,5,3,5,3,-1,0,3,-1
4709.17120263,-1,3,4,3,1,4,2,1,2,0,1,-1,1,2,5,1,-1,4,-1,0,1,2,-1,3,5,3,5,1,-1,0,4,5,-1,5,2,1,3,3,5,5,0,2,1,-1,4,0,-1,1,5,-1,4,-1,3,0,3,4,-1,0,2,3,3,0,3,4,2,3,4,2,2,-1,4,2,2,0,3,1,-1,0,0,1,4,3,2,0,5,4,5,5,0,5
4542.09768319,1,5,4,4,2,-1,0,5,-1,0,2,-1,5,3,1,-1,3,3,1,5,-1,2,4,-1,4,-1,4,0,3,0,-1,3,3,-1,-1,4,0,2,5,2,3,1,-1,-1,2,1,4,2,1,5,5,1,5,4,2,1,0,4,0,3,1,5,4,2,5,-1,0,0,0,4,-1,4,1,3,-1,2,1,0,0,1,3,3,3,2,2,4,5,5,2,1
4609.96358843,2,0,4,-1,3,5,4,3,5,5,4,1,4,0,-1,2,4,5,-1,4,-1,4,0,-1,2,2,3,-1,-1,2,5,0,3,3,1,4,4,1,0,3,3,4,2,0,0,0,4,5,-1,2,2,3,2,0,2,5,1,3,4,1,5,1,0,2,5,3,4,1,0,-1,5,3,3,1,0,1,-1,4,1,3,-1,2,-1,-1,1,5,1,3,-1,1
4619.83499282,1,4,0,4,5,5,-1,0,0,2,2,0,0,0,4,2,3,2,-1,3,1,0,4,5,5,-1,5,1,3,4,1,1,1,-1,-1,2,1,-1,2,5,4,3,2,2,1,3,-1,5,3,-1,2,0,5,0,3,3,-1,5,2,3,5,3,5,3,-1,2,0,1,4,4,4,2,3,1,1,0,4,0,-1,1,3,5,4,0,2,1,5,-1,-1,4
4599.59861381,-1,1,3,2,4,4,4,3,1,1,3,0,5,2,-1,2,1,0,2,2,0,4,1,-1,0,-1,2,4,4,-1,0,3,1,2,3,3,5,-1,2,2,3,5,-1,5,4,0,3,1,2,0,5,4,-1,0,2,4,5,-1,4,0,1,1,3,0,0,2,2,1,-1,4,0,0,4,5,-1,3,5,5,3,1,5,3,3,-1,2,4,-1,4,5,5
4564.80191331,4,4,5,-1,3,0,-1,-1,-1,2,2,3,1,5,3,-1,5,4,3,1,4,0,1,3,-1,4,1,1,4,1,5,0,1,5,0,-1,1,3,4,2,0,-1,5,1,1,0,1,0,3,0,2,4,4,5,2,-1,4,5,-1,3,3,1,5,5,0,3,0,4,5,5,-1,2,2,4,0,-1,0,-1,0,2,-1,2,3,-1,2,1,-1,1,2,-1
4616.38000129,0,-1,-1,-1,4,1,3,5,-1,3,3,5,2,5,-1,-1,2,4,3,3,5,4,1,4,2,4,5,1,4,0,1,-1,1,0,1,1,3,3,0,4,-1,-1,5,5,3,2,4,1,3,1,2,0,5,2,0,3,0,2,5,3,5,3,5,0,1,4,4,0,-1,3,5,4,3,1,0,2,0,-1,-1,2,5,4,4,3,2,4,0,2,-1,1
4507.30098269,2,-1,-1,4,-1,3,-1,-1,2,5,2,3,2,-1,4,3,3,0,3,3,4,0,1,5,3,0,0,0,0,5,-1,4,4,0,5,-1,3,3,2,2,1,-1,5,0,4,-1,1,1,4,1,0,0,3,-1,5,4,-1,1,0,4,-1,1,1,0,4,2,1,-1,2,5,1,3,4,1,2,2,4,2,1,1,5,3,-1,0,-1,4,2,2,-1,2
4548.76088116,2,2,0,1,0,-1,4,5,-1,-1,1,3,0,4,2,3,-1,5,1,3,2,4,4,1,1,0,0,0,-1,3,1,2,0,1,5,3,2,0,0,4,4,-1,-1,-1,1,5,2,3,4,3,-1,2,5,0,2,-1,2,0,-1,5,-1,4,3,4,1,2,-1,3,1,2,5,-1,5,4,2,1,4,-1,4,3,4,-1,0,3,3,-1,-1,0,1,0
4164.76325008,0,0,4,3,1,0,-1,0,4,1,0,1,0,1,1,1,3,5,-1,2,5,2,-1,3,-1,2,2,2,-1,-1,5,-1,5,-1,-1,0,3,2,2,3,-1,1,-1,4,0,-1,2,3,2,2,-1,0,3,2,-1,3,5,5,-1,4,4,-1,4,2,3,2,5,4,0,5,2,1,4,5,4,-1,4,4,-1,-1,5,4,4,-1,2,1,3,0,1,3
4810.59988282,1,2,4,-1,2,4,3,4,5,2,1,4,2,5,-1,2,5,5,5,-1,0,0,-1,5,-1,0,2,2,1,3,4,0,0,-1,4,5,3,-1,5,0,3,2,1,3,5,1,2,3,0,1,3,-1,0,2,1,0,-1,5,2,2,5,0,0,2,3,4,1,1,3,-1,5,3,1,1,-1,0,4,-1,1,3,3,5,4,4,4,-1,2,-1,1,0
4545.79945984,-1,-1,2,1,3,1,2,1,-1,5,3,3,2,2,-1,1,3,5,4,0,2,2,1,4,3,4,1,3,4,0,3,0,5,2,-1,-1,0,0,4,-1,3,4,5,3,-1,-1,2,1,4,-1,2,3,2,0,2,3,0,0,4,-1,5,5,5,-1,-1,4,1,0,4,0,3,1,1,0,1,0,2,4,0,4,4,5,1,2,4,-1,5,5,-1,1
4590.22077963,0,5,3,0,4,3,4,5,4,2,0,5,0,0,3,2,2,3,1,4,2,1,-1,3,4,0,4,1,1,0,5,4,3,1,-1,-1,0,0,1,-1,2,2,2,-1,5,3,2,1,-1,1,-1,0,0,4,-1,3,5,3,4,-1,3,1,0,1,3,1,1,1,-1,4,2,-1,2,2,-1,5,4,0,1,-1,2,5,5,3,0,-1,4,-1,-1,4
4554.43693869,0,3,5,2,5,4,0,4,-1,2,1,3,3,4,0,1,1,5,3,4,-1,1,2,5,0,4,1,-1,0,0,3,1,1,0,2,-1,2,3,1,-1,1,-1,5,3,3,4,4,-1,-1,0,0,0,4,1,2,-1,5,3,1,2,2,5,3,-1,3,3,4,5,0,5,-1,1,0,0,4,3,2,-1,2,-1,4,5,3,2,5,-1,2,-1,-1,4
4383.90842771,4,4,0,1,3,2,1,4,1,3,2,2,-1,1,0,5,-1,-1,5,3,1,-1,0,1,4,-1,5,-1,4,-1,4,3,2,-1,1,3,2,5,1,2,-1,2,4,0,5,1,4,3,4,5,0,2,3,5,2,5,-1,1,-1,-1,-1,-1,5,1,5,2,0,0,1,-1,3,2,3,-1,-1,0,5,2,0,2,0,1,5,0,0,5,4,4,3,-1
4771.11426522,0,0,3,2,3,-1,-1,4,4,3,2,2,2,0,1,2,0,2,4,4,0,5,4,4,-1,3,0,0,-1,3,1,2,-1,3,3,2,5,2,5,1,5,0,5,2,5,4,2,3,5,0,4,5,1,1,1,4,-1,5,3,-1,-1,4,1,5,3,3,1,5,-1,0,4,0,1,-1,4,2,1,3,0,1,1,-1,5,0,-1,-1,1,5,4,1
4332.82390995,0,3,4,4,3,5,-1,5,-1,3,0,5,3,1,4,3,-1,0,2,2,1,1,0,3,-1,5,2,2,-1,2,-1,-1,-1,4,0,-1,0,1,1,-1,2,4,-1,5,4,3,0,2,5,1,-1,-1,1,0,4,3,-1,2,3,0,5,2,2,4,3,0,2,-1,1,-1,-1,1,4,0,1,0,4,3,5,-1,-1,5,1,1,0,3,4,2,1,3
4612.67822464,3,2,2,-1,4,0,3,1,3,1,2,-1,4,4,1,2,2,5,-1,0,3,3,0,1,5,4,5,3,0,1,4,5,-1,5,3,2,2,5,-1,1,2,1,5,5,2,1,0,0,0,2,5,4,3,0,2,4,-1,4,3,2,2,4,4,4,3,5,0,-1,0,1,1,4,3,3,-1,-1,1,-1,3,-1,0,0,-1,0,-1,3,4,4,1,-1
4263.72407917,4,0,-1,0,1,4,-1,1,0,1,0,5,-1,-1,1,5,0,-1,2,4,4,4,5,3,3,2,2,-1,-1,5,1,1,0,1,-1,3,1,4,4,5,2,4,-1,2,1,5,0,3,3,0,5,3,2,2,3,-1,-1,0,3,2,2,1,3,-1,2,5,4,4,1,3,2,2,-1,-1,5,4,-1,5,5,0,3,-1,5,5,0,-1,3,3,2,1
4497.42957829,2,0,4,4,2,4,2,3,5,5,4,0,4,4,3,1,3,5,-1,3,5,-1,5,4,-1,0,-1,-1,0,5,1,-1,0,2,-1,-1,5,-1,4,5,3,1,4,3,0,0,3,-1,0,1,0,0,3,5,-1,0,1,4,0,2,4,4,2,-1,1,3,2,3,3,2,2,1,1,-1,0,-1,5,1,-1,5,2,4,1,0,1,5,2,5,2,3
4491.50673565,5,2,0,3,2,2,0,3,5,5,3,1,-1,0,-1,4,-1,3,3,4,1,0,2,2,4,0,3,3,3,4,5,1,1,-1,4,4,2,2,-1,4,5,0,2,1,2,-1,4,1,5,1,5,3,4,4,4,0,5,2,3,5,-1,2,3,1,3,0,3,1,0,5,2,-1,4,0,5,-1,3,-1,1,3,-1,0,5,2,0,-1,-1,-1,-1,0
4600.33896914,5,-1,0,4,3,5,2,5,-1,0,-1,3,4,5,-1,-1,-1,1,2,5,5,1,2,5,2,3,2,0,4,4,-1,3,-1,2,1,0,4,1,3,2,2,0,3,1,1,3,4,-1,4,4,1,-1,1,4,3,5,1,2,4,-1,4,-1,4,4,3,3,1,5,-1,0,5,5,2,1,1,0,3,2,0,0,0,3,-1,-1,-1,0,4,1,3,0
4629.95318233,5,3,-1,-1,3,5,3,0,3,4,0,0,1,0,5,3,5,3,4,-1,3,4,0,0,2,4,1,4,2,5,1,4,1,5,2,4,3,2,4,3,4,1,-1,4,-1,3,-1,4,2,1,5,2,2,5,3,1,-1,-1,2,3,0,1,2,2,1,-1,2,0,-1,0,0,-1,3,4,5,3,-1,-1,2,1,0,2,-1,1,1,5,4,1,0,-1
4447.82577119,0,1,5,0,-1,2,1,0,1,1,4,5,2,5,1,1,-1,5,0,3,3,1,0,4,1,2,2,4,4,-1,1,-1,-1,-1,5,0,1,3,3,3,4,-1,4,2,-1,3,3,3,2,4,5,4,3,5,4,0,-1,2,2,1,2,-1,-1,4,4,3,2,5,0,2,5,5,-1,5,-1,5,1,0,2,1,4,0,3,4,0,-1,1,0,2,3
4560.11299622,-1,2,-1,1,1,4,2,2,0,0,1,3,5,2,3,-1,-1,0,2,5,5,0,3,3,1,5,-1,4,3,-1,4,1,5,-1,1,4,4,3,2,3,4,1,4,1,1,5,-1,0,0,2,2,3,-1,5,3,3,0,-1,1,3,3,-1,-1,4,5,0,4,-1,2,4,-1,5,3,1,0,0,-1,5,2,2,4,-1,1,0,5,-1,0,5,1,0
4694.61088114,-1,-1,2,2,4,0,2,-1,1,5,0,-1,1,1,0,3,4,4,-1,1,3,5,2,4,3,0,4,3,-1,3,2,4,5,3,1,-1,2,4,3,0,-1,5,2,1,4,5,1,0,3,1,3,2,-1,1,0,5,0,-1,2,-1,1,0,1,2,5,4,1,5,0,0,4,0,3,5,2,1,4,1,5,4,2,3,3,4,5,4,-1,0,3,2
4486.57103345,5,4,3,2,3,3,-1,4,1,-1,3,5,0,0,1,3,1,-1,3,3,-1,2,0,2,4,-1,4,2,3,-1,4,1,5,3,2,3,5,1,2,4,2,1,-1,0,4,5,4,2,0,-1,0,3,5,1,2,2,-1,1,5,-1,4,4,1,2,3,4,1,0,-1,-1,5,5,0,1,1,-1,1,1,3,0,2,2,-1,0,4,-1,0,5,-1,5
4629.212827,2,-1,0,2,0,3,3,0,2,1,4,0,4,-1,3,2,5,5,1,1,4,4,2,5,-1,2,1,-1,1,0,4,4,4,1,-1,-1,5,3,5,3,0,0,2,0,3,-1,3,-1,3,0,5,-1,5,-1,4,-1,2,5,2,3,4,2,3,-1,3,0,-1,1,3,-1,2,5,1,-1,4,2,3,0,4,2,1,4,1,1,5,0,0,1,5,5
4549.50123649,-1,0,2,3,0,3,2,3,-1,-1,5,1,-1,4,0,-1,5,1,2,5,-1,0,3,0,-1,4,3,0,1,3,4,2,5,-1,1,-1,0,2,-1,0,2,2,4,3,-1,4,2,0,2,3,-1,0,5,-1,1,2,4,3,1,3,3,-1,5,4,4,2,2,5,1,0,4,0,5,2,5,0,5,4,4,-1,5,0,5,1,1,1,1,2,1,3
4666.72416372,0,2,4,4,2,3,1,-1,3,0,1,2,3,-1,3,-1,-1,4,0,5,4,0,3,4,3,-1,3,4,-1,3,0,0,0,2,2,4,3,4,5,4,2,4,0,1,2,2,-1,1,3,-1,2,-1,2,-1,3,-1,1,-1,3,1,-1,1,0,1,-1,2,-1,0,5,1,1,0,1,5,-1,5,1,2,-1,4,1,5,-1,1,3,4,0,0,5,4
4589.97399452,3,5,0,1,3,5,4,0,5,2,5,2,2,2,3,2,-1,0,2,-1,1,4,1,-1,3,0,0,2,0,-1,2,-1,1,2,5,-1,-1,0,3,1,1,4,4,0,3,3,2,0,1,1,0,0,3,1,-1,0,2,5,4,3,-1,-1,4,4,5,3,2,5,5,1,-1,4,4,4,1,-1,4,2,-1,5,1,1,0,4,4,4,3,3,3,-1
4396.98803854,3,0,-1,0,5,3,3,-1,1,3,0,-1,-1,2,4,-1,2,1,3,2,2,5,5,-1,1,5,4,-1,-1,1,-1,1,2,1,0,-1,0,2,2,-1,3,2,0,1,1,2,4,-1,4,3,-1,5,4,1,-1,-1,0,5,4,2,2,5,0,3,1,4,4,-1,0,0,-1,1,3,2,3,-1,0,1,1,0,5,4,4,3,4,-1,4,3,2,1
4688.44125339,3,1,5,1,0,3,2,5,2,3,1,2,3,4,-1,-1,4,1,3,3,0,-1,3,1,-1,0,0,-1,1,5,0,0,2,4,1,-1,5,3,5,3,4,3,-1,4,-1,0,4,0,-1,1,5,0,0,2,3,-1,-1,5,2,0,2,-1,5,4,4,1,1,5,5,1,2,0,0,5,4,2,2,2,2,0,5,1,-1,3,1,3,-1,-1,4,2
4582.32365611,-1,4,5,1,1,0,3,-1,4,5,0,4,2,3,0,-1,-1,0,4,3,0,3,2,4,5,0,1,3,4,2,3,5,2,-1,4,1,-1,0,2,3,3,1,5,2,-1,3,3,1,5,-1,2,5,4,0,1,-1,-1,4,4,1,1,1,1,-1,2,2,2,-1,5,5,-1,4,3,4,0,4,-1,4,0,1,2,-1,0,1,2,5,3,5,3,5
4574.6733177,4,0,1,0,4,3,3,5,3,1,3,1,5,0,3,0,2,-1,5,1,1,-1,1,1,0,5,2,1,3,0,-1,5,-1,5,5,0,0,1,3,2,4,-1,4,0,5,3,4,4,2,1,4,3,2,0,2,2,3,3,2,5,-1,0,1,4,1,3,-1,-1,4,1,-1,5,4,3,4,-1,3,4,5,0,2,2,5,-1,5,-1,0,0,-1,2
4466.58143955,0,3,5,5,2,-1,0,-1,2,-1,2,2,3,2,3,-1,-1,-1,1,2,3,2,3,2,4,4,0,5,1,-1,0,0,5,0,2,-1,5,-1,5,2,3,0,-1,-1,0,4,1,-1,1,2,4,5,-1,3,-1,1,0,5,1,4,3,3,4,4,4,3,2,-1,4,-1,-1,0,1,-1,0,0,1,3,4,4,1,2,3,1,0,4,4,3,5,5
4313.57467138,5,-1,2,2,-1,0,5,4,0,0,0,1,0,1,4,-1,3,-1,3,-1,1,4,0,1,-1,5,5,0,-1,-1,2,-1,-1,4,3,3,4,3,4,2,3,4,4,5,0,4,4,2,-1,2,1,1,-1,0,2,5,3,1,2,0,3,2,5,2,-1,1,2,3,-1,0,0,3,0,-1,-1,5,-1,2,-1,5,-1,1,5,-1,4,2,5,3,5,0
4559.37264089,4,3,2,3,3,-1,0,3,0,3,2,-1,1,4,4,2,-1,1,5,0,3,3,-1,4,5,3,4,4,3,1,5,-1,1,-1,-1,4,2,5,-1,3,4,5,3,5,2,4,3,5,1,3,4,2,-1,1,4,0,0,2,1,2,1,4,2,1,4,1,2,0,0,5,2,5,3,-1,2,-1,1,-1,0,0,0,-1,5,2,2,-1,1,1,-1,5
4384.89556815,-1,3,2,5,0,4,5,1,1,3,0,2,1,1,0,4,4,5,3,5,4,1,-1,2,0,0,0,2,-1,2,-1,3,0,1,2,1,-1,2,1,0,2,-1,-1,2,-1,-1,-1,-1,1,3,3,0,-1,5,0,4,4,-1,2,5,5,1,4,1,2,5,3,4,0,-1,-1,4,-1,0,-1,5,1,1,4,1,2,5,-1,3,-1,-1,3,-1,4,2
4500.63778472,1,5,-1,1,2,3,0,5,0,1,1,5,3,0,5,2,0,-1,1,-1,4,4,5,3,3,3,5,1,5,3,3,-1,-1,2,1,3,0,4,3,-1,0,-1,0,4,4,0,1,4,0,2,2,0,4,1,2,2,-1,1,3,4,-1,-1,-1,-1,2,1,5,4,0,0,4,5,4,3,5,4,2,3,4,1,2,5,1,-1,3,5,-1,-1,0,2
4434.00580503,2,2,3,-1,0,0,2,1,3,-1,3,-1,2,1,-1,-1,5,-1,-1,1,-1,5,2,-1,0,-1,4,2,4,2,0,5,0,1,1,5,4,5,0,2,5,4,1,4,2,1,1,2,-1,3,1,3,5,4,1,3,2,0,4,5,-1,-1,-1,3,4,3,4,-1,-1,4,3,4,-1,1,3,0,-1,4,1,4,0,3,-1,0,0,2,0,4,3,-1
4502.11849538,0,-1,4,4,4,3,-1,5,1,2,3,5,1,3,5,0,-1,3,4,1,3,0,0,3,1,2,4,1,5,-1,0,1,4,-1,3,0,-1,2,1,2,4,5,1,-1,-1,5,3,-1,4,5,4,2,-1,2,2,0,-1,4,-1,0,-1,2,2,3,1,-1,0,-1,2,-1,3,2,1,2,0,-1,1,1,0,4,4,0,3,0,1,1,-1,4,2,3
4692.88338537,4,3,3,3,-1,-1,0,0,2,2,3,2,2,4,5,2,-1,-1,-1,5,-1,-1,5,5,2,0,4,1,3,0,5,4,-1,1,0,0,2,1,3,2,4,4,3,0,3,5,1,-1,3,3,5,3,2,0,1,5,5,1,4,0,1,1,-1,-1,3,2,3,1,4,-1,0,0,4,4,5,1,2,0,1,2,2,-1,4,3,4,5,0,3,5,1
4391.0651959,-1,-1,1,5,-1,-1,-1,1,2,3,3,1,2,4,2,5,5,1,4,-1,4,2,0,-1,0,5,1,5,3,1,-1,0,4,2,3,1,3,4,5,5,4,2,0,5,3,4,2,-1,4,1,3,4,-1,3,-1,-1,1,0,0,0,1,0,4,3,3,5,2,-1,5,5,0,2,-1,1,2,0,2,5,-1,4,0,3,-1,4,2,4,4,3,3,0
4639.57780162,5,0,0,-1,1,2,2,-1,-1,4,1,-1,5,-1,0,0,5,5,3,4,-1,-1,3,1,-1,2,2,0,5,2,1,0,4,1,3,0,2,-1,4,3,5,0,-1,0,-1,2,2,1,2,0,4,3,1,1,4,-1,5,3,2,5,4,4,0,4,2,4,3,3,-1,0,3,5,3,1,5,-1,3,1,0,0,2,1,5,2,-1,1,3,4,-1,3
4801.71561886,2,0,0,2,4,1,2,-1,1,5,4,1,2,4,-1,0,4,3,3,3,5,0,4,5,-1,5,0,1,5,1,0,3,1,-1,2,4,3,4,2,5,1,5,5,0,0,2,0,3,2,3,0,5,4,4,-1,3,3,1,-1,-1,-1,3,-1,0,5,4,2,3,-1,3,4,0,4,4,5,2,1,1,2,2,2,1,0,1,-1,5,0,-1,2,3
4415.49692179,2,2,5,1,5,0,4,4,-1,3,0,0,2,-1,5,3,-1,1,3,0,2,1,4,3,4,0,0,5,-1,2,5,4,-1,-1,2,5,5,3,2,3,0,3,4,1,5,-1,3,-1,3,4,-1,2,-1,4,-1,1,-1,0,3,0,1,4,3,3,2,2,5,0,1,5,1,4,4,1,1,2,0,4,-1,-1,4,0,-1,1,-1,3,-1,3,5,5
4477.68676949,-1,5,2,2,0,3,4,0,5,-1,2,0,0,-1,1,4,-1,3,2,1,4,1,0,-1,5,3,1,2,0,-1,1,5,2,4,3,4,1,3,1,4,-1,3,2,2,2,3,-1,1,-1,-1,0,1,5,2,3,-1,5,-1,3,1,0,-1,5,3,3,4,5,0,4,-1,0,1,5,5,4,5,0,4,4,2,0,2,-1,2,3,4,-1,-1,-1,2
4240.27949372,4,3,3,0,4,2,-1,3,1,5,5,-1,5,0,1,3,1,-1,0,1,1,0,2,2,4,3,-1,3,2,-1,-1,-1,-1,5,5,5,1,1,4,3,3,4,0,3,0,2,4,-1,-1,3,0,-1,0,4,0,2,1,0,5,1,4,-1,-1,-1,5,5,2,2,3,4,-1,1,-1,3,2,0,-1,0,4,2,5,2,-1,4,-1,1,5,3,2,4
4511.49632956,2,1,5,1,0,5,5,3,0,5,0,3,3,-1,2,-1,1,2,4,1,-1,2,1,4,0,4,3,5,-1,4,-1,1,2,-1,4,3,3,-1,0,4,-1,1,-1,1,4,4,-1,1,5,5,5,4,3,-1,0,0,1,-1,2,2,2,4,0,5,2,3,3,1,0,5,2,4,-1,-1,2,0,3,5,0,4,2,3,4,3,5,2,4,3,0,-1
4552.95622803,4,2,4,0,4,-1,3,0,1,5,2,2,0,3,1,3,5,5,0,-1,3,4,4,2,1,3,3,2,1,-1,5,-1,-1,2,2,4,5,0,1,4,0,4,-1,5,3,3,2,4,4,2,0,1,3,0,5,-1,4,1,1,3,-1,3,5,3,-1,4,2,5,3,0,0,-1,0,1,2,5,1,1,-1,1,2,0,-1,1,1,-1,-1,5,0,2
4577.38795391,1,1,-1,-1,5,0,1,0,0,1,0,4,-1,1,2,5,2,-1,5,3,2,-1,2,2,2,-1,5,5,4,5,4,3,3,4,0,2,3,3,0,0,-1,3,3,0,0,1,4,0,1,-1,0,0,1,4,5,5,3,1,0,4,2,-1,3,0,-1,5,1,4,5,-1,-1,4,5,3,2,4,1,1,2,4,2,4,1,3,3,3,4,-1,5,5
4631.92746321,3,2,1,-1,2,3,1,0,1,4,3,-1,5,-1,3,0,1,4,5,5,0,3,-1,1,0,5,-1,4,1,2,2,4,5,1,-1,1,1,2,5,2,4,-1,5,3,1,0,0,0,3,0,5,4,2,0,2,1,5,3,0,4,-1,4,1,3,-1,2,2,-1,4,-1,1,4,5,5,3,4,3,3,2,5,1,2,5,4,2,3,2,0,4,5
4567.51654951,-1,0,-1,2,2,0,5,0,-1,4,5,-1,1,5,0,-1,0,3,0,1,4,2,4,1,2,3,1,3,2,0,-1,5,1,-1,5,4,4,1,0,3,5,2,-1,3,0,-1,3,0,1,3,1,2,2,4,3,5,0,1,3,-1,2,0,2,4,3,1,5,4,5,5,0,2,-1,1,4,4,2,4,5,2,3,2,3,1,-1,-1,3,-1,-1,-1
4478.67390993,-1,1,1,2,-1,-1,3,5,-1,5,5,4,0,1,0,4,-1,2,4,5,-1,3,2,0,-1,3,0,1,0,5,2,1,2,2,2,-1,-1,0,-1,3,5,0,3,5,3,-1,2,2,1,1,3,1,4,-1,-1,0,1,4,2,5,4,-1,1,4,4,4,5,3,5,3,1,-1,0,0,1,-1,1,2,-1,4,4,0,-1,2,5,0,-1,0,1,3
4534.44734478,5,0,0,1,-1,3,5,2,1,4,0,1,5,1,4,-1,5,0,2,0,3,0,5,2,-1,4,4,4,-1,4,-1,4,2,5,0,3,4,1,0,4,1,2,-1,5,3,4,0,1,0,5,3,3,-1,2,-1,3,5,-1,5,3,1,3,2,3,1,1,-1,2,2,4,5,3,2,0,-1,4,1,5,0,1,-1,-1,3,2,2,-1,2,4,0,-1
4524.08237016,5,-1,4,-1,3,2,4,1,5,0,4,0,2,-1,4,-1,0,5,5,0,1,2,1,3,4,-1,3,1,3,5,0,3,-1,1,0,2,0,-1,-1,0,5,4,3,-1,1,3,2,1,2,0,1,3,5,-1,1,2,1,2,0,4,4,-1,2,2,4,5,2,2,3,4,-1,1,4,5,2,4,5,0,1,5,3,3,-1,3,3,4,-1,0,-1,3
4457.20360537,2,-1,1,5,-1,4,1,3,-1,4,0,4,-1,1,0,2,-1,4,-1,1,2,3,-1,-1,3,-1,0,5,3,5,5,2,2,4,1,-1,0,3,5,1,3,3,1,0,4,3,2,0,0,1,-1,1,3,2,0,-1,-1,3,5,4,0,2,1,3,1,4,5,0,-1,5,4,2,4,1,-1,0,4,1,5,2,2,2,5,1,4,2,-1,0,-1,-1
4658.08668487,4,0,0,1,3,2,5,5,-1,1,0,-1,2,3,-1,5,0,2,-1,-1,-1,5,1,-1,4,1,-1,1,2,3,3,3,-1,3,0,4,0,0,1,1,4,2,5,1,4,0,-1,4,1,4,-1,0,4,2,1,2,3,2,2,1,3,4,2,5,-1,0,-1,5,-1,2,0,2,0,0,0,4,3,1,3,1,3,4,5,5,1,-1,2,-1,-1,4
4783.94709094,2,3,-1,5,3,2,4,4,3,0,5,5,0,5,2,-1,0,-1,0,0,1,-1,1,0,-1,4,3,2,5,-1,0,-1,1,5,3,4,-1,3,1,0,-1,2,1,3,2,1,-1,3,4,0,1,2,-1,2,4,5,3,2,2,2,4,1,0,0,3,1,5,1,4,3,1,2,-1,2,5,-1,0,3,3,2,4,1,4,-1,-1,4,1,4,0,3
4683.50555119,4,-1,0,3,2,3,-1,1,2,2,3,4,0,0,3,2,5,4,4,1,0,2,-1,-1,1,2,1,1,3,2,-1,4,0,4,-1,5,2,2,3,1,-1,5,5,2,5,2,0,-1,2,4,3,5,1,3,1,4,5,0,2,-1,5,2,1,-1,3,3,1,1,5,4,4,0,-1,4,0,0,5,5,0,1,3,3,-1,4,-1,3,3,2,0,1
4545.79945984,1,3,-1,3,3,1,1,2,1,0,-1,3,4,2,-1,5,5,2,0,0,4,5,1,2,4,-1,1,5,5,0,5,4,-1,3,2,2,1,4,4,4,3,3,-1,3,1,2,0,0,0,5,2,3,1,3,-1,0,-1,0,-1,-1,5,2,4,4,3,2,5,3,1,4,4,4,-1,4,-1,-1,5,3,2,-1,1,1,2,1,0,0,0,2,4,0
4644.76028893,5,-1,0,3,4,5,3,5,4,-1,0,2,4,5,0,-1,-1,2,1,3,2,1,-1,4,-1,1,3,2,4,2,0,2,4,-1,4,4,3,3,3,5,-1,0,-1,1,1,5,5,2,3,2,1,0,0,5,3,-1,-1,3,0,1,-1,3,4,0,0,1,1,1,4,5,5,4,1,1,2,3,4,0,2,4,0,2,1,-1,5,1,-1,0,1,3
4442.89006899,2,0,4,-1,1,4,5,0,5,4,0,1,3,1,-1,2,2,-1,2,4,0,4,-1,-1,3,4,1,5,4,3,5,3,1,2,-1,4,3,3,3,5,4,3,-1,0,1,0,0,5,5,-1,1,1,4,-1,0,5,3,5,2,3,2,-1,2,0,2,4,2,1,5,5,1,-1,3,-1,2,4,1,2,-1,1,0,3,-1,1,0,-1,5,3,5,0
4449.55326696,4,1,4,0,3,-1,0,3,1,4,0,2,-1,3,0,1,4,1,5,-1,1,-1,0,5,3,0,-1,-1,0,2,3,0,2,1,5,-1,2,1,0,2,2,-1,4,0,2,3,0,-1,3,5,-1,2,-1,2,-1,5,2,-1,5,1,1,3,4,4,3,1,4,2,3,-1,-1,2,1,4,5,3,4,3,4,4,5,-1,0,4,-1,-1,5,2,5,0
4474.72534817,1,-1,3,5,-1,5,-1,0,4,2,2,4,1,-1,0,-1,0,3,3,-1,3,5,0,2,4,1,2,-1,3,3,1,4,0,0,3,3,2,-1,3,4,4,2,1,3,0,4,-1,2,1,3,2,3,2,4,-1,0,1,4,2,0,0,5,-1,-1,5,2,3,2,5,2,5,5,1,1,0,-1,1,5,5,0,5,4,-1,3,4,-1,-1,4,-1,1
4389.33770013,0,5,0,4,5,1,5,0,-1,-1,3,5,1,1,-1,4,2,3,4,2,5,5,5,2,-1,0,0,1,3,5,3,3,0,4,3,5,0,-1,3,1,0,2,2,5,3,-1,1,1,2,3,-1,0,-1,0,-1,2,-1,-1,0,4,5,-1,3,4,-1,4,4,2,-1,4,-1,5,2,0,0,3,3,0,2,-1,4,3,4,4,-1,2,2,-1,1,1
4625.51105035,2,1,2,3,1,5,0,5,3,-1,0,4,4,1,0,2,0,3,4,2,-1,2,4,2,1,4,5,2,-1,0,3,2,5,1,1,3,0,1,5,2,1,-1,4,-1,4,2,5,0,1,-1,4,-1,-1,4,-1,0,3,4,3,4,-1,2,0,5,5,0,4,0,1,3,4,3,-1,-1,3,5,-1,-1,2,1,-1,3,1,3,2,5,2,-1,1,0
4501.87171027,4,3,-1,5,4,3,0,-1,4,4,2,-1,2,1,5,-1,-1,-1,5,-1,-1,2,2,5,4,4,2,5,5,4,2,0,5,3,-1,3,0,0,3,0,0,3,1,-1,4,1,3,-1,2,3,1,3,0,1,2,2,0,2,4,1,5,4,-1,1,3,-1,1,-1,3,1,-1,2,0,5,-1,1,-1,5,2,3,1,0,0,0,-1,1,0,-1,-1,2
4513.71739555,2,3,0,-1,2,3,1,1,0,3,0,1,-1,4,5,5,4,4,-1,1,1,2,3,0,-1,2,2,2,5,-1,0,3,4,3,-1,1,5,0,-1,1,5,1,5,3,-1,2,5,-1,0,2,1,3,1,4,-1,2,2,4,-1,0,0,4,0,1,4,3,0,-1,3,2,-1,2,-1,0,-1,4,-1,1,5,2,2,4,0,3,-1,4,5,5,0,-1
4417.96477288,3,-1,5,3,1,-1,2,-1,3,-1,3,4,4,4,-1,-1,1,-1,2,3,-1,0,3,-1,-1,1,2,3,-1,2,4,2,2,-1,0,2,1,2,0,0,3,5,2,4,4,-1,0,1,4,4,3,4,1,1,5,1,0,0,2,4,2,3,3,4,0,4,0,-1,1,5,-1,1,1,5,5,0,2,3,4,1,-1,3,5,-1,0,4,0,5,-1,0
4469.54286086,3,-1,2,2,-1,-1,2,5,4,-1,1,-1,0,0,5,-1,0,-1,3,4,2,2,0,0,1,-1,0,3,4,3,4,4,1,4,5,3,5,-1,1,3,2,2,4,4,1,4,2,0,5,-1,-1,5,1,1,3,-1,4,2,3,1,2,0,3,1,3,4,0,5,2,4,2,1,0,5,3,-1,1,5,-1,1,4,1,3,0,-1,0,-1,3,0,4
4433.75901992,5,0,2,0,0,1,-1,2,3,1,4,5,-1,4,2,-1,-1,5,2,1,5,3,0,0,2,3,1,5,3,0,4,1,2,2,3,5,5,5,1,4,-1,-1,-1,1,3,-1,4,2,2,-1,0,3,2,2,1,4,3,-1,0,0,3,-1,-1,-1,4,4,2,3,4,3,3,4,1,3,3,0,1,4,5,4,1,4,1,1,2,5,4,-1,-1,5
4229.66773399,2,1,0,3,-1,5,0,3,-1,-1,-1,-1,5,5,2,4,0,-1,0,1,2,2,3,4,1,-1,2,4,1,3,3,2,0,2,3,4,4,1,0,0,-1,5,5,-1,1,2,-1,-1,1,-1,4,2,1,1,0,4,-1,1,-1,-1,-1,0,3,4,1,-1,4,3,5,-1,1,-1,1,3,3,2,-1,0,-1,1,5,-1,0,4,2,1,-1,5,2,3
4586.02543276,4,0,2,-1,1,0,3,-1,1,5,2,-1,2,5,2,1,3,4,5,4,0,2,2,4,3,2,4,-1,0,3,3,-1,5,1,5,1,4,5,0,0,4,0,2,1,-1,2,1,-1,-1,5,4,4,1,1,3,5,2,0,0,5,3,3,2,4,4,5,2,-1,1,1,4,3,1,3,0,-1,5,5,2,0,3,0,-1,3,-1,-1,1,4,5,2
4734.83685406,-1,3,1,5,5,4,5,3,5,2,1,2,4,4,5,4,5,2,3,2,0,-1,-1,1,0,0,4,4,4,3,5,0,-1,-1,1,0,-1,3,3,-1,4,0,1,-1,3,-1,2,1,1,3,1,4,2,0,0,5,-1,5,0,0,3,2,3,1,2,4,0,3,2,3,4,3,4,1,3,-1,1,-1,1,0,5,-1,1,0,4,2,2,5,4,2
4578.86866457,5,4,-1,0,5,4,1,2,4,2,0,3,3,4,2,0,5,-1,-1,5,5,1,5,4,-1,1,5,1,2,0,-1,1,4,-1,2,3,0,4,-1,-1,4,4,3,3,4,0,1,1,3,5,2,4,3,-1,1,2,2,5,5,4,-1,0,4,2,-1,5,3,-1,0,0,3,2,5,-1,0,1,2,5,4,1,3,1,3,0,3,3,2,1,1,0
4322.95250555,0,2,-1,3,5,1,-1,1,2,3,4,-1,2,3,2,5,3,4,-1,1,-1,0,0,4,4,3,0,4,0,4,5,2,-1,1,-1,2,0,0,1,5,-1,1,0,3,4,4,2,-1,3,5,3,1,0,3,4,-1,-1,5,0,3,-1,3,2,1,-1,-1,5,-1,-1,1,5,3,4,5,0,0,-1,-1,2,2,2,2,4,1,4,1,3,2,-1,4
4570.72475594,1,4,0,5,4,-1,0,0,0,3,2,-1,1,3,1,-1,2,4,5,5,5,1,2,1,4,1,4,3,0,-1,5,0,3,3,-1,1,0,1,2,4,-1,4,3,1,4,2,4,1,-1,2,5,2,3,5,3,-1,-1,5,1,4,5,2,3,4,0,0,0,-1,5,0,2,0,2,0,-1,3,0,-1,4,2,-1,2,5,3,4,1,-1,3,2,-1
4399.45588964,-1,2,3,-1,1,4,-1,0,5,-1,1,1,4,4,-1,3,0,0,0,-1,3,3,0,3,5,0,3,1,4,2,-1,5,1,1,4,1,4,5,0,2,2,2,0,5,5,2,2,5,3,0,2,4,0,2,-1,4,-1,-1,2,4,3,2,5,-1,1,-1,5,4,5,1,1,4,0,1,3,4,3,1,3,-1,3,3,-1,-1,2,-1,2,4,-1,0
4642.78600805,3,2,4,3,-1,0,5,5,0,4,0,1,2,3,-1,1,-1,-1,5,4,2,0,3,3,1,5,0,4,2,3,3,-1,-1,0,1,0,2,3,2,2,0,-1,1,1,5,5,1,4,5,2,2,1,4,-1,2,1,-1,-1,5,1,2,4,2,5,2,0,0,0,4,-1,1,2,0,4,-1,-1,-1,-1,3,0,3,1,5,1,-1,3,3,-1,-1,4
4543.33160874,1,5,3,3,2,2,4,0,3,5,0,5,4,5,-1,2,-1,2,4,4,-1,3,-1,3,2,5,0,4,1,5,3,5,0,-1,5,3,1,1,2,3,-1,0,4,-1,0,1,3,4,-1,1,-1,0,2,3,1,1,4,0,3,3,4,0,4,5,0,1,2,2,-1,0,0,5,2,1,-1,5,5,0,3,4,4,2,4,5,1,4,1,-1,3,-1
4631.92746321,5,4,1,3,5,-1,5,5,-1,2,1,-1,4,0,4,0,2,5,1,-1,2,3,5,1,4,5,2,4,2,4,1,2,2,3,5,0,3,3,-1,3,0,3,1,1,1,2,-1,5,1,3,-1,-1,0,3,-1,2,3,2,-1,1,-1,2,4,0,2,4,1,0,-1,-1,4,5,5,0,4,0,4,1,0,-1,0,2,3,1,-1,0,5,1,1,5
4629.95318233,1,1,0,0,0,0,3,1,3,2,-1,-1,2,4,-1,5,4,4,5,2,0,1,4,4,-1,4,3,3,0,3,3,4,0,5,-1,5,3,-1,0,5,5,5,2,2,2,3,0,4,3,-1,1,1,1,1,2,2,4,2,5,1,5,0,-1,2,5,2,-1,3,3,1,3,0,-1,1,5,0,-1,5,3,3,5,2,0,1,2,1,4,1,4,-1
4252.86553433,0,0,0,2,5,0,-1,3,4,2,4,5,-1,5,0,0,5,5,3,3,3,-1,5,4,2,3,2,0,4,2,-1,0,-1,5,4,1,0,4,-1,3,4,3,2,1,-1,4,4,0,3,0,2,1,1,-1,-1,4,1,-1,1,4,5,-1,3,4,0,-1,4,-1,3,1,-1,1,-1,2,-1,3,-1,1,2,3,3,2,2,2,-1,1,-1,1,4,5
4521.61451906,1,-1,4,5,2,1,5,2,3,3,4,-1,2,2,2,5,0,4,2,0,0,0,3,-1,5,5,5,3,2,4,-1,5,4,1,5,-1,4,1,5,-1,1,-1,3,5,1,4,2,-1,0,-1,4,0,5,1,-1,5,2,0,0,-1,2,3,3,4,1,4,0,1,0,0,-1,1,2,-1,-1,3,1,3,3,3,2,4,0,3,2,1,0,3,4,0
4603.79396068,3,2,4,2,0,-1,5,5,4,5,1,1,3,-1,0,3,3,-1,4,0,4,-1,-1,1,4,-1,0,2,5,4,-1,-1,4,1,5,2,3,3,-1,2,5,5,0,0,0,3,-1,-1,5,-1,1,2,3,2,4,3,-1,2,2,0,3,3,4,1,2,3,1,0,2,5,2,4,1,4,1,0,-1,-1,0,1,2,5,4,1,5,0,2,-1,4,3
4620.32856304,1,5,2,1,0,1,4,5,-1,3,2,0,-1,-1,4,5,0,2,5,-1,1,5,2,-1,4,5,1,0,3,3,1,3,0,5,3,4,3,2,0,-1,-1,0,4,2,1,4,3,5,4,5,5,4,2,3,-1,0,-1,2,-1,2,-1,-1,4,0,3,0,1,5,3,2,1,2,2,0,2,1,5,-1,3,1,4,3,5,0,-1,3,4,1,4,0
4493.97458675,1,3,1,-1,4,-1,5,4,1,4,3,0,-1,2,3,0,5,3,3,1,5,0,1,5,1,1,0,5,-1,3,0,-1,1,4,2,0,3,2,3,0,-1,4,0,5,-1,-1,3,2,-1,2,5,2,4,1,-1,-1,0,2,2,0,4,0,2,2,2,4,4,3,-1,5,1,2,1,-1,3,-1,5,1,3,4,4,1,-1,5,4,4,0,3,2,0
4586.27221787,5,4,0,-1,2,1,4,-1,3,1,1,4,2,1,2,2,5,3,4,2,5,1,0,1,3,-1,3,2,1,1,-1,2,5,-1,0,4,5,-1,3,-1,5,2,-1,5,4,0,0,0,-1,3,-1,-1,4,5,-1,5,3,-1,3,5,2,0,2,3,3,3,3,1,4,1,0,4,0,0,2,5,1,0,2,4,2,1,4,0,5,4,-1,0,4,1
4461.15216713,-1,1,-1,0,2,2,2,5,5,2,3,0,-1,0,0,3,1,2,-1,0,4,4,-1,3,1,0,4,-1,3,4,0,4,3,0,1,-1,2,4,5,4,4,5,-1,-1,-1,0,-1,3,1,3,5,0,0,3,0,5,2,-1,1,3,1,3,2,-1,5,2,5,5,2,1,5,3,2,3,3,3,-1,5,2,4,4,2,-1,1,4,1,5,4,4,4
4428.57653261,2,3,4,2,5,-1,3,4,5,5,2,2,-1,2,0,1,0,3,-1,-1,4,1,4,-1,5,5,-1,4,0,3,-1,-1,2,4,-1,0,0,2,5,4,-1,0,4,4,1,0,3,1,0,0,3,-1,4,3,5,-1,5,3,0,3,0,-1,1,1,5,3,4,5,-1,0,3,5,2,-1,-1,2,-1,1,2,5,1,4,1,2,1,0,1,3,1,1
4503.35242093,5,3,3,5,0,-1,3,2,2,5,4,-1,4,1,3,1,0,0,3,4,0,0,4,2,1,4,1,-1,4,2,-1,2,0,-1,4,1,4,3,-1,3,5,1,0,1,3,3,5,4,0,1,0,-1,5,-1,1,0,1,5,3,4,2,4,4,-1,-1,2,-1,5,2,2,-1,3,5,-1,3,5,-1,5,-1,0,4,3,3,0,3,5,1,2,1,2
4135.14903688,1,5,0,1,1,5,1,1,3,-1,3,5,3,5,4,2,-1,2,3,1,3,3,-1,1,2,2,0,4,-1,4,0,1,3,0,2,5,1,2,0,1,-1,-1,-1,2,-1,2,5,-1,1,-1,-1,-1,-1,0,5,-1,2,4,-1,4,-1,-1,5,5,2,3,1,3,2,1,5,3,4,3,3,-1,3,2,0,-1,5,3,0,4,5,4,4,0,-1,4
4456.21646493,5,5,-1,2,4,1,5,3,3,1,-1,3,-1,5,5,0,3,5,3,2,3,2,-1,1,-1,2,-1,1,0,1,5,2,-1,5,-1,3,4,3,4,4,0,5,1,0,0,-1,0,1,3,-1,0,3,1,5,1,2,4,2,-1,0,-1,4,2,2,0,5,1,0,2,5,3,1,2,4,-1,2,4,0,0,3,3,4,-1,4,0,4,3,1,4,-1
4570.72475594,0,3,1,2,3,1,5,2,2,5,2,1,-1,3,5,0,3,-1,-1,0,3,0,1,-1,1,2,2,4,2,5,2,4,0,3,5,5,0,4,-1,1,-1,0,4,4,1,2,5,-1,0,-1,0,3,5,5,2,-1,4,4,-1,4,0,3,4,4,2,4,1,3,-1,1,2,5,0,5,4,5,1,5,1,4,4,3,2,0,-1,0,2,3,-1,3
4540.61697253,5,-1,1,5,-1,0,2,4,-1,3,2,1,3,2,5,4,4,-1,0,2,2,0,2,0,5,2,-1,-1,1,0,1,3,3,4,5,2,3,5,0,4,-1,1,0,3,3,4,3,1,-1,4,2,0,-1,0,3,1,-1,4,0,1,1,5,1,4,5,5,5,0,0,-1,0,5,4,2,2,1,-1,3,5,1,-1,4,-1,4,5,-1,3,-1,1,4
4496.44243785,0,2,-1,-1,0,3,-1,0,5,0,5,4,0,3,3,0,3,2,1,2,4,2,-1,-1,3,2,1,4,4,1,3,3,-1,1,-1,0,1,4,3,5,1,1,2,-1,5,3,2,0,5,1,3,-1,5,0,2,3,5,2,4,2,-1,-1,1,4,1,5,4,5,0,-1,5,-1,4,-1,4,4,5,5,1,4,-1,1,5,2,4,4,0,1,2,2
4505.82027203,-1,4,4,5,4,-1,3,3,3,1,0,3,4,1,4,3,4,2,-1,2,4,-1,5,2,3,1,0,5,0,1,0,3,5,4,5,5,2,2,4,4,-1,-1,0,-1,0,2,2,2,-1,1,-1,3,3,-1,1,0,3,3,2,-1,4,0,5,5,5,3,1,0,5,-1,-1,4,3,2,-1,2,0,0,-1,1,2,4,-1,-1,2,-1,5,1,0,0
4283.71367307,5,1,2,-1,1,2,4,-1,2,4,3,5,1,0,-1,-1,2,5,4,4,5,2,3,-1,2,-1,5,1,1,2,0,4,0,3,0,-1,5,2,1,-1,5,1,-1,0,-1,4,-1,-1,0,5,-1,1,-1,3,-1,0,0,4,0,2,5,3,-1,3,4,0,4,3,3,5,1,-1,4,2,1,-1,3,4,2,4,2,5,4,2,1,1,0,1,-1,5
4438.94150723,0,0,-1,4,2,4,5,3,2,-1,2,3,5,1,1,1,2,0,2,-1,2,3,-1,2,4,-1,1,2,2,4,3,1,0,1,0,2,1,-1,3,-1,3,-1,-1,5,-1,5,3,5,-1,5,4,-1,4,3,4,3,0,0,4,1,4,3,3,3,5,4,2,0,1,1,5,0,2,5,3,4,0,0,0,1,1,5,-1,-1,2,-1,1,2,4,5
4514.70453599,2,2,2,1,3,0,1,0,-1,0,1,3,-1,2,-1,5,4,1,3,0,4,2,4,3,3,4,0,2,4,5,1,1,4,-1,-1,-1,0,4,-1,2,2,1,3,3,1,4,1,0,-1,-1,-1,0,0,4,1,2,1,5,4,0,5,2,4,1,2,5,0,3,-1,-1,-1,4,2,3,0,3,-1,4,-1,1,0,3,2,5,5,5,-1,5,3,2
4755.07323308,4,2,1,-1,1,-1,-1,4,5,5,0,-1,2,0,3,3,3,3,4,0,5,3,-1,4,-1,2,2,1,1,0,5,2,5,0,5,1,2,1,0,5,-1,1,4,1,4,5,-1,4,2,0,-1,-1,4,2,2,5,3,1,2,1,2,3,0,2,4,1,0,5,-1,4,-1,0,4,1,3,4,3,3,3,0,0,1,0,2,-1,3,1,0,-1,4
4466.58143955,2,5,3,-1,1,4,5,4,0,2,3,2,-1,0,-1,0,-1,1,4,-1,5,5,-1,4,3,4,4,4,2,1,3,-1,3,4,0,3,1,2,3,-1,4,2,5,0,0,2,1,2,0,0,-1,5,1,1,-1,1,3,5,1,5,3,3,5,0,4,1,1,1,-1,-1,2,2,5,-1,3,5,2,5,0,1,2,0,-1,5,4,4,-1,2,3,-1
4508.78169335,2,0,2,3,-1,4,1,0,-1,3,-1,3,3,1,3,5,5,0,3,0,4,2,4,-1,1,5,4,5,4,2,3,1,1,4,3,5,1,2,3,-1,0,-1,2,1,1,3,5,4,4,3,0,4,5,1,4,1,0,5,0,5,2,0,5,5,4,0,1,2,-1,2,-1,5,-1,3,-1,-1,-1,1,5,-1,1,4,-1,0,2,3,2,0,-1,0
4438.44793701,4,0,5,3,2,1,2,0,0,4,1,0,1,2,-1,2,5,-1,2,5,1,3,2,1,4,-1,3,5,5,2,4,1,4,4,3,2,2,2,-1,0,3,0,-1,3,5,0,0,-1,3,5,0,3,1,3,4,4,5,5,5,3,-1,1,3,-1,4,5,2,2,0,4,5,1,-1,-1,0,3,0,5,2,4,5,3,1,-1,1,-1,-1,3,-1,3
4566.52940908,0,0,2,5,0,3,4,1,4,3,4,3,4,-1,4,-1,4,2,3,3,-1,5,2,-1,2,4,0,-1,3,0,1,4,1,5,1,1,2,-1,3,0,1,4,-1,5,3,4,4,-1,-1,2,-1,5,2,1,3,1,2,-1,-1,2,0,4,3,-1,5,-1,0,1,5,0,0,-1,1,5,5,0,4,1,2,3,2,0,3,3,1,2,4,-1,-1,5
4719.53617724,2,5,4,5,5,0,0,0,0,4,3,-1,-1,3,3,4,1,-1,1,0,-1,1,5,1,4,3,3,5,-1,1,2,2,1,4,2,4,4,0,2,3,5,4,3,-1,3,1,-1,3,2,1,4,5,-1,1,4,2,1,0,-1,-1,2,0,0,-1,5,5,3,1,5,5,-1,4,3,1,5,0,1,2,0,3,3,-1,2,2,2,0,0,4,3,5
4695.10445136,2,5,5,0,0,4,3,-1,-1,3,0,2,3,5,5,2,0,5,0,2,2,-1,4,-1,1,1,0,1,4,1,5,4,2,1,-1,3,2,-1,5,3,2,4,-1,2,3,0,3,3,3,1,1,5,0,-1,1,3,3,-1,0,4,0,0,4,-1,4,3,1,1,0,-1,2,0,1,1,2,1,5,4,-1,-1,4,2,-1,4,4,0,5,5,3,4
4617.12035662,0,1,4,5,1,-1,1,2,0,0,2,4,-1,5,5,2,-1,-1,-1,3,4,2,-1,3,0,-1,4,3,5,3,2,2,3,4,4,4,3,2,5,3,1,0,1,5,5,4,0,1,0,-1,0,5,1,4,4,2,5,3,1,2,0,1,2,1,2,3,1,3,-1,1,0,3,0,-1,5,2,-1,2,-1,5,3,2,1,0,4,0,-1,5,5,3
4651.67027201,0,1,4,5,2,-1,1,-1,2,3,3,4,3,2,-1,5,5,4,-1,1,3,2,-1,3,3,2,-1,2,2,1,0,0,0,1,-1,0,1,-1,-1,1,1,5,-1,-1,3,3,2,4,5,4,3,3,5,5,0,4,1,3,1,2,5,0,2,3,5,1,2,0,0,2,1,1,0,4,-1,-1,5,2,1,4,4,5,0,-1,5,2,2,0,-1,4
4710.40512818,5,4,4,-1,4,2,1,3,-1,5,-1,5,3,-1,3,-1,0,-1,2,-1,-1,2,3,1,4,1,2,2,2,1,0,1,-1,0,1,2,3,4,2,5,3,4,1,5,4,3,2,5,5,-1,0,1,2,0,2,0,4,5,3,0,1,5,4,4,-1,0,3,1,3,0,3,2,1,5,1,-1,3,4,5,-1,1,2,0,0,2,4,3,0,0,4
4296.29971368,3,0,0,0,0,2,5,1,0,-1,4,4,3,0,0,2,1,3,1,1,5,0,5,1,-1,3,1,2,-1,5,3,2,2,1,-1,-1,1,2,2,5,4,-1,5,-1,5,1,4,2,0,3,-1,5,0,1,1,5,1,2,1,0,4,3,-1,5,0,2,-1,2,-1,3,4,4,3,-1,2,-1,4,3,4,5,3,-1,5,5,0,0,-1,3,-1,-1
4632.17424832,5,-1,1,2,3,4,-1,2,1,2,0,5,0,4,2,3,-1,0,4,-1,3,2,-1,0,4,5,3,-1,1,2,0,3,2,-1,5,3,2,-1,-1,0,-1,2,3,2,5,0,0,4,3,1,3,1,4,0,5,5,5,5,1,1,3,0,5,0,4,1,-1,1,-1,0,1,3,5,1,4,-1,-1,-1,2,2,-1,1,3,0,4,4,3,1,1,4
4475.4657035,-1,-1,0,4,4,5,5,1,4,2,-1,4,1,0,3,5,5,0,3,-1,1,1,4,2,-1,4,1,-1,-1,4,-1,2,3,-1,0,0,5,4,0,2,3,2,3,1,1,5,0,-1,2,1,1,5,-1,1,2,-1,-1,2,4,4,3,3,5,4,2,3,0,-1,1,-1,2,5,1,1,-1,0,0,4,5,3,1,5,4,0,3,2,4,3,2,3
4425.36832618,0,1,-1,1,1,1,2,3,0,2,2,4,1,2,5,-1,2,3,-1,-1,1,0,3,-1,-1,-1,2,4,-1,1,-1,1,5,2,1,3,-1,3,5,0,-1,4,4,-1,0,0,0,3,5,4,-1,1,-1,3,0,0,-1,-1,1,2,2,0,-1,2,3,2,0,4,1,4,4,3,2,-1,0,4,5,-1,4,4,3,1,4,-1,5,-1,2,0,-1,5
4541.85089808,5,-1,1,5,0,-1,1,2,1,-1,-1,3,-1,0,0,5,3,0,5,0,1,2,1,0,0,1,5,-1,3,5,5,5,-1,4,5,0,0,5,0,4,2,1,2,3,-1,4,4,4,3,2,4,5,4,2,-1,-1,-1,4,2,4,1,1,1,1,-1,3,3,3,-1,4,2,-1,3,0,-1,4,2,4,1,0,2,3,5,3,2,1,0,3,4,3
4553.69658336,5,3,3,1,1,5,0,1,0,-1,5,-1,3,0,4,2,4,-1,-1,3,1,3,5,3,0,4,-1,1,4,3,5,-1,-1,5,1,4,3,2,-1,4,3,2,0,1,2,3,5,0,5,2,2,-1,1,2,1,4,1,-1,0,2,0,4,3,1,0,4,-1,3,-1,4,4,2,0,-1,2,5,3,1,2,1,-1,2,-1,-1,5,0,3,2,5,0
4580.10259012,4,1,2,2,1,3,1,0,4,2,0,3,1,-1,5,5,-1,0,3,0,5,2,0,0,2,4,3,2,1,5,2,2,-1,1,4,1,4,-1,4,3,-1,0,-1,2,0,2,3,3,-1,3,1,5,3,2,-1,-1,3,5,-1,4,3,2,0,-1,0,-1,2,1,-1,5,3,3,5,5,5,0,0,1,4,1,4,4,-1,5,1,-1,-1,-1,1,4
4581.08973056,1,-1,3,0,3,1,2,-1,0,2,3,2,4,5,-1,4,-1,0,4,5,4,0,-1,-1,1,2,4,2,1,2,0,1,-1,4,3,4,1,4,-1,5,3,3,3,4,0,1,5,1,1,5,4,0,0,5,-1,5,4,-1,5,1,3,1,-1,2,2,5,2,-1,0,1,5,0,3,0,5,3,2,3,2,1,-1,5,2,0,5,-1,-1,1,0,2
4700.04015356,1,-1,0,2,3,0,1,2,2,4,1,0,5,-1,5,3,-1,-1,3,3,2,1,5,4,0,-1,3,-1,2,5,2,0,3,3,4,4,3,2,-1,1,2,0,2,2,1,4,5,5,-1,2,4,5,-1,1,4,-1,1,1,0,0,1,5,-1,1,2,2,4,0,-1,1,0,0,-1,4,4,3,3,4,-1,3,0,5,1,0,4,4,3,1,3,5
4676.10199789,5,-1,2,-1,0,3,4,-1,5,5,5,0,5,4,-1,-1,0,4,2,1,4,1,-1,2,4,5,4,5,1,-1,2,0,1,5,3,2,-1,0,1,4,3,5,3,0,-1,0,3,3,0,3,0,4,2,4,1,2,5,2,2,3,3,-1,0,3,4,5,1,-1,1,4,2,1,0,5,4,2,2,-1,3,1,1,1,-1,1,-1,0,3,0,4,1
4170.68609271,-1,2,2,-1,4,1,1,-1,0,4,4,4,0,0,3,3,0,4,0,5,1,4,2,-1,-1,4,1,-1,1,4,-1,1,-1,3,-1,-1,-1,0,1,5,2,-1,3,4,0,4,1,0,0,3,0,5,0,2,1,2,3,-1,1,3,5,3,5,3,-1,4,0,5,1,-1,-1,-1,4,2,5,5,5,2,-1,-1,2,4,-1,-1,-1,3,-1,0,2,3
4581.58330078,4,2,4,0,2,-1,-1,0,4,-1,2,1,2,5,0,2,1,4,2,2,3,5,5,0,3,3,-1,-1,-1,-1,0,4,1,-1,5,2,2,5,3,3,5,0,-1,-1,3,3,2,4,1,0,4,4,1,2,5,3,0,1,3,3,4,1,5,2,4,3,-1,5,0,1,0,3,3,1,-1,3,1,-1,5,2,0,1,0,4,-1,4,3,4,1,2
4639.82458673,5,0,5,4,1,4,5,3,2,4,0,3,5,1,5,0,1,3,-1,-1,2,5,0,0,2,0,4,2,2,1,-1,2,0,4,5,-1,-1,1,5,5,-1,3,3,2,3,4,3,5,1,2,3,4,0,1,-1,2,5,4,1,5,-1,0,1,1,-1,2,0,2,1,2,1,5,3,3,2,4,3,0,0,-1,3,1,4,0,-1,-1,4,-1,0,4
4448.0725563,5,-1,1,5,5,4,3,5,4,0,2,3,5,2,2,5,2,-1,1,5,1,0,-1,-1,0,3,1,5,4,2,1,-1,0,0,5,0,2,4,5,0,4,2,0,-1,3,1,4,-1,2,4,-1,4,3,4,2,4,0,-1,3,4,5,5,1,0,-1,1,3,-1,-1,2,3,2,2,1,3,4,2,-1,4,4,1,-1,1,3,1,3,5,1,-1,-1
4530.49878302,3,0,0,5,1,1,5,1,0,2,3,0,1,0,1,2,0,-1,-1,4,5,0,-1,1,-1,3,-1,2,3,0,2,2,1,3,3,-1,0,2,0,5,4,4,-1,4,1,1,0,-1,0,4,4,3,1,3,3,3,-1,2,4,2,-1,2,5,3,1,4,4,3,0,5,4,5,5,1,2,3,2,4,4,1,5,-1,4,5,4,2,-1,5,5,-1
4508.78169335,3,0,-1,0,5,0,1,4,5,-1,2,0,2,1,-1,-1,5,1,4,3,0,4,3,4,1,2,1,0,1,4,-1,5,3,4,4,-1,2,1,-1,0,-1,-1,5,0,3,2,2,1,4,-1,5,1,3,2,4,-1,2,-1,3,1,2,3,0,-1,3,-1,5,2,3,3,3,2,4,2,-1,0,-1,-1,5,4,1,1,0,4,-1,4,1,4,2,0
4576.89438369,0,1,5,0,1,1,-1,2,5,3,-1,1,4,1,5,0,5,4,4,-1,2,2,4,-1,-1,3,2,1,4,0,2,2,1,-1,1,5,0,5,5,1,-1,4,1,5,0,3,5,3,2,-1,2,4,4,0,1,0,3,3,0,2,-1,3,4,-1,2,5,4,4,4,1,2,-1,0,3,3,-1,5,0,-1,2,-1,0,0,4,5,2,0,3,3,2
4324.68000132,1,0,3,1,2,2,5,3,-1,3,3,3,0,5,2,2,2,0,3,-1,4,-1,0,4,5,4,0,-1,0,4,1,4,5,-1,2,3,-1,3,1,-1,-1,-1,5,-1,-1,3,0,3,-1,5,5,-1,4,2,-1,1,2,0,1,4,5,-1,2,5,1,0,2,1,0,1,0,1,3,1,-1,5,-1,0,4,-1,4,2,3,4,4,-1,3,4,5,0
4711.88583884,3,-1,-1,0,2,-1,0,1,4,4,5,4,3,-1,3,3,1,5,3,0,1,5,3,5,4,1,3,2,-1,3,2,5,1,4,2,5,4,-1,3,-1,4,5,-1,0,2,0,-1,0,5,1,1,0,-1,3,1,2,2,2,3,4,2,0,2,-1,4,1,5,5,0,2,1,4,1,1,0,0,4,2,-1,3,0,3,2,5,5,4,3,-1,0,1
4371.56917221,2,3,-1,2,5,0,-1,4,0,4,1,3,3,0,0,-1,4,2,4,-1,5,4,4,0,2,0,0,0,-1,4,1,0,3,1,5,2,1,5,5,2,5,-1,-1,3,-1,2,-1,-1,3,0,5,4,-1,2,3,-1,1,4,0,3,0,1,0,2,-1,-1,4,-1,1,5,3,1,2,1,3,1,3,5,5,-1,3,-1,5,4,3,-1,1,-1,4,2
4440.91578811,3,2,0,-1,4,3,2,5,3,5,3,2,-1,4,1,-1,5,1,-1,5,5,-1,3,0,3,-1,2,-1,2,1,2,0,-1,1,4,2,4,-1,3,4,1,3,2,1,-1,0,-1,0,-1,-1,2,1,0,5,3,-1,5,4,5,-1,2,3,2,0,0,5,0,3,1,2,4,2,1,0,-1,1,5,0,-1,5,4,4,0,5,0,4,3,5,1,4
4506.06705714,-1,1,4,-1,4,5,-1,1,5,5,2,4,0,3,5,0,4,1,1,-1,-1,2,3,-1,1,-1,-1,2,-1,2,-1,5,-1,-1,2,0,-1,1,5,1,3,3,-1,0,3,3,-1,2,5,1,3,5,4,1,5,2,4,3,1,-1,2,2,4,3,4,0,0,0,0,0,0,1,2,-1,0,2,3,2,5,0,4,1,5,5,0,2,4,3,5,1
4560.11299622,5,0,3,1,0,-1,-1,4,5,-1,1,1,5,2,-1,4,5,2,-1,4,2,5,1,1,2,3,4,2,5,5,0,5,1,4,-1,2,3,3,4,-1,3,2,1,1,1,4,4,-1,4,5,-1,3,-1,3,0,2,0,-1,1,2,0,5,5,5,2,4,-1,-1,0,3,3,2,2,3,1,3,0,4,3,0,0,-1,0,4,4,5,0,5,1,3
4568.75047506,2,3,-1,3,1,4,5,2,0,1,5,5,5,4,5,1,4,4,0,2,3,0,3,-1,3,1,0,0,1,5,3,-1,2,-1,1,-1,4,3,1,0,-1,5,0,-1,2,4,0,3,1,2,3,2,2,0,2,5,0,3,-1,4,4,-1,4,-1,5,-1,1,4,-1,1,5,2,2,0,-1,1,2,1,3,1,4,0,-1,5,3,-1,4,1,2,0
4510.26240401,2,3,-1,4,1,-1,2,1,2,0,-1,-1,5,3,3,-1,1,1,1,-1,2,4,3,1,4,-1,-1,1,0,-1,3,0,5,4,2,-1,2,2,2,0,3,3,-1,5,2,0,0,-1,3,3,0,3,-1,0,4,5,4,-1,0,0,2,0,2,5,0,1,0,4,-1,4,0,2,-1,-1,-1,1,1,3,5,4,2,5,1,1,-1,4,-1,1,2,4
4736.56434983,4,3,3,5,2,0,0,4,2,1,2,-1,0,2,5,3,1,4,0,1,-1,1,3,1,5,3,1,1,0,2,4,-1,3,1,4,-1,0,0,4,5,5,-1,0,4,1,2,1,2,3,5,2,2,4,3,4,3,0,5,2,4,4,4,2,-1,5,0,5,3,-1,3,5,-1,1,5,-1,0,0,0,0,3,2,1,-1,1,1,5,-1,5,-1,3
4448.81291163,-1,0,0,2,1,3,-1,-1,0,2,5,-1,3,1,3,0,2,0,4,-1,4,2,-1,1,5,4,3,4,-1,3,4,1,0,-1,3,4,0,1,-1,1,3,2,-1,5,-1,4,0,2,1,2,5,-1,0,1,-1,0,1,3,1,2,-1,1,5,4,1,1,3,3,5,4,2,3,0,2,4,4,2,5,2,2,4,-1,0,5,5,5,3,5,5,4
4541.11054275,5,-1,-1,5,2,4,3,-1,5,3,2,5,-1,1,2,3,2,-1,4,-1,4,0,0,0,3,0,1,2,4,0,0,4,-1,1,1,3,1,4,1,-1,5,5,-1,4,0,4,1,2,0,2,0,4,2,3,5,0,3,-1,2,3,-1,2,4,5,1,1,-1,5,4,4,2,0,-1,3,1,1,-1,2,-1,3,3,0,1,0,-1,-1,0,4,4,3
4522.84844461,-1,2,1,0,1,3,2,1,0,2,0,4,1,4,-1,5,3,-1,0,3,2,4,2,4,1,5,0,0,0,-1,-1,-1,4,1,1,-1,2,2,4,5,0,3,5,3,2,4,3,3,-1,-1,1,3,1,-1,-1,-1,5,-1,4,0,2,0,3,2,5,1,0,5,3,4,3,3,3,2,-1,4,-1,4,0,4,1,5,-1,0,1,5,0,0,5,1
4031.25250559,4,-1,-1,3,2,-1,-1,0,0,3,2,5,1,5,4,0,0,5,3,1,5,4,5,1,-1,-1,-1,2,1,4,-1,3,-1,-1,2,5,-1,1,3,1,4,-1,2,0,-1,5,-1,-1,1,0,3,2,3,5,1,2,-1,5,3,-1,-1,-1,4,4,-1,-1,3,0,0,1,5,0,4,5,3,-1,1,4,-1,4,2,3,0,1,2,2,4,3,3,-1
4789.86993358,2,2,2,4,4,1,0,-1,1,3,0,2,0,4,-1,3,5,5,-1,0,1,4,4,-1,1,1,1,5,2,3,3,5,5,-1,2,-1,1,1,-1,1,3,2,2,0,0,0,0,1,3,4,3,3,2,0,4,4,3,0,1,2,-1,5,0,0,-1,0,4,-1,-1,4,1,5,3,5,2,2,-1,3,3,5,-1,1,2,0,4,5,4,-1,5,0
4476.69962905,3,0,3,2,2,-1,4,5,5,2,3,1,5,2,-1,4,0,4,1,2,4,1,2,2,4,1,-1,3,0,2,1,-1,3,5,0,3,3,-1,-1,0,-1,-1,1,5,-1,2,0,5,2,-1,3,3,0,3,-1,0,3,4,4,5,4,4,4,0,0,-1,2,3,1,5,1,1,1,2,5,5,0,-1,4,3,-1,1,-1,-1,1,0,2,1,0,-1
4621.31570348,5,4,2,5,1,4,1,5,5,-1,5,0,4,1,2,-1,0,4,3,3,2,4,5,2,5,1,0,5,3,2,2,3,-1,3,-1,0,2,2,5,3,0,-1,-1,1,4,2,4,1,2,0,-1,4,-1,3,0,1,5,-1,5,-1,1,0,3,3,3,3,3,-1,2,2,-1,0,0,4,-1,1,3,5,1,-1,3,1,0,3,-1,4,5,0,4,1
4607.24895222,3,5,0,4,5,4,3,3,-1,5,3,1,1,2,1,5,1,5,2,-1,3,3,3,0,1,1,4,5,1,2,4,5,3,2,2,2,0,-1,-1,0,4,-1,0,3,-1,3,5,4,2,0,4,-1,4,1,1,5,-1,-1,2,3,2,-1,-1,4,1,0,0,4,0,2,-1,1,0,2,5,2,3,-1,1,2,0,0,-1,4,-1,1,3,4,5,-1
4643.27957827,0,0,2,3,1,0,-1,1,3,2,0,5,1,4,-1,-1,1,4,0,2,5,-1,-1,-1,-1,4,5,3,2,3,5,0,5,2,-1,2,-1,3,-1,4,1,4,1,2,2,3,3,0,5,-1,0,3,2,1,1,1,-1,3,3,1,5,5,3,0,1,4,-1,4,4,4,5,1,0,4,0,3,2,2,3,2,2,2,3,5,4,0,4,4,5,-1
4484.34996746,5,2,3,2,1,0,3,4,5,0,4,-1,3,-1,0,-1,-1,3,0,-1,3,4,-1,4,5,2,0,2,3,1,-1,1,5,2,4,5,4,2,4,4,-1,-1,5,3,3,1,1,3,4,0,2,1,1,1,4,1,4,0,0,2,5,0,-1,1,3,-1,4,-1,5,2,5,5,2,-1,0,5,0,3,1,3,0,2,1,-1,1,3,2,2,-1,-1
4628.22568656,5,3,2,2,1,-1,4,0,-1,3,2,0,4,3,2,3,2,0,1,4,5,0,0,-1,4,1,4,4,2,0,-1,-1,1,5,1,-1,4,4,3,0,-1,-1,3,0,4,0,2,0,1,0,1,-1,5,5,1,3,-1,5,2,2,2,2,-1,5,3,5,-1,-1,-1,4,1,3,4,2,3,1,5,3,0,3,4,3,1,4,2,5,1,-1,1,2
4117.62729407,-1,2,1,3,5,3,2,0,2,-1,4,3,4,-1,0,5,-1,5,-1,5,2,-1,3,1,4,2,4,-1,0,1,1,3,0,4,3,-1,1,2,3,1,3,4,5,-1,-1,5,0,3,1,-1,2,2,4,4,1,-1,3,-1,1,-1,2,2,4,0,5,-1,4,4,0,5,1,0,5,-1,2,-1,-1,0,4,-1,-1,3,4,2,1,1,1,4,5,5
4333.31748017,0,0,-1,-1,1,3,0,1,1,-1,5,3,-1,5,-1,-1,1,4,1,4,0,-1,5,5,0,2,4,1,5,2,2,-1,1,2,3,5,4,4,5,0,2,1,2,4,5,4,1,0,0,3,4,-1,4,5,-1,4,-1,3,3,1,5,5,-1,-1,-1,5,2,4,-1,3,4,2,5,2,1,0,2,-1,0,0,3,-1,3,-1,2,0,-1,3,2,4
4615.14607574,-1,5,1,2,3,-1,-1,-1,0,0,0,3,1,0,2,4,-1,4,1,1,1,1,2,5,3,4,2,3,4,2,5,2,5,1,3,4,4,2,0,3,-1,4,1,1,-1,1,-1,4,-1,4,0,4,3,3,2,5,-1,5,0,-1,3,5,2,2,4,1,0,3,4,-1,3,-1,0,0,5,0,-1,4,3,2,5,3,-1,5,1,1,0,2,5,5
4483.36282702,0,0,4,5,-1,2,0,1,3,5,2,2,4,3,2,-1,1,3,4,1,-1,2,5,5,4,0,2,1,3,5,3,3,1,1,2,-1,0,3,2,-1,4,5,4,0,-1,5,5,4,4,-1,0,-1,1,0,-1,4,1,5,4,-1,1,5,0,-1,1,3,3,5,1,2,3,3,0,0,2,5,0,0,2,4,3,4,-1,3,1,-1,-1,0,4,0
4302.71612654,-1,4,5,2,3,2,-1,4,2,0,2,-1,-1,4,-1,3,1,0,3,-1,0,3,5,4,1,0,1,1,5,1,-1,3,4,4,3,-1,0,5,4,4,5,-1,5,1,2,5,5,-1,-1,5,5,4,1,1,-1,4,3,4,0,3,1,0,-1,-1,0,2,0,2,0,2,2,1,3,2,4,-1,3,5,2,3,-1,3,4,3,2,5,1,0,1,1
4538.14912143,5,2,0,1,1,3,5,-1,2,2,3,-1,3,1,1,5,-1,4,2,0,3,3,4,-1,0,0,3,-1,0,5,3,0,-1,5,0,4,3,2,-1,0,2,-1,2,4,1,2,0,1,4,3,5,4,0,5,4,1,-1,1,2,3,3,-1,2,4,1,4,0,-1,-1,2,1,0,4,5,1,2,5,4,4,-1,5,3,5,1,-1,3,5,4,-1,5
4510.0156189,4,2,1,0,1,3,5,3,0,4,1,1,4,2,3,3,5,0,0,2,5,2,3,0,3,2,-1,5,-1,0,4,2,5,5,2,0,0,-1,0,-1,4,4,2,0,-1,1,4,-1,-1,0,0,4,2,1,1,4,4,5,5,-1,-1,1,3,1,1,1,-1,2,3,1,-1,5,-1,2,2,-1,2,4,1,-1,3,-1,0,5,3,5,3,-1,-1,4
4584.29793699,5,-1,4,3,2,-1,1,0,5,4,5,5,0,2,5,4,0,5,2,1,4,4,1,-1,5,0,-1,2,5,2,2,0,4,-1,4,-1,-1,-1,3,0,5,3,-1,4,2,0,1,2,3,1,1,3,2,4,5,-1,0,2,-1,-1,0,-1,5,3,2,3,0,1,-1,2,1,1,5,3,0,3,5,3,2,4,1,3,4,0,3,0,4,3,4,3
4366.1398998,2,-1,2,4,1,2,1,-1,0,0,-1,-1,3,1,-1,1,5,0,3,-1,-1,5,-1,1,5,2,1,1,4,-1,-1,4,0,1,0,5,3,3,-1,-1,0,0,-1,1,5,4,2,4,2,0,5,3,-1,1,-1,5,5,4,2,4,2,4,4,2,0,1,3,3,2,3,5,4,5,3,3,4,1,0,3,4,0,0,-1,-1,3,1,2,3,2,3
4564.5551282,3,5,3,-1,1,3,3,4,4,-1,-1,-1,2,0,1,3,3,-1,2,0,3,-1,-1,5,-1,1,3,2,-1,5,0,5,3,-1,1,4,-1,4,-1,2,4,2,0,-1,2,1,2,5,1,0,1,4,4,3,4,0,2,0,3,2,5,0,-1,2,1,3,5,4,1,1,0,-1,0,4,0,0,5,-1,2,1,4,4,3,2,2,5,5,5,5,1
4601.32610958,0,0,5,4,3,2,4,0,-1,1,5,5,0,3,4,-1,4,0,0,-1,4,1,3,5,4,3,1,0,2,-1,5,4,-1,4,5,1,3,1,4,3,0,1,2,-1,0,2,2,3,0,0,-1,2,5,4,3,-1,1,3,2,5,2,0,-1,3,4,5,5,2,0,2,3,5,2,-1,1,1,5,4,5,-1,1,2,3,4,2,1,0,3,-1,-1
4703.74193021,-1,3,4,2,1,3,0,1,1,3,3,3,5,2,-1,2,4,5,0,-1,-1,5,2,5,2,-1,2,-1,3,4,0,1,5,4,0,0,4,1,3,3,2,1,5,5,3,1,-1,2,3,3,-1,0,0,0,0,2,0,4,1,4,5,-1,1,3,1,0,3,5,-1,1,2,0,5,2,1,-1,5,5,1,4,4,2,4,1,-1,3,4,4,5,4
4559.619426,0,5,5,4,1,5,5,4,2,-1,1,0,0,3,1,5,3,3,1,2,3,5,-1,3,2,4,4,1,0,4,1,4,3,0,2,0,1,-1,0,0,-1,-1,2,5,2,-1,-1,2,3,4,5,-1,2,2,1,2,4,-1,5,3,0,5,-1,1,-1,0,4,2,1,5,3,4,5,5,2,0,3,1,5,4,-1,3,-1,3,0,4,3,4,-1,0
4533.95377456,-1,2,5,0,-1,-1,1,-1,4,3,5,0,-1,2,1,4,2,-1,5,5,1,3,3,2,1,2,1,1,1,-1,2,3,2,0,3,5,4,1,-1,3,-1,0,5,3,4,0,-1,3,4,0,4,1,-1,0,0,0,0,2,5,5,5,0,2,-1,4,-1,4,0,2,4,4,5,1,-1,1,2,5,4,3,4,1,3,3,-1,1,3,1,3,-1,4
4601.8196798,3,-1,1,1,2,0,-1,3,1,5,0,3,5,5,-1,0,4,4,2,1,3,3,0,-1,2,2,4,0,4,0,4,3,1,5,3,-1,0,2,2,2,1,2,4,4,0,1,5,1,4,1,2,0,3,5,5,2,0,1,1,3,3,5,-1,4,5,2,5,5,4,-1,0,4,1,-1,1,4,0,2,2,3,-1,4,3,-1,-1,5,-1,2,3,-1
4465.347514,-1,1,5,0,2,3,5,1,5,2,4,4,2,0,2,0,-1,-1,1,3,5,1,2,5,1,4,3,1,2,5,4,-1,1,4,0,1,1,0,0,2,4,5,-1,3,3,3,4,3,-1,2,-1,4,-1,0,0,5,2,5,0,1,3,3,4,4,0,-1,2,5,4,1,0,4,0,-1,3,0,5,1,-1,-1,4,2,-1,1,1,-1,2,3,5,3
4463.37323312,1,4,2,-1,2,1,5,-1,5,1,2,1,3,5,3,4,-1,0,-1,4,0,0,-1,2,2,5,1,4,4,2,-1,3,4,2,5,-1,0,0,-1,4,3,0,1,0,0,3,3,-1,5,2,3,1,-1,-1,-1,-1,4,1,4,4,5,1,-1,3,1,2,0,4,0,3,0,3,2,2,3,2,3,1,-1,4,0,4,-1,0,2,-1,0,3,5,-1
4612.43143953,2,0,3,5,2,3,4,1,5,-1,5,0,1,0,1,0,4,5,3,0,0,1,4,3,5,1,3,4,3,5,0,1,-1,4,4,-1,5,4,0,1,3,5,0,-1,3,2,3,-1,5,3,2,2,5,1,3,2,1,4,3,5,-1,5,-1,-1,0,2,5,-1,1,2,1,1,-1,2,2,4,4,1,2,-1,4,3,0,-1,3,2,1,4,0,-1
4393.03947678,4,-1,4,5,3,-1,0,3,5,-1,-1,2,0,5,5,4,3,2,2,3,5,-1,-1,0,5,5,0,4,4,2,-1,2,2,4,2,1,-1,4,4,0,1,0,-1,4,1,2,1,-1,2,5,2,-1,2,1,4,3,3,0,1,5,0,5,0,5,3,4,3,3,1,0,2,4,-1,-1,2,4,-1,1,-1,-1,0,4,3,1,-1,0,-1,1,1,1
4448.56612652,0,4,2,-1,5,0,-1,2,2,1,-1,4,1,1,3,0,-1,-1,1,0,3,1,-1,-1,-1,2,1,3,4,-1,2,0,0,-1,4,-1,4,-1,-1,5,3,-1,5,0,2,5,4,4,2,1,5,2,2,4,3,1,-1,0,-1,4,3,5,5,0,3,2,3,5,1,4,2,3,1,1,4,1,1,0,2,4,0,4,5,3,4,3,5,3,3,0
4709.91155796,2,5,3,1,1,5,0,0,2,-1,3,3,3,5,0,1,4,4,4,5,2,0,0,1,4,4,5,3,1,5,2,1,4,3,3,0,5,4,5,2,0,5,4,4,1,3,5,4,3,3,-1,1,2,2,2,-1,0,5,4,1,3,0,4,2,1,5,0,2,-1,1,0,-1,2,-1,-1,3,-1,-1,1,3,-1,3,-1,2,2,-1,4,1,0,1
4494.46815697,3,-1,2,3,1,5,2,0,3,5,0,0,3,-1,4,3,2,-1,3,0,0,1,1,0,5,-1,4,4,3,5,4,4,3,2,0,4,4,2,-1,4,0,0,4,0,-1,3,5,-1,1,4,1,5,3,1,5,3,5,0,5,3,2,1,-1,-1,1,1,1,2,2,-1,0,3,4,4,1,-1,2,5,1,-1,2,-1,1,2,-1,3,4,0,-1,-1
4628.71925678,0,3,0,4,5,-1,4,3,5,5,5,1,2,-1,3,5,0,3,3,2,3,1,3,5,2,5,1,4,2,3,0,2,1,4,1,0,5,1,4,-1,3,2,2,1,5,3,-1,1,1,1,0,3,5,2,-1,0,4,-1,-1,5,4,2,3,2,2,-1,2,-1,5,-1,-1,4,-1,0,4,2,4,2,4,1,-1,-1,0,5,3,0,1,4,0,1
4693.6237407,-1,1,0,1,2,2,4,2,3,3,0,1,5,1,3,0,3,4,-1,0,3,-1,3,-1,0,5,4,2,-1,4,3,2,3,5,1,3,0,1,-1,0,-1,-1,4,-1,4,2,2,-1,5,2,0,5,2,4,0,4,0,5,5,3,2,5,4,1,4,5,0,0,5,5,4,4,1,3,1,1,0,1,-1,1,5,2,3,1,2,5,1,4,-1,2
4184.25927376,5,5,3,3,2,-1,-1,-1,4,2,2,-1,4,3,-1,4,4,3,5,-1,0,4,2,-1,-1,0,1,4,2,2,-1,5,0,2,0,1,-1,4,-1,3,-1,-1,-1,4,5,0,2,5,5,1,3,4,0,4,-1,-1,0,-1,5,5,1,1,2,-1,4,2,1,2,1,1,4,1,-1,5,5,-1,1,4,1,0,-1,2,0,3,-1,0,3,-1,4,3
4254.5930301,-1,3,4,0,3,3,2,2,2,4,4,-1,1,1,1,3,0,3,1,0,2,2,1,2,5,-1,4,3,0,4,-1,5,5,1,5,5,4,2,2,3,5,-1,-1,3,4,5,1,2,4,5,1,1,4,3,0,5,0,4,4,-1,2,-1,3,3,1,5,-1,3,0,-1,2,-1,-1,5,-1,0,-1,1,0,1,-1,5,1,2,2,4,-1,4,3,5
4394.02661722,4,1,1,0,2,1,-1,2,0,3,3,5,4,4,1,-1,4,4,-1,2,1,3,-1,0,4,4,4,0,4,-1,-1,-1,0,-1,2,3,2,3,2,5,2,3,5,1,2,3,-1,0,-1,0,4,0,-1,1,4,3,2,-1,5,-1,-1,3,0,2,1,5,0,-1,0,-1,2,5,4,1,-1,1,0,0,5,5,2,3,2,3,-1,3,-1,3,1,5
4587.25935831,3,-1,1,2,1,5,-1,0,2,5,0,4,0,2,2,0,3,-1,2,2,-1,0,1,-1,3,1,3,5,3,0,2,-1,4,0,0,4,5,5,0,1,5,3,5,1,-1,4,-1,0,-1,2,-1,1,1,3,3,3,3,4,4,-1,-1,1,4,1,-1,2,5,1,-1,2,0,5,1,4,0,2,5,1,4,1,4,0,-1,2,4,4,2,3,-1,5
4726.93973054,1,3,5,0,1,4,3,-1,1,-1,2,3,2,-1,2,2,5,2,3,3,5,4,-1,-1,1,1,3,2,0,0,4,5,0,4,4,1,-1,0,3,0,4,5,-1,2,-1,0,1,3,1,0,3,0,-1,0,4,5,4,1,1,5,1,-1,1,5,4,4,-1,5,0,5,-1,4,2,1,-1,3,2,0,3,2,2,3,0,-1,2,4,5,2,0,2
4534.44734478,3,4,1,4,2,-1,0,-1,1,5,0,-1,-1,2,1,5,4,0,-1,-1,-1,1,3,3,1,0,2,2,4,1,2,4,-1,0,0,4,2,3,3,3,5,5,5,5,5,4,1,-1,2,-1,0,3,-1,2,0,4,3,2,2,-1,0,4,2,2,-1,2,1,5,-1,5,1,-1,2,1,1,-1,5,0,1,2,0,0,4,4,0,4,3,1,4,-1
4485.09032279,-1,1,1,4,2,-1,-1,1,0,5,3,3,4,3,-1,5,4,-1,1,5,3,1,-1,2,5,4,0,2,-1,-1,4,-1,0,4,2,0,3,-1,3,0,-1,3,0,4,4,4,2,2,3,4,2,1,0,3,2,2,1,1,4,1,0,0,2,5,0,3,0,1,-1,1,3,4,-1,5,2,0,5,4,-1,5,-1,2,4,1,-1,0,-1,1,1,2
4585.53186254,2,3,2,0,1,3,-1,4,4,5,2,2,4,0,3,-1,-1,-1,1,5,0,1,5,2,1,0,4,1,4,2,2,0,-1,-1,3,3,5,0,3,1,0,3,-1,-1,-1,2,-1,0,3,4,-1,-1,2,2,4,5,-1,4,3,5,3,-1,-1,4,3,3,5,0,5,1,3,0,5,4,4,5,5,4,2,0,1,2,4,4,0,1,0,2,5,1
4457.20360537,3,4,2,-1,-1,-1,5,5,5,1,3,-1,1,2,2,5,0,-1,2,0,4,3,1,4,1,-1,1,3,1,4,5,-1,4,1,5,4,5,2,2,-1,0,-1,3,2,1,0,4,3,1,-1,5,3,4,-1,0,4,3,3,2,2,-1,2,0,2,1,3,5,2,1,1,0,5,-1,-1,5,4,3,0,-1,0,0,0,3,1,4,-1,4,2,3,0
4584.05115188,2,0,2,5,5,4,1,0,-1,4,4,1,5,2,3,2,3,2,5,2,-1,1,-1,3,3,-1,-1,5,0,3,3,5,-1,0,2,1,3,0,3,3,0,4,4,-1,0,-1,5,1,1,0,4,3,1,1,0,4,5,1,2,5,2,-1,5,0,2,1,1,0,4,-1,5,-1,3,-1,3,1,-1,5,0,1,-1,-1,2,0,-1,3,4,5,-1,2
4309.87289473,1,0,4,1,5,-1,1,3,0,3,1,4,0,-1,2,-1,-1,-1,-1,0,-1,3,-1,3,2,0,5,3,0,0,5,0,5,4,2,-1,1,0,3,-1,2,-1,5,-1,4,2,4,0,-1,5,2,3,2,3,5,-1,4,3,1,0,-1,3,-1,3,0,5,5,2,4,-1,0,4,-1,3,1,5,2,0,-1,5,3,3,1,4,1,1,-1,5,4,0
4525.31629571,2,5,-1,-1,-1,-1,1,4,1,4,1,4,0,2,1,-1,-1,5,5,1,3,2,3,2,3,3,3,1,0,4,0,4,-1,2,-1,-1,5,-1,5,0,-1,-1,1,2,0,3,2,4,1,5,4,3,4,5,1,1,4,0,3,4,1,-1,1,5,2,3,3,-1,2,2,0,5,-1,0,-1,0,3,1,2,4,4,0,5,1,3,-1,3,2,5,2
4616.87357151,5,3,4,4,-1,-1,2,1,3,0,4,-1,2,3,1,4,5,-1,1,1,5,-1,1,0,3,-1,0,3,2,3,0,2,0,4,3,1,4,2,0,2,-1,2,5,5,3,1,5,-1,3,0,0,-1,5,2,5,-1,2,3,4,2,-1,3,1,0,1,4,0,1,-1,3,5,2,1,4,4,5,3,4,2,2,-1,1,-1,0,1,2,-1,0,4,3
4737.30470516,4,3,-1,3,-1,2,0,5,4,-1,3,1,-1,2,4,3,5,-1,5,5,0,1,4,0,2,0,0,2,4,2,5,1,-1,2,3,0,4,1,0,-1,2,4,3,2,5,-1,-1,3,1,1,-1,1,1,5,3,3,2,4,1,4,3,2,1,4,5,5,3,4,5,1,2,2,3,-1,0,0,0,1,4,1,4,0,5,1,0,-1,1,2,3,0
4665.98380839,5,2,3,4,2,0,1,5,2,1,5,3,-1,-1,5,5,0,2,3,0,3,1,2,1,4,4,3,-1,5,3,2,5,-1,0,2,2,1,2,1,3,1,4,4,4,0,2,-1,-1,4,0,5,3,0,3,1,1,-1,5,1,1,-1,4,3,2,3,3,-1,5,-1,-1,5,4,1,2,-1,0,0,0,4,2,-1,3,5,5,0,0,3,3,1,4
4396.74125343,5,-1,1,0,4,-1,0,1,-1,5,5,2,5,0,3,1,3,3,5,-1,-1,3,-1,1,4,-1,-1,0,1,3,4,-1,-1,-1,4,0,3,0,2,2,4,3,5,3,4,-1,2,2,4,5,2,-1,-1,3,4,0,3,1,1,1,0,0,3,0,1,2,5,4,2,2,4,0,0,1,1,-1,3,-1,-1,2,1,-1,2,2,5,4,5,1,4,0
4710.8986984,1,3,4,4,2,2,0,-1,0,0,1,5,0,-1,-1,5,-1,1,3,3,3,1,4,5,2,0,2,-1,3,4,1,4,1,0,2,4,5,0,2,3,5,-1,1,-1,5,4,-1,2,2,3,3,-1,2,0,4,0,4,5,3,-1,0,2,-1,5,1,-1,4,3,4,2,0,5,-1,4,3,1,1,1,0,-1,3,-1,1,0,-1,-1,0,3,2,3
4559.619426,-1,4,1,4,-1,1,2,2,0,0,2,4,4,0,4,1,4,-1,0,-1,5,5,-1,0,-1,1,1,1,-1,2,5,5,3,1,-1,5,1,1,1,3,0,3,2,5,1,2,0,5,0,0,2,0,3,4,3,1,3,0,5,-1,4,3,1,-1,-1,4,0,-1,-1,3,4,2,4,2,2,5,-1,4,3,3,3,-1,2,-1,2,4,3,0,2,1
4559.86621111,1,2,2,-1,5,1,2,-1,0,4,0,5,-1,5,5,5,4,1,1,1,3,5,5,1,4,3,2,4,0,4,-1,0,3,-1,4,2,5,1,-1,-1,-1,0,1,5,3,5,2,1,-1,3,4,0,2,2,0,2,0,-1,1,0,0,5,2,4,0,0,5,3,5,4,0,3,2,3,1,-1,4,3,2,3,3,-1,4,-1,1,3,4,0,3,-1
4572.2054666,-1,1,4,5,1,1,3,0,-1,3,4,-1,1,5,5,3,5,-1,4,3,1,2,2,0,0,4,-1,5,4,1,-1,5,4,0,2,-1,0,3,0,5,-1,5,4,2,5,0,4,2,4,0,2,-1,-1,-1,3,5,2,2,4,5,2,3,0,4,0,5,0,3,-1,4,3,0,-1,1,-1,1,1,4,3,1,1,-1,1,2,0,3,2,4,2,1
4403.4044514,2,-1,2,3,5,-1,4,2,0,1,4,2,0,1,-1,3,1,1,4,4,1,3,1,3,0,3,-1,3,1,5,1,2,4,-1,3,0,-1,-1,5,1,4,0,3,5,2,2,-1,2,1,0,-1,1,5,5,-1,-1,3,0,-1,5,5,3,5,-1,4,0,1,5,5,0,4,2,1,3,0,-1,4,0,-1,0,2,4,2,3,2,4,-1,-1,4,-1
4499.40385917,-1,1,1,2,3,-1,4,0,4,4,3,0,3,0,0,-1,0,0,1,5,-1,-1,5,4,4,3,5,4,3,-1,0,1,2,0,5,-1,0,-1,4,-1,1,-1,3,2,0,1,-1,5,4,1,5,2,2,3,1,1,4,2,3,0,4,-1,2,-1,3,4,2,2,-1,2,5,1,1,3,-1,3,-1,5,-1,2,2,5,3,1,1,3,1,0,5,-1
4329.36891841,5,0,5,5,5,2,0,1,-1,4,2,2,3,5,3,3,0,2,1,-1,0,-1,3,-1,2,4,-1,3,1,0,0,4,4,-1,-1,-1,-1,1,4,3,4,1,2,5,3,5,1,4,1,5,3,-1,1,0,0,-1,5,3,4,5,0,-1,2,1,1,-1,0,-1,2,3,-1,-1,-1,5,1,0,5,2,4,2,5,3,2,4,-1,1,-1,0,4,4
4541.11054275,1,0,0,0,4,-1,1,1,2,3,5,-1,0,2,3,3,2,1,2,0,2,2,3,4,4,1,0,5,4,4,5,3,3,-1,4,5,1,2,4,1,-1,4,4,4,5,0,0,0,-1,0,1,4,-1,4,1,3,5,2,2,3,-1,4,-1,3,2,2,5,3,-1,5,0,2,4,-1,3,-1,0,-1,3,-1,-1,1,5,1,5,0,2,-1,-1,1
4709.91155796,3,5,3,2,1,-1,-1,-1,2,3,-1,0,3,1,-1,1,0,3,2,-1,-1,1,5,2,3,4,2,5,0,3,4,4,1,0,4,2,4,4,-1,2,4,4,0,1,1,2,4,4,5,1,0,2,0,0,4,5,-1,5,2,3,1,5,2,-1,5,5,3,0,0,4,2,1,0,2,5,2,-1,5,5,3,3,1,2,1,-1,5,1,3,3,0
4554.43693869,4,3,3,1,3,0,3,0,4,-1,2,2,3,-1,3,2,2,5,4,1,1,1,5,4,5,0,4,-1,0,5,0,4,-1,2,4,-1,3,5,0,1,-1,3,3,-1,2,0,0,-1,2,-1,-1,1,4,-1,4,5,1,2,5,0,3,3,1,0,5,5,4,2,0,0,5,3,1,1,0,2,2,2,3,5,5,4,-1,1,5,4,2,3,-1,1
4667.21773394,2,1,1,1,0,5,0,4,4,2,0,3,0,2,2,5,2,3,5,4,3,0,1,-1,0,2,-1,4,3,2,-1,-1,3,-1,2,0,5,4,4,3,0,-1,-1,3,2,4,-1,1,3,4,0,4,1,0,5,2,-1,1,0,1,1,3,2,5,2,3,-1,5,-1,1,1,3,5,0,4,5,4,5,-1,2,1,-1,4,4,1,0,-1,3,3,5
4514.21096577,0,4,4,-1,1,-1,3,1,4,2,4,2,2,5,5,2,0,3,2,1,-1,4,3,0,5,2,1,0,3,5,5,4,2,-1,5,-1,3,3,1,4,1,0,4,3,3,3,-1,-1,1,4,1,3,3,2,5,2,5,3,1,2,5,0,2,4,4,2,4,0,-1,5,0,5,1,4,1,-1,2,-1,-1,0,0,5,1,2,3,4,4,-1,-1,-1
4507.79455291,1,0,4,4,1,5,2,1,4,-1,5,5,5,0,-1,5,0,3,1,3,-1,1,3,4,1,-1,5,4,3,-1,-1,1,-1,2,-1,3,4,0,4,0,5,3,0,0,2,1,4,5,2,-1,3,5,4,2,2,2,4,-1,2,2,2,-1,-1,0,3,1,4,2,0,3,1,5,-1,1,3,0,-1,5,2,1,0,2,1,1,0,4,2,-1,3,-1
4547.03338539,3,1,5,3,-1,0,2,1,5,0,-1,2,-1,2,-1,-1,-1,-1,-1,1,4,1,1,4,3,0,3,2,3,0,0,3,0,4,-1,4,3,1,-1,5,1,1,4,0,1,5,2,2,1,-1,0,5,0,3,3,4,4,4,2,-1,2,2,1,5,1,2,0,-1,2,-1,-1,4,0,3,0,5,5,4,4,3,3,-1,3,3,2,4,1,2,1,-1
4485.58389301,3,-1,-1,0,0,5,4,2,2,4,5,1,3,3,-1,2,-1,0,-1,0,1,3,5,0,4,5,1,-1,-1,5,4,-1,0,5,1,3,-1,1,5,4,4,2,0,4,1,5,0,5,-1,1,-1,1,5,3,-1,2,3,2,2,4,0,0,1,4,-1,5,4,3,-1,1,4,3,3,1,2,3,0,0,3,2,-1,1,1,2,3,-1,1,-1,5,4
4444.37077965,-1,5,-1,1,3,4,2,2,2,3,0,0,1,3,3,-1,-1,-1,1,4,0,0,4,-1,1,-1,4,2,4,1,2,0,1,5,3,-1,4,-1,-1,3,2,3,0,3,2,4,4,3,1,-1,2,4,0,5,-1,1,1,-1,3,3,0,5,1,5,-1,0,-1,4,5,1,-1,4,3,4,2,5,5,3,-1,4,0,2,5,5,3,2,1,0,-1,4
4147.24150727,-1,-1,-1,4,5,1,2,-1,-1,-1,-1,-1,-1,4,-1,5,5,2,-1,3,5,4,1,3,1,0,3,3,2,5,2,1,2,-1,4,0,0,3,0,3,4,-1,0,3,-1,0,-1,3,5,-1,2,1,4,1,4,0,4,2,5,4,1,1,1,3,1,4,1,5,0,2,3,2,4,-1,5,5,3,2,5,4,-1,-1,-1,4,0,1,3,2,1,5
4596.63719249,4,1,5,5,-1,2,4,4,0,2,0,-1,1,-1,2,3,5,2,0,-1,1,0,0,-1,-1,-1,4,0,0,3,1,5,2,5,3,-1,0,5,4,0,5,0,2,4,3,3,0,4,3,5,-1,3,1,2,3,5,2,-1,5,-1,2,1,4,1,5,4,3,1,4,4,3,-1,5,0,4,1,1,5,-1,2,1,3,4,3,-1,2,3,1,3,0
4419.19869843,5,4,0,-1,1,1,0,0,0,4,3,-1,-1,3,0,2,-1,5,4,4,0,0,3,2,5,4,-1,-1,4,1,2,4,5,-1,-1,-1,3,0,2,4,-1,-1,1,-1,3,5,-1,1,4,2,3,1,5,2,-1,-1,0,4,-1,2,2,2,2,5,4,5,3,0,1,0,2,-1,3,0,1,2,1,1,4,4,3,3,5,5,-1,0,1,5,2,4
4718.79582191,-1,1,4,4,2,0,1,5,4,-1,-1,-1,4,3,2,4,-1,2,1,1,4,3,3,2,3,3,0,1,4,2,0,5,0,5,-1,0,1,-1,2,3,5,1,-1,5,4,0,0,3,1,3,2,5,4,1,1,3,1,2,0,-1,4,2,0,4,-1,2,2,4,-1,1,-1,5,0,1,2,1,5,0,3,4,3,3,0,5,3,2,5,-1,0,5
4711.14548351,5,0,0,2,1,5,-1,2,1,4,3,1,4,-1,4,5,1,0,2,4,0,4,-1,-1,0,1,4,2,1,3,4,-1,5,1,-1,0,3,4,3,4,5,2,1,3,2,1,0,-1,1,0,-1,5,5,0,1,3,5,3,3,2,4,4,4,3,5,-1,2,2,3,-1,4,5,5,3,2,0,2,1,2,5,-1,3,2,0,-1,4,1,1,3,0
4616.13321618,-1,1,1,0,-1,5,0,2,-1,4,0,1,2,3,3,-1,4,4,2,-1,1,0,-1,1,-1,5,0,5,-1,4,0,1,2,-1,1,-1,-1,5,1,0,3,4,1,1,2,0,5,3,2,3,-1,2,3,4,3,5,-1,5,1,1,0,5,0,4,5,3,4,4,3,-1,3,3,2,2,2,4,-1,2,4,2,4,-1,2,-1,0,-1,0,0,1,0
4477.9335546,5,0,0,-1,-1,-1,0,0,5,2,1,-1,5,2,3,4,1,1,2,2,5,3,1,1,4,-1,5,2,1,3,5,3,4,3,-1,4,3,1,0,3,0,-1,-1,2,2,-1,0,4,1,2,2,5,4,5,4,0,3,0,2,1,0,2,-1,-1,3,4,0,5,3,4,1,1,3,4,5,-1,5,1,0,3,0,2,-1,2,4,3,4,5,-1,2
4505.32670181,5,0,1,4,4,-1,-1,2,5,0,-1,1,1,0,-1,2,4,1,4,2,5,1,2,4,3,3,-1,2,3,-1,-1,4,4,-1,4,2,1,-1,4,0,3,0,5,0,3,5,1,0,1,0,5,3,-1,-1,3,2,1,0,0,0,0,3,2,-1,5,2,5,1,5,4,4,5,1,4,2,3,3,1,5,1,2,4,3,-1,-1,5,0,3,3,5
4567.51654951,4,2,0,4,3,3,4,-1,0,2,2,2,-1,1,3,1,5,-1,-1,0,5,0,-1,5,1,3,0,0,0,5,3,4,-1,1,5,-1,4,1,1,3,-1,3,2,0,-1,4,1,-1,3,2,2,4,1,-1,-1,4,5,3,4,0,1,-1,0,2,4,0,0,4,-1,-1,1,0,0,0,5,-1,2,3,3,2,5,1,2,2,1,-1,4,2,0,5
4586.02543276,-1,-1,3,1,3,2,5,3,5,0,0,-1,-1,2,-1,5,4,1,0,2,4,1,0,5,5,4,-1,0,2,0,4,4,2,-1,1,-1,1,4,2,5,4,3,-1,5,2,5,4,2,3,3,2,4,2,-1,-1,3,3,5,1,1,0,3,0,2,3,2,0,1,0,5,-1,1,1,4,0,2,3,4,5,3,0,5,-1,4,3,1,0,1,1,4
4423.88761552,-1,2,1,4,-1,1,3,2,1,1,5,5,3,5,2,4,0,-1,2,-1,-1,5,5,-1,-1,0,4,4,5,0,5,0,2,0,4,1,3,2,0,0,1,4,4,-1,4,-1,2,0,-1,-1,0,4,-1,3,-1,-1,1,3,-1,2,2,4,5,5,3,2,1,1,5,2,0,2,3,3,5,2,1,-1,3,4,0,2,-1,3,3,1,-1,4,1,4
4443.1368541,1,5,3,0,1,4,5,0,-1,-1,2,5,2,5,3,3,4,3,4,1,-1,1,1,0,-1,3,0,-1,5,-1,5,1,4,-1,2,-1,2,2,4,0,-1,-1,4,-1,1,-1,-1,5,0,0,5,4,5,2,3,5,1,1,1,2,5,-1,1,2,0,0,4,3,3,0,3,4,3,1,2,-1,2,4,3,2,4,1,2,4,2,0,3,-1,2,5
4362.68490826,5,-1,-1,2,5,5,-1,4,0,1,5,1,3,1,-1,3,1,-1,0,0,4,-1,4,-1,-1,-1,3,3,2,4,5,2,-1,-1,3,4,0,5,3,0,5,-1,1,4,3,4,4,1,3,1,2,2,4,5,5,0,-1,1,2,1,1,5,5,0,2,1,4,0,0,3,2,-1,3,0,5,2,5,-1,-1,4,2,3,0,2,0,-1,4,1,0,4
4496.44243785,2,0,2,3,5,0,3,4,-1,3,2,3,-1,5,5,4,5,-1,3,-1,5,0,0,1,2,2,0,4,1,5,4,2,5,1,4,-1,3,-1,0,1,4,-1,5,2,2,1,0,2,1,1,0,2,2,1,3,1,-1,5,-1,1,-1,3,0,3,1,4,1,2,3,0,-1,3,3,2,0,-1,5,4,5,0,4,-1,3,4,4,-1,1,4,-1,4
4360.46384227,-1,0,1,4,2,-1,4,2,4,0,1,0,1,4,-1,0,4,3,2,3,2,2,3,5,3,5,5,3,0,5,4,1,0,-1,4,0,1,2,-1,-1,5,1,1,-1,5,5,3,2,4,-1,4,-1,0,3,-1,3,2,0,1,1,1,1,5,4,5,4,2,3,3,1,0,1,-1,2,5,5,-1,2,3,4,3,2,-1,-1,2,0,5,0,-1,-1
4608.72966288,0,4,0,3,3,5,0,3,0,2,4,0,0,3,2,5,5,3,0,-1,-1,0,5,-1,3,4,4,0,2,4,1,4,5,1,-1,-1,3,4,5,0,5,1,-1,-1,-1,1,1,4,2,0,2,5,4,0,3,2,3,3,0,4,2,2,4,5,1,2,5,4,2,-1,-1,3,0,5,4,5,-1,2,1,1,-1,2,1,0,-1,-1,3,-1,1,1
4450.04683718,4,3,3,-1,2,-1,3,2,2,2,-1,0,1,-1,3,2,1,-1,2,-1,0,2,1,5,0,-1,3,0,4,0,3,4,5,-1,1,-1,2,5,4,5,1,1,0,3,4,-1,1,4,1,0,1,2,2,5,5,4,-1,0,3,-1,2,5,3,5,3,4,4,3,-1,4,4,2,-1,1,5,-1,1,-1,4,-1,3,3,3,1,4,0,0,4,-1,0
4249.41054279,-1,4,-1,1,5,-1,4,3,5,1,5,-1,5,2,1,3,2,0,2,3,5,3,-1,5,5,4,2,3,2,4,3,2,1,0,4,5,3,1,0,0,-1,5,3,1,0,-1,1,-1,4,1,2,4,5,0,0,3,2,-1,1,0,-1,2,4,2,-1,0,5,-1,0,2,-1,5,0,5,2,4,-1,2,1,3,-1,-1,0,-1,3,-1,-1,3,0,4
