$<obj,$x1,$x2,$x3,$x4,$x5,$x6,$x7,$x8,$x9,$x10,$x11,$x12,$x13,$x14,$x15,$x16,$x17,$x18,$x19,$x20,$x21,$x22,$x23,$x24,$x25,$x26,$x27,$x28,$x29,$x30,$x31,$x32,$x33,$x34,$x35,$x36,$x37,$x38,$x39,$x40,$x41,$x42,$x43,$x44,$x45,$x46,$x47,$x48,$x49,$x50
1487.28645889,-1,1,1,-1,2,1,0,2,2,-1,0,2,2,-1,3,0,3,2,-1,1,2,0,0,0,2,0,-1,0,2,3,0,-1,0,2,-1,2,-1,0,1,-1,1,1,1,2,3,3,2,-1,-1,2
1491.02093276,0,1,3,2,0,2,3,-1,2,0,2,1,1,-1,-1,2,0,0,1,3,-1,-1,2,1,-1,2,0,3,-1,1,0,3,-1,2,1,-1,1,0,1,3,0,0,1,0,-1,3,2,0,-1,1
1675.25497707,2,2,1,2,2,0,2,1,0,1,0,0,-1,2,0,3,-1,3,2,0,2,2,-1,0,1,1,1,1,1,2,1,1,1,2,0,0,-1,3,3,2,0,0,0,1,2,-1,3,1,-1,0
1564.46558556,1,0,3,3,2,0,-1,1,3,3,-1,3,0,2,0,0,-1,0,-1,2,1,-1,1,2,3,1,0,0,1,1,3,0,1,1,0,2,2,-1,0,3,2,2,3,-1,2,0,2,1,1,0
1576.9138318,0,3,2,2,0,0,0,-1,0,1,2,2,1,-1,-1,-1,-1,1,1,-1,1,1,-1,1,1,1,2,2,0,0,3,-1,2,2,-1,1,3,0,2,0,3,3,0,2,1,3,0,1,0,0
1639.15506298,2,2,0,1,1,1,0,2,2,-1,-1,0,3,2,1,1,3,1,3,2,0,1,2,3,3,0,0,2,0,-1,1,2,0,1,0,1,0,-1,2,0,-1,2,0,2,0,2,2,2,1,0
1467.99167722,2,-1,0,1,2,0,0,0,0,2,0,1,3,2,-1,2,2,-1,3,3,3,2,3,2,2,2,-1,-1,3,3,-1,3,2,1,3,-1,0,0,3,1,3,0,3,0,-1,3,-1,2,1,0
1314.2558362,0,3,3,3,0,0,2,3,-1,2,-1,2,2,-1,2,1,3,1,2,2,0,2,-1,-1,1,0,0,0,3,3,0,2,3,-1,-1,3,-1,1,2,-1,0,-1,-1,1,-1,1,2,2,0,2
1578.15865642,2,3,0,0,-1,1,1,0,0,1,2,0,3,0,1,3,-1,0,2,0,3,2,1,2,1,3,-1,3,-1,1,-1,-1,0,3,1,-1,0,0,1,2,2,0,3,1,0,1,-1,1,-1,0
1643.51194916,2,-1,0,2,0,1,0,2,2,1,2,0,1,3,0,-1,0,1,1,3,-1,2,2,1,0,3,3,1,2,2,-1,0,2,3,1,3,-1,0,1,2,2,0,0,1,2,0,3,3,0,1
1526.49843454,1,2,-1,3,2,2,0,1,1,0,2,1,-1,3,3,1,1,-1,-1,2,2,2,1,0,1,2,-1,1,1,0,0,-1,0,0,1,-1,1,2,-1,2,0,2,0,2,0,1,-1,-1,3,2
1434.38141239,0,1,0,2,3,3,0,-1,1,0,-1,3,2,3,2,3,1,3,0,-1,-1,1,1,3,2,1,1,0,-1,3,3,0,2,3,0,3,1,-1,2,-1,0,3,0,0,0,1,1,0,-1,-1
1593.71896422,0,2,0,3,0,1,1,-1,1,1,1,0,-1,-1,2,1,0,0,3,-1,1,1,2,0,1,2,2,3,0,0,0,2,2,3,0,2,-1,3,3,-1,1,1,1,2,1,2,0,0,-1,2
1553.88457626,1,2,-1,-1,2,1,1,1,3,2,3,2,0,3,-1,2,0,2,1,1,1,-1,0,0,0,2,0,0,-1,0,3,0,2,-1,-1,3,1,2,1,2,2,2,0,1,0,3,2,3,0,2
1591.85172728,0,2,3,1,0,2,-1,-1,0,3,-1,0,3,2,0,0,0,2,1,1,3,3,3,0,2,-1,1,2,1,2,0,2,2,0,2,1,1,1,1,2,1,-1,0,3,2,-1,0,1,2,2
1590.60690266,1,2,2,1,-1,0,2,1,2,-1,2,2,-1,1,2,0,3,0,0,1,1,1,2,1,2,2,1,0,-1,3,3,0,1,0,3,0,3,0,1,-1,2,3,0,3,0,2,3,3,3,2
1625.46199212,0,-1,3,0,2,2,1,0,0,-1,2,1,1,3,0,-1,1,1,1,1,1,1,0,3,2,2,-1,1,3,-1,0,1,1,2,-1,0,2,0,0,2,1,3,1,2,-1,0,0,2,2,-1
1708.8652419,1,1,3,2,1,0,3,3,-1,2,2,1,1,0,0,1,0,0,2,0,-1,1,2,1,2,3,1,3,2,0,2,0,1,2,0,1,3,1,2,1,-1,0,0,0,3,0,2,3,-1,0
1719.44625121,1,2,-1,1,1,0,0,3,0,-1,2,2,0,2,3,2,2,0,-1,0,2,1,2,1,1,-1,1,2,0,1,1,-1,1,2,3,3,2,2,0,0,0,0,0,-1,0,3,2,1,1,0
1642.26712454,3,-1,1,0,-1,0,3,2,-1,-1,-1,3,1,1,1,0,1,2,3,3,1,0,2,0,0,2,0,2,0,1,1,2,3,2,-1,1,2,3,1,-1,0,2,0,2,0,1,1,2,0,0
1664.05155545,2,2,-1,0,2,3,2,3,-1,3,2,1,1,0,2,0,1,1,0,0,1,-1,2,3,0,1,1,0,0,1,0,0,3,3,2,3,1,0,0,2,2,3,3,1,0,0,1,1,3,3
1542.68115464,2,3,3,0,1,1,3,2,0,0,2,1,0,0,3,2,3,3,2,2,1,0,-1,2,-1,-1,2,-1,-1,1,2,-1,0,0,1,1,0,0,3,1,1,2,-1,3,0,2,0,1,3,-1
1493.51058201,0,2,3,-1,3,1,-1,2,1,1,-1,0,0,1,3,2,2,0,1,0,2,2,1,0,-1,2,2,3,2,-1,2,0,0,0,0,-1,0,-1,1,2,-1,1,1,3,3,-1,0,2,-1,2
1547.03804083,-1,1,1,0,2,1,2,2,1,1,0,0,0,0,2,0,1,0,0,1,2,0,-1,2,-1,2,1,0,0,3,0,-1,-1,1,1,3,2,2,-1,-1,-1,1,1,2,0,1,0,3,3,-1
1473.59338803,3,1,0,-1,2,2,2,3,-1,-1,1,1,2,1,0,-1,0,2,-1,-1,2,-1,1,2,1,0,0,-1,0,-1,1,3,-1,1,1,-1,0,0,0,0,1,3,2,0,3,3,0,3,2,-1
1578.78106873,3,3,-1,3,1,0,-1,-1,0,3,1,3,-1,0,-1,1,2,2,0,1,3,2,1,3,3,-1,0,1,1,-1,2,0,2,-1,2,-1,2,1,3,0,0,0,0,0,3,0,2,0,0,3
1591.85172728,-1,2,-1,1,0,1,2,1,0,0,0,0,2,3,1,1,3,-1,0,3,-1,1,0,2,0,3,1,0,2,3,2,2,3,1,1,2,2,3,3,-1,1,1,1,2,-1,2,0,-1,2,2
1585.62760416,1,2,1,1,0,3,0,2,3,2,2,1,0,3,1,2,0,-1,-1,1,2,2,3,-1,2,1,2,0,1,1,2,3,3,3,0,0,0,-1,0,1,3,0,3,2,3,1,3,1,1,2
1687.7032233,2,2,3,3,0,-1,2,1,3,3,1,3,2,0,2,0,0,2,0,3,1,3,2,0,2,2,2,3,-1,0,3,2,1,1,1,1,1,0,-1,0,2,0,3,0,0,2,0,0,1,1
1407.61768298,2,1,1,3,2,2,-1,3,2,-1,-1,0,0,1,2,2,0,3,1,1,2,2,0,0,1,3,-1,3,3,-1,0,-1,-1,1,1,2,0,2,1,-1,3,3,2,2,3,-1,1,1,1,1
1472.34856341,0,2,1,1,-1,3,3,1,0,0,1,2,1,1,-1,2,-1,2,1,3,-1,3,2,0,2,1,-1,3,3,3,3,2,3,0,-1,0,3,1,1,2,2,2,3,1,0,1,2,1,1,3
1718.20142658,2,-1,1,3,1,1,1,2,0,-1,0,-1,2,-1,1,2,0,3,2,1,1,2,2,0,0,0,1,3,0,3,0,0,0,2,-1,1,-1,0,0,2,2,1,0,3,2,3,1,1,2,0
1560.73111169,1,1,2,3,0,3,0,0,1,1,0,3,0,3,-1,2,3,1,0,2,-1,3,1,0,3,0,1,1,1,1,1,2,-1,-1,3,3,2,0,0,1,2,0,-1,3,1,3,2,0,2,2
1586.87242879,0,3,-1,1,3,1,1,0,3,2,1,2,2,0,-1,0,1,1,0,0,3,3,3,2,1,0,2,-1,2,2,3,1,2,1,2,3,3,1,2,0,1,3,-1,0,0,2,3,1,-1,0
1303.6748269,3,-1,1,-1,-1,1,2,3,3,-1,3,3,0,0,0,2,-1,1,1,3,0,2,3,-1,2,2,0,1,0,1,-1,1,1,-1,0,1,1,2,1,-1,-1,3,-1,3,-1,0,3,3,2,-1
1599.32067502,1,0,2,-1,0,1,0,-1,2,3,1,1,0,1,2,2,1,3,3,2,-1,-1,1,1,3,3,0,0,1,1,2,1,3,1,0,2,2,-1,2,0,1,0,0,3,3,2,2,2,3,1
1548.28286545,0,2,-1,0,1,-1,3,0,-1,3,1,2,0,1,3,0,2,3,1,-1,2,2,0,0,0,1,1,1,2,3,3,0,-1,3,2,0,1,0,-1,0,3,0,2,2,2,1,-1,-1,2,0
1515.91742524,0,1,-1,1,0,3,2,0,3,1,-1,1,3,3,0,0,0,-1,-1,3,-1,1,1,1,2,0,3,-1,3,1,2,1,-1,3,1,-1,-1,0,3,0,1,0,0,0,-1,2,0,3,0,3
1626.08440443,2,2,1,2,2,3,1,1,-1,0,2,0,2,2,0,0,2,0,0,2,2,0,2,3,-1,1,0,1,-1,2,-1,2,1,0,-1,3,0,3,1,0,0,-1,1,-1,1,1,1,2,-1,0
1619.86028131,2,-1,2,3,0,3,2,1,3,3,0,2,1,-1,0,1,0,1,0,2,2,1,1,-1,0,0,3,1,0,2,0,2,-1,3,0,1,0,3,2,2,1,2,2,-1,0,3,3,0,-1,1
1587.4948411,2,1,3,0,0,1,0,3,2,0,2,2,2,1,-1,0,2,1,-1,-1,2,3,1,3,3,2,0,1,3,-1,2,2,-1,-1,2,1,1,2,0,-1,0,1,0,1,0,1,0,0,2,2
1678.36703862,1,-1,2,3,2,-1,0,1,1,3,-1,1,0,-1,0,3,0,-1,3,2,1,0,2,0,3,2,1,1,2,1,3,0,-1,1,1,0,1,0,2,1,0,0,0,-1,1,0,3,0,2,2
1597.45343809,1,-1,-1,2,-1,3,1,2,0,3,-1,1,-1,0,3,-1,3,2,2,0,0,2,1,1,2,2,2,1,2,0,0,1,2,3,1,2,1,2,1,-1,0,0,1,0,2,2,0,0,0,-1
1576.9138318,0,1,1,1,0,0,0,2,2,3,1,1,1,0,0,1,3,3,2,2,-1,2,2,2,1,1,2,-1,-1,1,3,-1,2,0,2,0,1,1,2,-1,0,2,1,2,1,-1,3,-1,-1,0
1513.42777599,2,0,3,2,2,0,3,0,2,3,-1,0,1,3,3,2,0,1,3,3,2,-1,0,-1,1,0,2,3,0,-1,1,-1,2,3,0,-1,1,1,2,1,2,0,1,2,2,3,1,3,2,1
1642.88953685,0,2,-1,3,1,2,2,0,-1,3,3,0,3,2,0,1,3,0,2,1,3,2,1,0,1,2,-1,2,3,0,1,1,1,-1,1,2,0,0,1,-1,0,2,0,-1,-1,0,2,2,0,1
1530.85532072,2,-1,0,2,1,1,0,-1,1,3,0,1,1,2,-1,1,1,0,1,3,-1,-1,-1,2,0,2,2,2,-1,0,1,0,1,3,2,-1,1,3,1,1,0,3,2,2,2,2,2,3,-1,0
1504.09159131,2,2,-1,1,1,0,1,0,-1,2,0,1,-1,2,0,3,1,0,0,2,2,3,-1,1,2,0,3,-1,0,2,0,2,-1,3,0,-1,3,3,2,2,1,2,2,1,-1,0,0,0,-1,-1
1411.97456916,0,1,1,-1,2,-1,2,1,0,2,3,-1,0,2,-1,-1,2,1,0,0,0,1,0,1,2,1,2,3,1,3,3,0,1,2,1,0,-1,2,-1,-1,2,-1,2,-1,1,1,2,2,0,-1
1473.59338803,2,0,-1,2,2,2,1,-1,3,2,1,-1,1,3,-1,1,-1,2,3,-1,1,2,0,3,1,1,3,0,0,2,1,-1,0,2,2,3,1,0,2,1,-1,0,1,1,0,1,-1,2,0,3
1611.76892126,-1,2,1,0,0,-1,2,-1,3,1,1,2,2,3,0,1,1,0,0,2,2,2,-1,0,2,0,1,-1,0,3,3,1,-1,2,-1,2,1,1,2,1,2,0,3,0,-1,0,2,1,3,1
1484.17439733,2,2,1,1,1,-1,3,1,2,2,3,1,1,-1,3,0,-1,1,2,0,2,-1,1,0,0,0,2,3,-1,-1,0,2,3,3,2,0,2,2,2,3,0,0,-1,1,1,1,-1,3,3,0
1599.94308733,2,3,-1,-1,2,1,1,1,1,3,2,3,1,1,-1,0,0,0,0,0,3,0,3,1,3,2,0,3,0,1,-1,2,1,2,0,-1,3,3,2,1,2,1,2,2,2,0,2,2,-1,1
1649.11365997,0,-1,0,2,-1,0,2,2,3,3,0,2,2,3,3,-1,0,1,0,0,0,-1,3,0,1,0,2,1,1,2,-1,0,3,1,3,2,1,3,3,2,3,2,2,2,1,2,0,1,2,0
1557.61905013,0,1,-1,1,2,0,2,1,1,1,3,1,0,2,3,2,2,0,0,-1,0,3,2,0,0,1,1,3,-1,-1,0,2,1,2,0,3,2,2,0,2,2,1,3,-1,2,3,1,-1,2,0
1474.21580034,3,3,0,2,0,0,2,0,1,1,0,0,2,1,2,3,2,3,2,2,2,1,1,1,0,1,3,3,-1,3,1,2,3,-1,-1,0,2,-1,1,0,-1,3,2,3,2,2,3,1,1,1
1542.05874233,2,0,0,2,-1,0,0,0,0,1,0,1,2,1,-1,-1,3,2,0,2,3,2,0,1,2,1,0,2,2,3,2,1,-1,0,-1,-1,1,3,0,1,-1,0,-1,1,1,2,1,1,2,3
1581.89313029,3,3,3,-1,1,-1,0,0,0,-1,2,0,3,3,2,0,3,-1,0,1,3,1,-1,1,0,0,0,0,2,2,0,0,2,1,1,0,0,3,-1,2,2,1,1,-1,-1,2,1,3,1,3
1541.43633002,1,0,2,3,-1,1,0,1,3,3,-1,3,-1,2,1,3,1,0,0,-1,0,2,0,2,0,3,3,2,0,-1,3,0,0,2,2,0,0,2,-1,1,1,0,-1,3,1,3,1,2,3,2
1548.28286545,-1,3,0,0,1,2,1,1,2,3,-1,1,0,2,0,3,-1,1,2,3,0,0,-1,2,0,2,1,1,-1,1,1,2,3,1,-1,0,1,2,2,2,0,2,2,1,2,3,2,-1,3,2
1591.85172728,1,2,-1,1,-1,-1,1,-1,0,2,0,2,3,3,0,3,1,-1,2,2,2,-1,0,1,1,0,1,2,1,0,0,1,0,1,-1,0,2,-1,3,3,1,2,1,0,0,2,1,0,2,1
1553.88457626,1,1,1,-1,2,1,0,3,-1,-1,2,3,1,2,0,2,1,3,-1,3,2,0,-1,3,1,-1,-1,-1,2,3,2,2,1,1,3,0,1,0,1,2,0,2,2,2,0,1,0,1,-1,3
1502.84676669,2,1,3,-1,-1,2,1,-1,2,0,2,2,1,1,2,0,-1,3,1,0,0,3,0,2,-1,0,3,0,-1,1,-1,1,3,-1,1,1,2,2,1,0,0,-1,1,-1,0,0,3,2,-1,0
1578.78106873,1,2,1,2,-1,3,0,0,0,1,1,2,3,0,2,2,1,2,2,2,0,3,3,3,3,0,-1,1,0,-1,1,0,-1,1,0,0,2,1,0,1,0,2,-1,-1,2,1,2,2,1,-1
1565.71041018,2,2,2,1,1,-1,2,-1,-1,3,0,3,0,1,0,3,0,1,3,0,-1,1,3,2,2,-1,-1,1,1,1,0,3,0,2,3,0,3,2,2,2,0,1,3,0,2,2,3,1,1,2
1603.6775612,1,-1,2,2,0,1,0,2,2,0,3,3,0,2,2,0,1,0,-1,2,1,1,1,1,-1,-1,1,3,0,0,0,2,1,-1,3,-1,0,1,1,2,-1,2,2,2,1,0,0,1,2,2
1563.22076094,1,3,0,1,1,2,1,3,3,2,1,3,3,3,2,3,0,2,2,1,1,1,0,0,-1,3,2,1,3,1,0,0,2,3,-1,-1,1,0,0,0,2,-1,0,0,0,0,-1,1,2,-1
1577.53624411,1,0,0,0,3,1,2,2,1,2,2,-1,-1,1,2,0,0,0,2,0,1,-1,0,2,1,3,1,2,0,-1,1,3,0,3,-1,1,0,3,-1,1,2,2,3,-1,1,0,3,0,1,1
1474.83821266,0,0,1,0,0,0,3,3,-1,-1,-1,0,-1,1,2,2,2,1,3,2,0,1,1,2,1,1,2,2,-1,-1,3,1,0,-1,2,3,-1,-1,1,3,0,1,0,2,1,2,0,1,1,-1
1650.35848459,1,0,-1,1,2,3,1,3,0,-1,2,3,1,2,3,1,-1,2,3,-1,1,0,3,0,1,2,2,0,1,0,-1,1,2,3,0,2,2,1,2,1,1,2,0,1,0,2,1,2,0,2
1417.57627997,-1,2,2,1,2,1,2,1,1,0,-1,2,-1,2,2,1,1,1,1,-1,2,3,0,-1,1,-1,0,0,2,2,-1,3,-1,1,-1,2,3,3,-1,1,0,2,1,2,0,0,3,0,-1,1
1530.85532072,1,-1,-1,0,3,1,1,-1,0,1,3,2,-1,3,1,2,-1,1,0,0,2,1,2,0,0,3,0,0,-1,0,2,-1,-1,2,-1,-1,1,0,2,3,1,3,1,0,0,-1,0,2,1,3
1596.20861346,3,3,3,3,1,-1,2,3,0,3,1,3,0,2,-1,2,0,3,3,1,-1,3,1,3,0,1,-1,0,0,2,1,-1,2,1,2,0,2,3,1,0,1,0,1,1,2,2,2,1,0,2
1572.55694561,3,3,2,0,2,0,1,2,1,-1,0,0,-1,2,1,0,-1,3,2,3,0,0,0,2,1,2,0,0,0,2,2,-1,1,2,1,1,1,1,1,-1,1,0,-1,1,3,-1,-1,1,0,-1
1575.04659486,-1,-1,1,0,-1,2,0,0,3,2,2,2,3,0,2,0,3,0,2,3,2,1,0,2,3,-1,1,1,0,0,2,1,-1,1,0,1,3,0,1,-1,1,2,2,-1,1,-1,3,1,0,0
1496.00023126,0,1,0,-1,1,-1,1,2,3,2,-1,-1,1,1,0,1,-1,-1,0,3,0,0,-1,1,3,-1,0,3,1,2,-1,2,2,1,1,1,0,1,0,1,3,2,2,-1,0,-1,2,2,2,0
1636.04300142,1,2,0,1,-1,-1,3,-1,0,1,0,1,2,-1,1,3,2,1,2,1,3,0,0,1,2,2,2,2,-1,0,-1,1,1,-1,0,3,0,2,-1,0,2,0,1,0,2,0,0,3,2,-1
1599.94308733,0,3,-1,1,3,1,-1,0,0,0,3,3,2,2,1,3,3,0,0,2,2,2,1,2,-1,0,0,3,1,2,1,1,2,3,3,2,0,3,3,0,1,-1,2,2,1,0,0,1,2,2
1472.34856341,0,1,2,0,1,2,2,3,0,1,-1,2,1,3,3,-1,2,2,2,-1,-1,2,-1,0,1,3,0,1,0,-1,0,0,3,1,3,0,1,-1,0,2,1,-1,0,-1,3,0,2,0,3,1
1552.01733932,1,1,2,3,3,3,2,-1,-1,2,1,2,-1,3,0,3,0,-1,0,2,0,0,2,3,-1,-1,2,1,1,0,0,0,0,2,-1,0,1,1,-1,2,2,1,1,1,0,2,1,2,3,3
1494.13299432,0,1,1,0,-1,3,2,0,1,0,-1,1,1,1,0,2,1,-1,1,1,-1,-1,1,2,3,1,0,1,0,2,2,2,1,0,-1,3,0,2,2,-1,2,2,1,0,2,0,-1,3,0,-1
1550.7725147,1,2,0,-1,0,3,1,1,-1,3,3,0,0,3,0,2,-1,1,0,1,2,3,2,0,2,3,0,0,2,2,0,0,0,-1,2,1,1,-1,-1,0,2,-1,1,1,2,2,0,1,3,1
1507.20365287,3,3,2,-1,1,1,0,1,3,0,3,0,1,-1,1,3,1,0,2,2,2,3,-1,0,3,0,2,3,-1,0,3,3,2,1,1,3,1,2,0,0,3,3,2,1,-1,1,-1,0,2,1
1593.0965519,2,2,-1,-1,3,2,-1,-1,0,2,1,3,0,0,3,-1,0,0,1,0,1,-1,2,0,0,-1,1,3,2,1,3,1,1,1,2,1,2,0,1,1,1,1,-1,-1,0,-1,0,2,0,2
1625.46199212,1,1,1,1,1,2,0,3,0,-1,0,2,1,1,3,2,2,3,2,1,-1,0,0,2,0,0,1,2,-1,-1,1,1,0,3,1,0,2,2,3,1,3,-1,2,3,0,0,1,2,2,0
1609.90168432,-1,0,2,-1,0,-1,-1,1,2,0,0,2,0,2,3,0,1,2,1,1,1,-1,1,1,2,2,3,1,2,3,2,-1,3,0,0,0,3,-1,1,3,2,0,1,2,0,1,0,0,2,1
1560.73111169,1,0,1,1,3,3,3,3,2,1,2,-1,3,0,0,-1,2,3,2,3,0,1,0,2,1,-1,-1,2,-1,0,3,0,1,0,2,2,3,0,0,3,0,3,0,-1,3,0,3,1,1,3
1500.35711744,2,1,3,3,1,1,2,2,1,-1,-1,3,-1,1,1,-1,2,3,0,1,3,0,0,0,1,2,3,0,0,0,1,2,0,1,1,0,-1,2,-1,3,2,2,1,1,0,2,2,-1,0,-1
1517.78466217,3,-1,0,-1,1,1,3,3,-1,1,1,1,-1,0,2,0,2,2,0,2,0,2,3,3,0,1,2,2,-1,1,3,3,2,-1,1,0,2,2,0,2,1,2,1,1,2,3,-1,-1,0,1
1578.15865642,3,3,-1,0,3,2,0,3,0,-1,0,2,-1,2,0,2,0,0,-1,0,1,1,3,-1,3,-1,-1,1,2,3,2,1,1,1,2,2,0,-1,0,3,1,1,0,2,2,0,2,-1,1,-1
1628.57405368,1,3,3,0,0,2,2,0,1,-1,-1,3,1,0,1,0,2,2,1,1,3,2,0,2,2,3,1,3,1,3,1,2,0,2,2,1,-1,3,0,0,1,3,1,2,0,0,1,1,3,0
1537.07944384,2,3,1,0,2,-1,3,2,1,1,0,3,1,2,1,2,0,3,0,1,1,-1,-1,1,-1,3,1,2,1,2,1,1,-1,0,0,0,3,0,3,3,0,2,-1,2,2,0,2,0,2,-1
1607.41203508,-1,-1,-1,-1,2,0,1,-1,2,3,1,-1,1,0,2,1,3,2,1,0,-1,0,2,0,3,1,0,2,1,0,-1,2,0,0,2,3,1,2,1,0,1,-1,2,2,1,-1,1,3,-1,0
1528.36567147,3,1,0,0,-1,3,-1,1,3,1,0,1,0,3,3,0,1,0,-1,1,2,3,3,-1,2,-1,3,0,-1,0,0,0,2,3,2,1,-1,1,2,-1,0,1,1,0,-1,1,3,2,1,2
1487.9088712,0,-1,-1,0,2,0,0,3,2,-1,3,0,1,0,3,2,2,1,1,1,0,-1,0,1,-1,1,3,1,3,2,2,2,3,2,3,1,3,2,0,3,0,-1,-1,0,2,0,0,1,2,-1
1463.01237873,3,3,3,0,-1,2,2,1,1,-1,0,3,0,0,-1,1,2,0,0,3,3,2,1,3,0,-1,2,-1,3,0,1,-1,1,3,3,0,3,3,1,2,-1,1,0,-1,1,0,2,1,2,0
1568.82247174,0,3,1,3,2,-1,-1,3,2,0,1,3,2,1,0,1,2,-1,0,2,1,2,-1,1,2,0,-1,-1,0,0,2,1,0,0,3,3,3,2,2,3,0,3,0,-1,0,1,2,0,-1,1
1601.81032427,0,2,2,1,0,1,0,0,1,2,1,0,-1,0,0,-1,3,-1,3,0,1,2,1,3,2,1,3,0,3,0,0,3,1,2,2,1,2,0,1,-1,-1,0,1,1,-1,3,2,1,2,2
1557.61905013,0,2,2,0,2,1,0,0,3,2,0,2,1,2,1,1,-1,1,0,3,3,2,3,-1,-1,0,2,3,3,3,1,-1,2,0,0,3,2,2,0,0,2,0,-1,2,-1,-1,1,1,2,0
1565.08799787,0,-1,0,3,1,1,2,1,1,3,3,3,2,2,1,1,3,0,1,2,0,2,1,3,1,0,2,1,3,0,0,2,2,-1,3,2,3,0,0,0,3,1,2,1,1,-1,3,2,2,3
1537.70185615,3,2,1,1,0,2,0,3,-1,1,2,-1,1,2,0,-1,0,3,-1,2,1,3,0,3,0,0,2,2,3,1,2,2,0,0,0,2,-1,1,-1,0,2,2,2,-1,3,-1,0,0,1,3
1530.23290841,1,1,0,1,3,0,2,1,2,0,2,1,2,0,-1,2,3,2,-1,1,0,2,3,-1,0,0,-1,1,0,0,0,2,3,1,1,2,-1,0,2,0,-1,3,0,2,-1,1,3,-1,1,3
1586.87242879,1,1,2,1,2,2,3,2,2,-1,0,0,0,-1,3,3,1,1,2,-1,2,2,1,1,0,3,0,0,0,0,1,0,1,3,-1,0,2,2,1,-1,-1,0,1,2,2,1,2,-1,2,0
1472.34856341,1,2,-1,0,-1,2,3,-1,3,0,0,1,-1,0,2,3,2,1,-1,3,3,2,3,1,-1,0,2,3,3,3,2,0,2,1,3,2,1,0,3,0,3,0,2,-1,0,1,3,1,2,-1
1593.71896422,0,3,2,0,-1,-1,1,0,1,1,0,2,2,1,3,1,2,-1,0,2,0,2,3,-1,1,1,2,-1,0,-1,1,-1,0,-1,2,3,0,2,0,3,1,1,3,0,-1,1,1,1,0,0
1662.18431852,0,2,0,1,1,1,0,1,2,2,1,1,2,3,-1,2,-1,0,2,1,0,0,3,0,2,2,1,-1,1,2,2,0,0,-1,2,-1,1,1,2,1,0,1,-1,0,3,-1,1,-1,3,0
1548.28286545,0,2,1,1,2,2,3,1,1,1,3,0,0,1,3,1,0,1,1,0,1,2,1,3,2,2,2,1,2,3,0,3,1,2,2,-1,0,2,-1,3,-1,0,2,-1,-1,-1,0,3,2,0
1487.28645889,-1,3,0,1,1,1,-1,2,1,3,0,1,2,-1,-1,2,2,1,0,0,3,-1,-1,0,2,0,1,2,2,3,0,0,1,-1,-1,0,1,-1,2,3,1,3,3,0,0,2,3,3,0,3
1775.46335927,3,0,2,1,3,1,1,0,0,3,1,3,2,3,2,0,0,0,0,1,-1,0,0,2,2,1,-1,2,3,0,3,0,2,0,0,2,3,1,1,1,1,1,2,0,2,2,1,3,2,2
1493.51058201,-1,1,0,2,3,2,1,0,-1,0,1,0,2,3,-1,0,-1,2,1,1,-1,-1,3,2,1,3,-1,1,1,-1,-1,3,1,2,3,2,0,2,3,0,1,3,0,0,0,2,3,-1,0,3
1563.84317325,0,-1,2,1,0,1,3,1,2,2,3,2,-1,2,1,1,1,3,0,3,0,-1,0,3,1,2,1,2,2,1,0,1,0,1,0,0,-1,0,1,0,0,3,3,-1,0,1,3,2,2,-1
1680.23427556,2,2,1,3,1,-1,-1,1,0,1,3,2,0,-1,0,-1,0,2,2,0,0,1,0,3,0,1,1,1,0,3,0,2,3,-1,3,0,2,3,2,2,0,2,1,1,1,2,0,2,1,1
1552.01733932,2,-1,-1,3,2,1,3,1,0,0,2,1,-1,-1,3,0,1,1,1,-1,0,3,1,0,-1,1,0,3,1,0,3,3,2,0,3,1,3,3,2,2,2,2,2,2,0,0,3,2,0,0
1577.53624411,1,2,3,2,1,0,0,-1,0,2,2,0,0,0,2,3,2,0,-1,-1,1,1,3,2,-1,0,-1,2,1,0,0,-1,2,1,1,0,2,0,2,0,1,3,1,3,3,-1,1,-1,3,1
1571.9345333,2,3,1,2,3,3,1,0,3,3,-1,2,1,1,2,-1,-1,0,1,0,1,2,2,3,-1,0,-1,2,0,0,2,0,1,2,2,0,-1,2,0,0,1,0,-1,2,0,1,1,2,3,1
1555.12940088,3,-1,0,3,0,2,2,1,0,0,2,0,2,0,3,1,2,-1,-1,2,1,1,3,2,3,-1,2,-1,0,3,-1,2,0,0,1,3,1,1,2,2,3,1,0,1,1,-1,2,-1,2,3
1519.0294868,1,2,-1,0,2,-1,1,-1,2,1,-1,0,-1,2,2,1,3,-1,1,0,3,1,0,3,3,2,0,3,0,0,2,0,0,1,1,-1,2,1,0,3,-1,1,2,2,1,3,2,2,3,0
1451.80895712,1,-1,1,2,-1,3,0,0,0,0,3,3,0,-1,1,3,-1,0,-1,2,1,0,1,0,3,-1,0,2,3,-1,2,2,0,2,-1,1,2,1,2,2,0,-1,-1,2,2,3,3,1,2,2
1467.99167722,-1,3,-1,2,0,-1,2,0,2,0,-1,0,1,0,-1,1,1,0,0,1,-1,-1,-1,3,0,1,3,3,1,1,3,1,1,3,2,0,1,-1,1,0,1,3,-1,1,-1,0,1,3,2,2
1654.09295846,1,0,-1,1,0,1,0,1,3,-1,0,1,0,2,2,1,-1,-1,1,0,-1,0,0,1,1,-1,0,0,3,2,3,2,0,2,2,1,2,2,-1,-1,2,1,0,2,2,2,1,2,1,0
1561.97593631,0,0,1,3,0,2,1,-1,-1,1,2,3,0,1,0,1,0,2,2,2,1,2,3,3,3,1,1,-1,2,1,2,1,3,0,0,1,2,2,2,-1,3,0,0,3,3,3,-1,2,0,2
1568.20005943,1,2,0,0,-1,1,1,3,0,2,0,1,2,1,1,2,2,1,2,3,2,2,-1,0,0,0,0,0,3,-1,0,2,-1,2,1,3,0,0,3,-1,3,1,1,1,2,-1,2,0,2,-1
1602.43273658,-1,2,1,1,0,-1,0,3,2,1,0,1,1,2,3,1,2,2,0,3,0,2,0,3,1,3,-1,1,0,0,0,2,0,2,0,1,3,1,2,3,2,2,2,3,-1,1,3,2,1,2
1639.15506298,2,-1,0,1,1,2,0,0,1,3,0,2,2,0,2,0,0,1,2,1,3,2,1,3,-1,3,3,2,0,0,1,1,0,1,-1,2,-1,2,2,2,-1,0,0,1,1,2,1,0,-1,0
1550.7725147,3,1,1,3,1,1,2,1,2,0,0,2,0,0,3,-1,-1,3,-1,-1,3,3,-1,1,2,0,0,2,0,3,0,2,2,2,2,3,2,0,0,1,0,-1,1,0,-1,0,3,2,2,2
1525.87602223,2,0,-1,0,1,2,1,3,0,1,3,2,-1,0,-1,3,0,1,1,0,0,0,1,1,-1,3,1,-1,1,-1,0,3,-1,0,0,-1,2,0,0,-1,1,1,2,1,1,-1,3,2,2,3
1597.45343809,0,2,2,1,2,0,3,3,2,1,0,-1,-1,-1,0,2,2,2,1,3,1,1,1,-1,-1,0,2,2,2,-1,0,1,3,-1,2,0,0,0,1,2,1,0,-1,0,0,-1,3,2,1,0
1548.90527776,0,1,2,1,2,-1,-1,3,2,3,-1,1,0,1,3,0,1,0,2,2,0,1,1,1,-1,0,-1,-1,0,2,2,0,-1,2,0,-1,1,1,3,2,1,1,2,0,3,2,1,-1,3,2
1584.38277954,1,1,0,-1,3,3,3,1,0,3,3,-1,-1,-1,-1,0,0,-1,3,3,0,2,0,0,3,2,1,0,2,1,3,2,2,2,2,0,2,3,0,1,0,2,1,1,2,1,2,2,0,2
1497.24505588,2,0,2,0,0,-1,0,0,0,0,2,2,-1,1,3,0,2,1,-1,0,2,3,2,2,3,-1,1,0,3,-1,1,-1,1,0,1,-1,2,2,3,1,0,1,3,1,1,0,-1,3,1,-1
1454.92101868,0,1,1,1,-1,1,2,2,-1,-1,3,3,3,1,3,3,3,3,0,2,1,1,-1,0,-1,0,2,2,-1,0,1,3,1,1,3,1,0,2,1,2,-1,0,2,-1,-1,3,0,0,3,1
1494.13299432,1,0,2,1,0,1,2,-1,3,-1,1,2,1,1,-1,0,0,2,0,3,1,-1,2,0,1,2,1,2,-1,3,2,1,1,-1,2,-1,3,3,2,-1,3,0,1,3,0,0,1,2,1,0
1512.80536368,2,2,3,1,0,-1,-1,3,2,0,-1,0,1,2,2,0,0,2,2,0,-1,3,2,3,0,2,1,0,-1,3,0,2,3,2,0,1,3,1,1,0,3,2,3,2,0,1,3,3,1,1
1583.76036723,2,0,0,1,0,2,1,-1,0,0,1,1,2,1,2,2,0,-1,-1,-1,0,3,3,-1,2,3,2,1,2,-1,2,1,3,3,1,2,3,1,1,2,0,1,0,1,2,1,0,3,3,3
1557.61905013,2,2,1,2,-1,2,1,-1,-1,0,3,-1,0,1,2,0,1,1,0,0,2,1,3,-1,3,1,1,1,0,0,0,3,0,2,2,0,3,1,3,2,-1,1,-1,2,2,0,1,0,3,1
1433.13658776,0,1,3,1,2,1,-1,0,3,-1,3,2,1,2,1,0,2,-1,2,-1,1,0,1,-1,-1,0,2,1,2,3,3,1,0,-1,2,2,2,2,0,0,1,-1,2,-1,2,1,-1,2,0,1
1429.40211389,0,1,2,-1,0,1,-1,0,0,2,2,-1,-1,1,0,2,1,1,3,-1,1,3,1,2,-1,3,0,2,0,-1,0,1,2,-1,-1,1,2,1,0,-1,1,3,-1,0,1,3,2,0,2,2
1644.13436147,-1,1,2,0,0,0,2,2,1,-1,0,3,1,-1,0,0,0,0,2,2,3,-1,2,1,0,0,0,1,1,0,2,-1,1,3,1,-1,1,3,1,3,2,1,2,1,3,3,2,0,2,1
1470.48132647,3,0,-1,1,0,-1,0,1,0,0,-1,-1,1,1,3,1,3,1,-1,-1,-1,1,2,3,2,2,1,1,0,1,0,0,0,-1,3,1,0,2,0,-1,2,1,3,2,3,2,1,3,1,-1
1604.29997352,2,0,1,3,1,2,1,2,2,0,3,0,1,2,2,0,-1,1,0,-1,0,2,2,3,1,1,-1,1,0,1,3,0,-1,0,-1,0,1,0,-1,1,1,0,3,3,-1,3,0,-1,2,3
1578.15865642,1,0,-1,1,3,-1,0,-1,0,2,1,2,-1,3,2,0,3,1,1,1,3,0,2,1,2,3,2,0,1,3,1,3,-1,2,-1,2,0,1,1,0,2,2,2,1,0,0,-1,2,0,1
1718.20142658,3,3,0,2,3,0,2,1,1,1,-1,0,0,0,2,1,-1,3,1,0,2,2,3,3,2,0,2,1,0,1,1,0,0,1,2,3,3,1,2,2,1,0,0,2,2,2,1,3,-1,0
1627.95164137,0,1,-1,2,0,2,-1,0,1,-1,0,-1,0,2,1,-1,2,-1,3,0,1,1,1,2,0,-1,0,0,2,0,2,-1,2,2,2,1,1,0,2,1,2,3,3,1,2,1,1,1,3,1
1605.54479814,-1,0,2,0,2,1,0,0,0,1,1,-1,-1,1,3,3,2,0,1,1,0,1,0,2,0,0,0,2,-1,1,-1,0,-1,2,1,2,-1,0,1,-1,2,3,0,1,1,3,3,3,3,1
1418.82110459,0,1,3,0,0,3,2,1,-1,1,1,1,3,2,2,3,1,1,2,-1,2,1,0,2,3,3,-1,2,-1,1,2,3,1,2,0,2,-1,-1,0,3,1,2,-1,1,2,0,0,3,0,-1
1503.469179,0,1,2,1,2,3,-1,3,-1,1,3,3,1,3,2,0,-1,0,1,3,3,0,0,-1,3,1,-1,-1,3,1,3,1,-1,1,2,1,2,0,0,1,2,1,3,0,2,0,3,-1,-1,1
1628.57405368,-1,3,0,2,3,2,0,0,1,3,3,0,1,3,0,3,2,3,3,1,2,2,1,0,2,-1,0,0,0,1,2,3,1,2,2,0,1,0,1,1,2,0,2,3,-1,2,1,3,2,-1
1533.96738228,2,0,-1,2,2,2,0,-1,1,0,-1,0,1,2,3,2,3,2,0,1,0,0,0,-1,2,3,0,2,1,2,2,3,-1,0,0,-1,1,1,2,1,3,-1,3,1,2,1,2,1,3,0
1561.97593631,1,-1,2,0,0,0,2,2,0,1,1,0,2,1,-1,-1,0,2,0,-1,3,2,1,3,3,0,1,1,1,2,2,1,0,2,0,1,3,3,2,-1,1,-1,1,1,-1,0,-1,0,0,0
1588.11725341,2,1,3,1,0,0,0,0,1,0,3,2,3,2,2,2,-1,1,3,-1,1,0,-1,1,2,1,3,1,0,2,0,3,2,1,1,2,0,1,0,0,1,-1,3,2,1,-1,2,2,2,3
1662.18431852,-1,2,3,0,-1,1,-1,0,0,-1,-1,1,2,3,1,2,1,2,0,2,2,0,2,-1,1,0,3,2,1,0,3,1,0,0,-1,2,2,3,1,1,1,0,1,0,0,0,3,1,1,2
1552.63975163,2,3,3,2,1,0,1,3,0,2,3,2,-1,0,1,0,0,-1,2,1,2,0,0,2,1,-1,0,3,3,-1,2,2,1,0,0,2,3,0,1,0,-1,2,-1,1,2,-1,1,-1,0,1
1482.92957271,0,3,0,1,1,1,2,2,3,3,2,0,3,1,-1,0,0,2,3,2,2,0,0,3,1,2,2,0,-1,-1,1,2,1,-1,1,1,-1,0,3,-1,3,2,0,1,0,0,2,3,2,-1
1606.16721045,3,1,3,0,2,2,3,0,0,3,1,-1,1,1,-1,0,3,-1,2,2,0,0,3,1,0,0,2,-1,1,1,1,2,2,0,1,1,0,3,2,3,-1,1,-1,0,2,1,2,0,-1,0
1584.38277954,0,1,2,2,0,-1,3,1,3,2,0,0,2,3,1,0,0,1,-1,0,1,3,2,2,2,2,3,1,2,1,3,-1,3,0,-1,3,1,0,3,1,3,-1,2,2,1,2,1,2,0,1
1525.25360991,2,2,0,-1,-1,2,2,3,1,3,1,0,2,3,1,-1,-1,2,2,-1,3,-1,2,2,1,3,0,0,1,-1,0,1,2,0,-1,0,3,0,2,3,1,2,0,1,2,1,1,3,1,0
1634.17576448,2,-1,-1,2,0,0,3,0,2,-1,3,3,3,1,0,0,2,1,0,1,1,1,1,0,1,-1,3,-1,0,2,2,3,2,0,2,3,3,0,1,1,1,1,1,-1,0,2,2,3,3,1
1599.94308733,3,2,-1,0,0,2,2,2,0,-1,0,0,1,1,0,1,0,0,3,3,0,0,3,0,3,1,2,2,2,-1,3,1,2,1,-1,3,2,1,3,-1,2,3,0,0,1,2,1,2,2,-1
1508.44847749,3,1,2,1,2,2,1,2,0,-1,1,3,0,-1,0,3,1,1,0,0,2,-1,1,0,1,-1,3,-1,2,3,0,1,0,-1,1,2,0,2,2,0,3,2,-1,1,3,0,2,2,2,-1
1432.51417545,2,1,0,2,1,0,1,3,0,-1,0,0,3,2,1,2,1,1,1,2,-1,-1,0,-1,3,-1,2,2,-1,0,2,0,1,-1,0,0,3,2,-1,2,-1,0,1,2,1,2,-1,2,2,1
1586.87242879,0,0,1,1,2,1,0,1,1,2,0,3,3,2,2,3,-1,-1,1,-1,3,-1,1,2,0,-1,0,1,2,0,0,1,2,0,3,0,2,0,2,0,2,1,0,2,1,-1,2,1,3,3
1528.36567147,1,-1,0,0,1,1,1,-1,1,0,0,-1,2,1,0,0,1,2,0,0,0,0,2,3,3,1,1,0,-1,2,1,-1,3,-1,2,-1,1,0,3,3,-1,3,1,3,2,-1,1,3,2,1
1499.73470513,2,2,1,1,2,1,-1,1,0,0,3,3,-1,0,-1,2,0,-1,2,-1,0,1,3,2,-1,2,0,2,0,0,1,2,-1,1,3,2,-1,1,1,1,0,-1,2,0,1,3,2,0,1,0
1458.65549255,0,3,1,0,1,2,0,1,1,1,2,1,-1,-1,3,3,0,3,2,2,3,2,0,0,-1,0,-1,3,3,2,0,2,2,-1,0,2,1,2,-1,-1,1,0,-1,0,1,-1,2,1,3,2
1621.72751825,1,2,0,1,2,2,-1,1,2,-1,1,-1,1,0,1,2,1,2,0,0,0,3,2,-1,1,0,2,0,0,0,0,2,-1,1,-1,2,0,3,3,0,1,-1,3,3,3,1,2,1,1,0
1476.08303728,2,3,0,1,0,2,3,2,1,0,1,3,2,1,-1,0,3,2,1,2,2,1,0,1,3,2,-1,1,3,1,2,-1,-1,0,-1,1,3,2,0,0,3,0,-1,1,0,1,-1,-1,1,3
1490.39852045,-1,0,2,3,2,0,0,-1,0,0,1,1,2,-1,3,1,0,2,3,0,1,0,2,2,1,-1,-1,3,-1,2,0,2,-1,3,-1,3,-1,0,2,2,1,-1,0,3,2,0,2,2,3,0
1512.18295137,0,1,-1,0,2,2,2,3,-1,3,1,0,0,2,0,2,-1,3,-1,1,0,1,3,0,-1,-1,1,1,2,1,2,3,-1,3,3,-1,1,3,1,2,1,0,1,1,3,-1,0,-1,2,1
1514.67260061,2,1,2,1,2,2,1,1,0,3,1,2,2,1,2,0,0,3,2,1,2,0,-1,0,2,3,-1,1,1,2,0,-1,3,-1,3,0,3,0,1,2,-1,0,3,0,0,-1,1,3,3,2
1539.56909309,0,2,-1,0,0,2,-1,-1,-1,-1,2,2,1,2,-1,1,1,3,0,0,3,0,-1,2,2,0,-1,2,2,0,3,0,1,0,-1,2,1,-1,2,1,1,0,3,0,0,2,-1,1,-1,1
1633.55335217,1,-1,2,0,2,1,3,-1,2,-1,0,0,2,0,3,3,2,1,3,2,0,0,0,-1,1,0,2,1,3,3,0,3,-1,-1,1,1,2,2,2,1,0,3,0,1,2,0,2,1,3,0
1586.87242879,1,3,2,-1,0,1,-1,2,3,1,0,2,-1,0,0,3,2,2,0,0,2,2,2,1,1,2,1,0,-1,0,-1,0,1,0,3,3,-1,0,2,2,3,1,2,-1,1,2,1,3,0,3
1513.42777599,-1,0,0,3,1,0,1,3,1,-1,2,2,0,-1,2,1,2,1,2,3,1,2,1,0,2,0,1,0,2,1,3,2,1,2,0,1,1,2,2,-1,-1,-1,3,2,0,3,3,0,3,1
1486.04163427,0,0,1,-1,2,2,0,1,2,2,0,0,0,1,2,2,1,3,-1,0,2,0,1,-1,3,0,3,2,1,1,0,3,2,1,3,3,-1,-1,-1,-1,1,0,0,0,1,1,-1,0,-1,-1
1551.39492701,1,1,2,2,-1,-1,3,0,0,0,0,3,1,2,-1,1,-1,0,0,1,3,0,1,-1,2,1,0,3,3,-1,0,3,1,2,0,1,1,3,2,-1,-1,1,2,0,2,0,1,0,2,2
1585.62760416,3,1,0,0,0,1,-1,1,2,-1,2,0,0,2,0,1,0,-1,-1,-1,1,0,2,3,1,1,-1,-1,2,1,2,-1,0,1,0,1,-1,0,0,2,2,2,1,2,2,2,1,3,2,1
1588.73966572,3,-1,2,1,0,3,0,1,0,3,0,1,0,-1,1,2,2,3,2,2,1,0,2,-1,0,0,1,0,3,1,2,2,3,-1,0,2,2,-1,0,1,2,1,1,0,3,3,2,-1,-1,2
1573.17935792,2,3,1,2,-1,-1,1,0,1,3,-1,0,1,1,1,0,-1,0,2,1,0,-1,1,3,-1,0,3,0,0,3,-1,0,-1,1,3,2,2,0,1,1,2,3,0,3,2,0,0,3,0,3
1515.91742524,0,2,2,-1,0,1,0,0,2,1,3,-1,1,1,0,2,1,0,1,3,0,2,2,1,1,0,-1,1,3,3,3,-1,3,0,-1,3,3,3,-1,1,3,1,2,1,0,3,1,2,2,1
1502.84676669,2,1,-1,3,2,0,2,2,1,1,3,0,3,3,2,1,1,-1,1,-1,-1,2,0,2,2,-1,0,-1,0,3,1,0,1,-1,0,1,-1,1,3,1,0,1,1,-1,0,0,2,0,0,3
1510.93812674,3,1,2,2,0,1,2,0,1,0,-1,1,0,2,-1,0,-1,1,0,2,2,1,0,2,3,3,0,3,2,-1,-1,1,3,0,2,2,2,-1,1,1,1,3,-1,3,2,0,1,3,1,3
1606.78962276,3,1,3,3,0,2,-1,2,3,3,-1,1,0,1,1,2,2,0,0,0,3,1,2,3,3,2,0,3,0,3,2,2,1,3,1,2,1,-1,2,0,2,0,1,1,2,2,3,0,0,1
1623.59475518,2,2,-1,3,1,0,3,2,0,-1,2,2,2,0,0,-1,2,1,3,3,-1,1,0,1,0,1,2,-1,2,1,3,3,0,1,1,2,-1,1,1,0,1,2,0,2,1,0,2,-1,1,0
1629.8188783,3,0,0,1,2,1,2,1,0,0,2,2,3,3,0,1,0,1,-1,1,2,1,2,3,0,1,1,0,2,-1,2,3,2,3,-1,3,1,3,0,0,2,2,2,1,3,2,3,0,-1,0
1360.93675959,0,0,2,2,3,2,2,3,-1,1,0,-1,-1,1,2,2,-1,1,0,-1,2,3,1,2,3,1,-1,-1,0,-1,3,0,2,-1,3,1,-1,0,0,2,-1,3,1,3,2,0,2,1,2,1
1636.66541373,3,-1,0,0,2,2,1,3,3,3,3,-1,1,2,1,3,1,0,0,0,2,2,1,1,3,-1,2,2,2,-1,2,-1,0,1,2,0,1,2,3,-1,0,0,0,0,1,0,1,2,3,2
1706.37559266,3,0,3,1,2,1,2,1,-1,-1,0,-1,1,2,0,0,2,0,3,1,-1,-1,3,2,3,3,-1,1,2,1,2,2,0,1,0,0,0,0,2,1,0,2,2,3,1,2,1,0,2,0
1469.85891416,2,1,0,0,3,1,2,3,3,3,0,-1,3,3,0,1,2,3,-1,-1,2,3,1,0,-1,0,0,0,1,0,3,3,2,1,0,-1,3,1,1,2,-1,-1,2,1,1,0,3,2,1,1
1580.64830567,0,-1,-1,3,1,2,2,3,1,0,1,2,2,2,-1,-1,1,0,3,2,2,1,0,-1,2,0,0,0,1,1,-1,3,0,1,1,0,3,-1,0,-1,0,0,0,1,1,1,-1,1,2,-1
1506.58124056,0,1,3,1,0,0,1,2,2,-1,0,1,0,0,-1,2,0,2,1,2,0,0,0,0,3,2,2,-1,2,1,-1,1,0,-1,0,3,2,1,2,2,3,3,-1,1,-1,2,-1,-1,-1,1
1655.9601954,1,3,2,0,2,2,-1,3,0,-1,0,0,3,-1,2,0,2,2,1,3,3,3,0,1,3,2,1,0,1,-1,3,0,1,0,3,-1,1,-1,0,0,0,2,1,0,1,2,1,0,3,2
1590.60690266,2,1,1,2,2,2,1,0,3,3,0,0,2,0,3,-1,1,2,1,2,1,1,3,2,3,0,2,3,0,2,0,2,-1,3,1,2,0,-1,-1,-1,0,1,1,0,3,1,3,2,0,1
1606.16721045,0,3,-1,2,1,1,1,0,-1,3,2,3,1,-1,0,2,3,0,2,0,2,0,1,2,0,1,1,1,2,-1,0,2,0,0,0,1,-1,2,3,2,3,1,3,2,-1,0,0,1,-1,3
1369.65053196,0,2,0,1,1,0,2,1,3,2,0,-1,1,0,2,0,0,2,-1,2,1,-1,3,-1,1,3,1,0,3,3,2,2,-1,1,1,3,3,2,-1,0,-1,-1,3,1,0,-1,-1,0,3,1
1497.86746819,-1,1,2,-1,2,1,1,1,3,0,2,1,3,1,0,2,0,3,-1,2,1,1,1,3,3,0,3,3,-1,-1,0,0,0,1,-1,2,1,2,3,1,2,2,1,2,0,-1,1,-1,2,-1
1532.10014534,2,1,0,0,1,0,0,0,-1,2,0,2,1,0,-1,2,1,3,0,-1,1,2,0,2,3,2,2,3,-1,3,-1,2,3,3,1,3,1,-1,3,0,0,2,2,1,3,-1,0,1,2,2
1631.68611524,1,0,0,3,2,-1,2,3,1,3,1,-1,-1,2,-1,0,3,2,1,2,0,3,1,3,2,1,0,3,1,2,2,2,-1,0,0,0,1,2,2,-1,2,1,1,2,1,1,0,0,0,1
1479.81751115,-1,-1,2,3,0,0,1,0,-1,2,3,-1,1,1,3,1,2,0,1,3,1,2,3,0,1,2,2,3,2,1,3,-1,0,2,1,0,0,2,3,0,-1,-1,0,1,1,2,3,3,3,3
1584.38277954,3,-1,-1,2,1,-1,2,3,3,1,3,1,3,1,0,0,2,0,-1,1,0,1,2,-1,-1,0,1,2,1,0,2,2,2,2,0,1,3,2,2,3,0,2,3,3,1,0,2,0,1,2
1360.31434728,3,1,2,0,2,-1,1,1,1,0,0,1,0,1,1,-1,1,-1,0,2,2,-1,-1,2,1,1,1,1,2,2,2,-1,1,0,2,2,2,-1,2,-1,3,-1,0,1,3,3,-1,3,0,3
1546.41562852,1,-1,-1,-1,0,0,1,2,3,3,0,-1,0,1,1,-1,0,0,1,1,-1,2,2,-1,-1,2,2,0,3,2,1,0,-1,-1,-1,1,0,0,0,3,2,2,0,2,-1,1,2,-1,0,1
1621.72751825,2,2,2,-1,0,2,2,2,1,0,1,0,0,1,3,2,2,-1,1,0,1,1,0,3,0,2,-1,2,-1,3,1,0,3,-1,2,2,1,0,3,3,3,0,0,1,-1,0,1,-1,3,1
1506.58124056,0,-1,2,2,2,1,2,0,-1,1,-1,1,0,1,3,2,-1,-1,2,2,0,1,0,1,1,0,-1,1,0,-1,3,2,1,3,0,0,-1,0,3,2,1,1,-1,1,2,2,2,3,2,2
1444.96242169,-1,2,0,0,3,-1,-1,-1,3,3,1,-1,2,0,2,3,1,-1,1,2,0,2,2,3,2,2,3,-1,1,1,1,-1,0,1,3,0,2,3,2,-1,0,1,2,1,2,1,2,1,1,-1
1608.6568597,-1,-1,2,0,1,1,0,2,1,3,-1,1,-1,2,2,3,3,2,-1,1,0,1,1,3,3,2,0,0,-1,2,2,2,0,0,1,0,2,0,-1,1,3,1,0,3,1,3,1,3,0,1
1632.30852755,-1,2,2,-1,1,-1,-1,3,1,1,0,2,3,2,0,2,1,2,3,0,1,3,1,3,2,0,2,2,2,0,3,-1,-1,0,0,1,1,3,2,1,1,-1,0,0,0,0,0,1,1,3
1617.99304438,3,0,-1,2,2,1,3,1,1,2,1,1,2,1,0,2,-1,2,1,3,-1,-1,1,3,-1,2,1,-1,0,3,-1,0,2,2,2,-1,1,0,1,1,2,0,0,1,0,2,2,0,0,0
1639.15506298,1,1,3,0,1,2,3,2,0,0,0,3,2,1,1,0,1,1,3,0,-1,2,-1,1,1,1,3,3,-1,2,-1,3,3,3,0,3,2,2,3,2,0,2,2,1,1,0,1,2,1,2
1642.88953685,-1,0,3,0,2,3,0,0,2,1,2,1,3,0,0,1,-1,-1,1,0,0,1,-1,-1,3,-1,3,1,2,1,0,2,3,1,1,2,0,0,2,2,2,2,1,0,2,1,2,1,1,2
1520.89672373,2,1,-1,1,-1,2,0,2,2,2,1,1,3,2,3,3,0,-1,2,1,2,3,0,3,0,3,-1,3,2,3,-1,2,1,3,0,0,0,1,1,1,2,1,1,-1,1,0,-1,3,2,3
1645.3791861,0,1,3,-1,0,-1,0,0,1,2,1,2,2,0,3,1,1,2,1,3,-1,2,1,3,1,3,1,0,2,0,2,3,1,3,3,3,2,0,3,2,2,1,0,2,2,1,0,1,1,0
1436.87106163,0,3,-1,2,-1,1,2,1,2,2,-1,0,1,3,0,-1,0,3,1,3,0,-1,1,-1,-1,0,1,0,3,2,-1,3,0,2,-1,3,0,0,0,2,1,-1,2,3,1,1,2,3,2,2
1487.9088712,0,2,1,1,2,0,1,0,2,3,-1,2,2,1,3,2,-1,1,-1,3,1,0,1,0,1,-1,1,2,2,0,3,0,-1,0,1,2,3,1,3,-1,3,0,1,0,2,-1,-1,0,3,3
1569.44488405,1,-1,3,0,2,3,1,3,-1,2,1,2,2,3,0,0,0,2,1,-1,3,2,2,2,-1,3,-1,0,1,1,0,0,-1,0,0,3,1,-1,1,0,2,3,0,1,1,1,0,-1,1,2
1608.03444739,1,0,2,2,2,1,-1,2,3,1,-1,2,0,0,2,1,3,2,3,1,3,-1,0,0,0,0,0,3,1,3,2,2,1,0,2,1,-1,-1,3,0,2,1,0,0,1,0,0,1,3,2
1591.22931497,-1,0,2,3,0,1,0,2,0,0,0,2,0,1,1,1,0,2,2,3,1,-1,3,2,3,1,-1,-1,3,1,0,0,2,1,-1,-1,2,1,-1,0,2,1,2,0,0,3,2,2,0,2
1516.53983755,2,0,3,0,2,-1,-1,3,0,-1,2,0,2,1,2,2,-1,1,-1,3,-1,3,-1,1,0,2,2,3,0,3,2,1,-1,0,2,1,1,1,0,0,3,1,2,2,3,2,2,0,0,3
1613.01374588,3,3,0,1,1,3,1,0,0,-1,2,1,-1,1,2,2,2,1,-1,2,3,3,1,-1,1,2,3,0,0,0,1,1,2,2,3,3,2,2,1,0,-1,1,2,3,0,0,0,2,0,0
1400.77114755,1,3,-1,1,1,3,2,-1,3,1,-1,2,2,1,2,2,-1,0,1,0,0,-1,1,0,1,3,3,1,2,0,3,0,2,-1,3,3,2,-1,-1,2,2,3,2,1,-1,0,2,3,0,2
1555.12940088,0,1,3,2,2,0,3,1,1,2,3,-1,0,2,1,-1,0,3,-1,1,2,2,2,2,-1,2,-1,-1,3,0,3,0,1,0,-1,1,2,1,2,-1,0,2,1,0,0,2,3,1,1,3
1528.36567147,0,2,1,0,3,2,2,2,3,0,-1,0,2,1,-1,0,0,-1,0,1,3,3,-1,0,2,-1,2,1,2,0,0,1,1,3,2,2,2,1,0,-1,3,1,1,2,-1,-1,1,0,1,0
1585.00519185,0,2,3,1,1,2,1,2,2,1,-1,-1,3,1,3,2,1,-1,3,3,0,0,1,0,3,-1,2,0,1,2,1,2,0,3,0,1,0,0,2,1,2,0,2,0,2,3,-1,2,0,3
1697.03940798,1,2,2,0,0,0,1,0,1,1,1,2,2,3,2,3,2,2,2,1,1,3,-1,2,0,1,0,3,-1,0,3,-1,1,2,1,2,0,0,0,0,3,0,0,2,-1,-1,1,3,3,1
1622.34993056,0,2,2,0,1,0,0,3,-1,1,0,1,-1,1,2,1,-1,0,2,2,0,2,1,1,0,3,0,3,2,2,1,0,2,3,1,-1,0,1,3,-1,0,0,-1,3,2,3,3,3,2,2
1715.08936502,-1,0,2,0,1,0,3,1,3,0,1,1,0,2,3,2,0,-1,1,0,3,3,2,2,1,1,2,2,2,0,1,0,0,0,2,2,1,0,0,3,1,2,1,-1,1,1,2,-1,1,-1
1418.82110459,3,-1,2,2,2,1,1,3,-1,1,2,-1,2,0,3,3,1,0,1,2,0,1,0,2,-1,3,0,2,3,-1,0,2,1,1,1,3,-1,-1,3,3,1,0,1,1,-1,0,-1,0,0,-1
1391.43496287,0,1,3,2,0,-1,2,1,3,3,2,1,0,1,3,0,3,1,2,-1,0,0,-1,-1,0,1,1,1,0,3,0,-1,1,1,2,-1,0,-1,3,3,-1,1,1,-1,-1,-1,0,0,2,-1
1688.32563561,3,0,3,1,2,0,3,2,1,1,2,1,2,1,1,0,1,0,1,3,1,3,-1,-1,2,0,0,2,0,0,3,3,2,3,0,1,3,2,1,1,3,0,2,1,1,0,0,2,0,3
1558.24146244,2,2,1,2,3,-1,1,0,0,2,3,1,1,1,3,2,0,0,2,-1,-1,0,-1,1,3,2,2,0,1,-1,2,3,2,1,-1,-1,1,0,1,1,2,0,0,1,-1,0,1,3,2,2
1618.61545669,1,0,3,1,2,2,2,-1,1,-1,0,2,0,1,3,1,1,0,1,2,3,1,1,1,2,2,-1,0,-1,-1,-1,-1,1,-1,0,2,2,3,1,0,2,0,1,0,1,1,0,2,0,2
1661.56190621,2,-1,2,2,-1,2,0,0,0,3,1,-1,-1,-1,1,2,1,2,2,1,1,-1,2,1,0,2,3,3,1,0,0,1,0,1,-1,1,2,0,0,2,0,0,-1,2,0,3,0,3,-1,0
1665.29638008,-1,2,0,-1,1,2,1,0,0,3,2,1,-1,1,-1,0,1,3,1,-1,2,0,2,2,1,0,3,0,0,2,-1,2,0,0,1,2,0,-1,0,2,1,3,0,1,3,3,1,1,2,1
1516.53983755,2,1,1,0,-1,2,1,0,0,3,2,2,-1,0,2,0,2,3,2,1,1,0,1,0,1,-1,0,1,0,2,0,1,1,-1,1,3,-1,2,-1,3,2,3,2,2,-1,0,0,0,2,-1
1499.73470513,2,2,0,1,0,-1,0,0,3,3,3,0,1,-1,2,-1,-1,3,0,2,0,-1,2,2,1,1,3,2,0,1,0,0,1,-1,3,1,3,2,1,2,1,1,0,-1,-1,1,0,1,3,-1
1624.83957981,1,-1,0,2,-1,0,-1,1,1,2,3,3,0,3,-1,0,1,0,0,1,1,2,0,1,0,2,2,1,3,3,2,-1,2,2,-1,0,1,2,3,0,0,0,3,0,3,1,2,3,2,3
1594.96378884,2,3,2,0,3,-1,-1,1,-1,3,1,2,1,0,0,3,1,-1,0,2,0,0,1,1,2,2,2,-1,0,1,2,0,0,1,0,2,1,0,-1,3,-1,-1,2,1,1,1,0,1,2,1
1637.91023836,-1,0,3,2,0,0,3,1,0,2,0,2,2,0,-1,1,3,1,1,0,0,3,2,1,0,3,0,2,2,3,0,0,-1,1,-1,1,2,2,-1,0,3,1,3,2,3,2,0,-1,1,1
1604.29997352,0,1,1,-1,1,2,2,3,3,0,-1,2,3,2,0,0,3,1,2,-1,-1,3,2,2,1,3,0,0,1,1,1,2,1,3,2,-1,3,1,0,0,0,1,0,2,-1,0,0,1,2,1
1583.76036723,3,2,0,0,3,-1,0,-1,2,1,1,3,2,2,0,2,2,0,2,1,-1,0,1,0,1,1,0,-1,2,-1,3,1,-1,0,-1,1,3,2,1,1,2,2,2,3,3,2,0,1,2,2
1609.27927201,1,0,1,-1,0,1,1,2,3,0,0,0,2,1,0,2,2,0,3,-1,0,1,3,1,-1,2,2,0,-1,3,-1,1,3,3,2,-1,1,2,2,0,1,1,-1,0,0,2,2,1,1,0
1540.1915054,1,-1,0,2,2,0,1,1,0,3,2,0,-1,2,2,3,2,0,3,2,1,2,-1,1,0,1,2,0,-1,3,2,1,0,-1,3,0,2,1,0,-1,1,-1,0,-1,3,2,1,3,-1,0
1596.83102577,2,3,3,-1,2,1,0,0,2,-1,3,0,2,0,1,2,1,2,-1,1,-1,-1,-1,-1,0,2,1,3,0,-1,0,1,0,3,1,3,0,0,1,2,0,3,0,2,-1,2,1,0,2,1
1585.00519185,-1,2,0,3,0,-1,1,0,0,1,-1,3,2,3,1,0,3,0,3,0,0,3,2,-1,1,3,1,2,-1,0,3,2,2,0,2,3,3,2,0,1,2,1,2,1,0,1,2,-1,3,0
1517.78466217,1,0,1,2,-1,2,0,0,3,1,-1,1,-1,-1,3,3,3,-1,3,0,-1,3,0,0,0,-1,3,-1,0,1,2,2,1,1,2,0,-1,1,0,1,1,2,2,1,3,1,0,1,-1,1
1535.83461921,0,1,3,1,0,1,1,2,2,3,-1,1,1,0,0,2,-1,-1,2,1,2,3,3,1,2,0,-1,-1,2,-1,2,2,3,2,1,2,-1,0,0,1,1,0,1,1,2,-1,0,2,0,3
1578.15865642,-1,2,2,1,0,0,0,-1,1,2,1,2,0,1,3,3,3,2,-1,-1,3,1,2,-1,0,2,3,0,1,-1,1,0,2,0,0,3,-1,2,2,0,0,0,0,1,3,1,-1,1,2,3
1623.59475518,-1,0,3,0,1,-1,0,0,2,2,1,1,1,0,1,0,1,3,-1,1,0,2,-1,-1,-1,-1,0,2,0,-1,2,1,1,1,2,2,2,2,1,0,0,-1,2,0,1,0,2,1,2,1
1639.15506298,0,3,0,1,2,1,-1,3,0,-1,3,-1,2,2,2,-1,3,1,2,0,0,1,1,0,3,1,1,0,-1,3,3,1,2,0,1,2,0,-1,1,0,0,3,2,0,0,2,3,2,1,2
1425.04522771,3,-1,1,3,3,2,0,0,-1,1,-1,1,-1,1,-1,3,-1,2,2,0,1,-1,-1,-1,0,2,-1,1,-1,0,3,3,1,1,-1,0,-1,1,2,0,0,0,2,2,1,1,0,2,-1,2
1621.10510594,2,1,3,2,3,3,1,0,2,0,-1,1,2,1,2,0,2,-1,1,2,-1,0,1,0,0,-1,2,2,2,-1,0,1,0,0,2,1,3,0,1,1,-1,0,2,1,3,0,0,1,2,1
1512.80536368,2,1,-1,-1,3,3,2,1,1,3,3,0,0,0,0,2,3,-1,1,3,2,2,2,3,1,0,3,1,3,0,0,1,-1,2,2,1,0,2,1,1,2,3,2,-1,2,0,0,1,-1,3
1452.43136943,1,1,-1,2,2,0,2,0,-1,1,2,0,2,-1,1,-1,-1,2,3,3,1,2,2,-1,1,1,2,0,-1,-1,3,0,1,-1,0,2,1,0,-1,2,0,3,-1,0,1,3,2,0,-1,2
1543.30356696,3,3,1,2,1,0,2,0,-1,0,-1,1,0,0,3,0,0,2,2,1,1,-1,1,3,3,-1,3,2,1,0,2,2,1,2,2,2,-1,1,-1,2,0,1,1,0,2,2,1,3,-1,1
1544.54839158,1,2,2,1,-1,2,2,0,1,2,2,3,-1,1,3,1,-1,-1,3,0,1,-1,1,-1,3,1,1,-1,0,3,1,2,0,1,0,2,2,0,0,1,2,3,0,2,3,-1,1,2,3,1
1556.99663782,1,2,3,2,1,3,3,2,2,0,0,-1,0,2,0,0,0,2,3,2,-1,1,0,3,0,1,2,3,-1,-1,1,3,1,-1,2,1,1,0,0,3,3,3,0,1,2,-1,1,2,-1,1
1548.28286545,0,3,0,1,0,2,-1,3,-1,3,2,2,2,3,3,1,0,2,0,1,3,-1,0,1,0,3,1,0,-1,0,1,0,-1,2,1,-1,2,2,1,0,1,2,0,1,-1,-1,0,1,2,-1
1598.0758504,-1,2,-1,2,1,3,-1,0,-1,3,1,3,1,2,2,0,3,-1,1,2,-1,-1,2,2,0,2,3,1,0,3,3,2,2,-1,0,1,0,2,1,0,0,0,2,0,3,2,1,1,1,1
1695.17217104,1,1,2,2,2,2,1,-1,3,-1,2,0,2,0,1,3,2,0,0,1,3,0,2,0,0,0,1,1,2,-1,0,2,0,2,1,3,0,1,1,3,0,2,0,0,3,-1,3,1,1,3
1436.87106163,3,2,3,0,1,-1,3,-1,-1,3,0,1,3,0,2,0,2,1,1,-1,2,0,-1,0,1,-1,3,1,-1,-1,2,2,-1,0,2,-1,0,2,0,-1,1,0,1,-1,0,1,3,2,-1,2
1520.27431142,2,2,1,0,0,3,1,0,0,3,1,-1,0,2,-1,1,0,2,-1,1,1,0,0,2,1,3,1,0,0,1,2,1,0,0,1,3,-1,-1,-1,0,2,-1,2,2,-1,1,2,2,-1,-1
1599.32067502,1,1,1,1,0,0,2,2,-1,2,3,1,2,2,-1,0,1,-1,0,3,1,1,3,2,0,2,1,1,3,-1,0,-1,0,1,3,0,1,3,1,3,3,2,0,2,2,0,0,-1,2,0
1530.85532072,-1,-1,0,2,-1,3,-1,1,2,1,2,0,0,3,0,-1,3,0,3,-1,1,0,1,-1,1,2,1,3,0,3,0,0,0,1,0,-1,2,0,-1,2,2,0,2,2,3,2,1,0,-1,-1
1492.26575739,1,0,-1,1,0,1,2,1,3,1,-1,1,0,0,1,3,0,2,1,1,-1,0,0,0,-1,0,1,3,0,2,2,-1,2,-1,2,1,-1,3,1,3,-1,0,2,2,0,2,1,-1,0,0
1616.74821975,0,1,3,0,3,0,1,0,0,-1,2,3,0,-1,-1,2,2,2,2,3,0,1,1,3,-1,2,2,1,1,0,0,0,1,1,1,3,2,3,-1,0,0,-1,1,1,1,-1,1,1,2,0
1505.95882825,1,2,-1,1,2,3,2,-1,3,-1,1,-1,2,-1,0,2,-1,-1,3,0,0,1,0,0,0,2,0,-1,2,1,0,3,2,-1,0,-1,2,3,-1,3,2,1,1,1,0,1,2,1,2,0
1425.04522771,0,1,2,1,-1,2,3,-1,2,-1,2,0,1,2,-1,1,-1,3,3,3,0,2,-1,-1,2,3,2,-1,1,2,0,0,1,1,3,-1,2,2,-1,1,2,1,0,-1,2,1,1,3,1,2
1545.7932162,1,1,1,2,0,0,1,3,1,0,3,2,-1,-1,1,2,-1,0,2,1,0,1,1,0,-1,0,2,3,2,2,0,1,0,1,3,-1,1,3,2,0,2,-1,-1,-1,0,1,0,-1,3,2
1735.62897131,1,3,2,-1,-1,0,3,0,-1,2,2,2,2,-1,1,1,1,2,2,2,1,1,1,-1,3,-1,1,3,2,0,1,0,0,2,-1,0,0,2,0,0,0,1,0,2,1,0,1,1,3,0
1560.10869938,1,2,0,-1,0,0,1,3,3,3,1,-1,0,-1,0,-1,1,3,1,3,3,0,-1,2,1,-1,-1,-1,0,2,3,0,2,0,2,2,2,-1,0,-1,0,-1,0,1,0,1,1,1,2,1
1580.64830567,2,1,2,3,2,0,0,1,3,1,0,1,2,1,2,1,0,1,0,0,-1,1,1,1,2,3,1,0,2,3,2,0,1,0,2,3,0,3,3,3,-1,0,-1,0,-1,-1,1,-1,-1,3
1614.25857051,2,0,1,1,3,0,3,0,0,2,3,1,2,0,1,-1,3,2,1,1,1,2,0,2,0,-1,2,0,3,1,3,2,2,3,2,-1,3,3,2,3,0,2,2,2,0,0,0,0,-1,0
1479.19509884,3,3,0,2,1,2,1,0,2,2,2,2,1,1,-1,-1,1,0,2,0,0,2,-1,2,1,1,3,3,-1,1,-1,-1,0,1,-1,-1,2,0,0,2,-1,-1,0,0,-1,1,1,1,1,3
1568.82247174,3,-1,1,2,1,2,-1,-1,0,2,0,-1,-1,3,1,3,-1,0,3,0,-1,2,1,2,2,1,0,0,-1,1,3,0,2,2,0,0,1,3,2,0,1,2,3,1,-1,-1,0,2,-1,2
1504.09159131,-1,1,0,0,0,3,-1,-1,0,3,3,1,2,-1,2,2,0,-1,3,3,2,2,1,-1,0,2,-1,1,2,2,2,-1,2,1,1,3,1,2,2,1,1,3,0,3,3,1,1,0,3,2
1625.46199212,2,1,-1,1,3,0,3,2,-1,2,3,2,0,0,1,-1,0,3,-1,1,3,1,1,2,0,0,-1,1,-1,1,0,0,1,-1,1,2,0,1,0,0,3,1,1,-1,3,2,2,2,0,0
1436.24864932,-1,0,0,1,1,0,1,0,1,1,3,2,1,0,0,-1,0,2,0,1,0,3,0,3,2,-1,2,1,3,3,2,3,1,-1,2,-1,2,-1,3,-1,3,2,0,1,3,0,1,2,3,-1
1578.78106873,2,3,2,1,2,2,0,3,1,3,2,3,0,1,2,0,2,1,3,1,1,2,-1,1,3,1,-1,0,-1,0,1,2,2,3,0,3,1,0,-1,-1,2,0,0,1,2,2,3,0,3,2
1441.85036013,1,0,1,3,-1,2,-1,2,-1,0,-1,-1,1,-1,2,2,1,0,0,2,-1,3,2,-1,0,1,1,0,1,3,0,-1,0,-1,1,2,1,0,0,1,-1,2,0,2,2,-1,1,2,1,2
1479.81751115,0,-1,-1,-1,0,0,1,-1,3,2,3,2,-1,-1,-1,-1,1,3,-1,2,1,-1,0,3,0,1,0,1,2,1,2,1,-1,-1,1,0,3,1,3,1,1,0,1,0,2,2,0,2,1,-1
1540.1915054,-1,-1,0,-1,3,-1,2,2,2,0,1,0,-1,0,1,0,3,-1,1,-1,1,1,2,-1,3,-1,1,2,2,0,1,1,1,0,-1,0,0,2,-1,2,2,0,3,1,1,3,0,2,1,1
1520.89672373,-1,2,-1,3,3,2,1,0,1,2,2,1,1,0,1,3,2,2,2,-1,0,-1,1,2,0,2,2,1,1,0,-1,1,0,1,-1,1,0,-1,0,2,2,0,3,0,-1,2,-1,0,1,3
1598.69826271,2,3,1,-1,-1,1,0,0,2,2,0,0,2,3,2,0,1,2,3,3,1,3,3,3,0,-1,2,0,-1,3,-1,2,3,0,1,0,1,1,1,1,1,1,2,3,3,0,-1,0,2,1
1604.29997352,1,3,1,2,1,2,3,0,3,2,0,-1,1,1,-1,0,-1,0,1,2,0,2,2,0,1,0,2,1,3,0,0,2,2,-1,3,2,-1,0,1,0,1,1,3,0,2,-1,2,1,1,2
1472.34856341,2,1,1,0,-1,-1,2,0,0,2,3,1,-1,-1,1,-1,1,0,0,-1,0,0,2,1,2,0,0,-1,1,2,0,-1,-1,1,0,0,3,2,-1,2,1,1,1,2,2,3,3,3,0,3
1574.42418255,-1,0,2,2,2,3,2,0,3,2,1,0,1,0,3,3,2,0,-1,2,1,0,2,3,1,0,-1,1,1,2,-1,1,1,1,2,0,1,-1,0,0,-1,3,3,2,2,0,3,1,-1,0
1695.17217104,1,1,2,2,2,-1,3,2,1,2,2,1,0,2,3,3,0,1,0,2,0,2,-1,1,3,0,0,3,2,2,1,0,0,0,0,1,1,-1,0,-1,1,0,1,-1,3,1,0,1,2,1
1492.26575739,3,2,0,2,-1,0,1,1,-1,1,2,-1,0,3,-1,2,1,3,3,0,1,2,3,3,2,2,2,-1,2,0,1,2,-1,1,1,2,3,-1,3,2,3,0,3,2,2,1,1,1,0,1
1603.05514889,3,0,0,2,-1,0,3,0,0,-1,0,0,-1,-1,0,1,-1,-1,2,2,0,3,1,1,2,3,3,2,-1,1,3,2,2,3,2,0,1,0,0,1,1,2,2,1,1,-1,2,2,2,0
1599.94308733,1,1,1,3,2,2,0,0,0,2,1,3,3,0,1,0,1,-1,1,2,-1,0,0,3,-1,-1,2,3,0,0,0,2,1,-1,0,2,1,2,2,-1,0,0,1,1,-1,1,-1,2,2,0
1590.60690266,1,-1,2,1,-1,-1,3,2,0,2,-1,3,3,0,3,1,1,2,2,3,1,0,1,-1,2,0,2,-1,0,0,0,-1,2,1,2,2,0,0,3,1,-1,0,0,0,-1,2,0,0,2,0
1592.47413959,-1,2,3,1,2,1,-1,1,3,2,0,0,3,1,1,0,2,1,1,3,3,-1,2,3,0,1,1,2,-1,0,2,3,2,2,0,0,-1,2,3,2,0,0,3,1,1,0,1,1,-1,0
1561.97593631,0,1,3,0,1,2,0,1,-1,-1,2,0,1,2,-1,3,1,0,1,3,3,0,0,-1,2,0,1,3,1,2,2,-1,2,2,1,1,-1,0,0,0,0,1,2,2,-1,1,2,1,2,-1
1525.25360991,-1,-1,2,1,1,2,3,-1,1,0,2,2,2,2,-1,-1,0,0,0,3,0,1,1,1,3,2,3,0,1,3,-1,2,0,0,2,1,-1,2,1,0,-1,1,0,3,2,-1,3,0,0,1
1723.80313739,0,2,-1,0,0,1,1,2,0,1,3,2,-1,0,1,1,2,0,3,-1,2,1,0,3,1,2,3,2,0,1,2,2,2,1,3,0,2,2,3,0,0,1,1,0,1,2,1,-1,2,0
1431.26935083,1,1,2,1,3,1,1,2,0,-1,0,2,-1,1,1,3,0,-1,-1,-1,0,2,2,1,-1,1,-1,1,1,1,2,2,0,0,-1,3,-1,3,-1,3,2,2,2,0,0,1,2,2,2,2
1596.20861346,1,2,3,2,2,2,0,1,-1,1,1,2,-1,1,0,2,3,2,3,3,0,3,-1,2,2,1,1,3,0,2,3,0,0,0,1,0,-1,1,-1,3,1,0,2,3,2,0,2,-1,2,0
1593.0965519,2,2,3,0,-1,2,0,3,0,1,0,-1,0,1,1,-1,1,2,0,-1,2,1,2,2,0,-1,-1,-1,1,0,-1,1,2,0,3,1,1,2,2,0,3,1,0,0,1,2,2,-1,2,3
1550.15010239,-1,1,0,2,0,2,3,1,3,0,3,-1,1,3,3,1,0,0,-1,2,-1,-1,1,3,2,3,3,2,3,-1,-1,-1,2,2,2,-1,2,1,2,1,0,0,0,1,1,0,1,2,0,1
1631.06370293,3,-1,-1,0,2,0,0,1,2,0,2,1,3,2,1,2,-1,0,3,3,2,2,-1,3,1,-1,2,2,0,1,1,2,-1,2,2,0,3,2,1,3,1,3,0,1,0,0,0,0,0,1
1605.54479814,1,-1,1,1,0,0,-1,1,0,0,1,-1,3,1,1,0,1,2,0,3,-1,0,2,2,2,-1,0,2,2,-1,2,1,2,-1,2,1,2,1,0,3,2,3,0,3,-1,3,0,0,0,2
1550.7725147,2,0,3,2,1,3,0,0,0,2,1,1,1,0,3,0,0,0,3,-1,3,3,0,2,1,0,2,1,1,3,2,0,0,2,1,1,-1,0,-1,1,2,-1,2,3,3,2,3,1,3,1
1549.52769008,0,2,0,0,0,3,0,3,0,1,1,0,3,2,-1,0,3,1,0,1,3,3,3,0,0,1,1,1,0,2,3,-1,1,-1,2,-1,3,1,2,0,-1,1,2,3,0,1,2,2,2,2
1596.83102577,3,0,3,3,3,-1,3,3,-1,3,0,0,0,2,0,3,1,1,2,1,2,1,0,2,2,2,2,2,1,3,1,-1,2,2,0,1,3,1,1,-1,1,1,0,1,3,1,2,3,3,0
1540.81391771,2,2,0,1,0,2,3,0,1,0,-1,-1,0,3,1,3,3,-1,3,1,-1,3,-1,2,-1,3,2,1,3,3,-1,1,3,0,2,1,2,0,2,1,0,1,2,1,-1,2,2,1,2,0
1662.80673083,3,2,-1,1,3,1,1,2,1,3,0,1,0,0,2,-1,3,1,2,2,3,0,2,2,1,0,3,1,-1,0,2,3,0,3,2,2,2,1,2,1,0,0,1,1,3,-1,1,0,1,3
1575.04659486,0,0,2,0,1,3,0,1,2,3,1,-1,0,2,1,3,2,1,2,-1,2,-1,1,0,1,3,0,1,0,-1,0,0,2,1,3,3,2,-1,0,1,2,0,3,-1,2,0,0,-1,2,1
1600.56549965,1,1,-1,2,0,1,0,1,2,0,3,2,0,2,2,2,0,0,-1,3,1,1,0,0,2,0,3,1,2,-1,2,-1,1,2,-1,2,-1,2,1,1,2,1,1,-1,1,0,1,3,0,0
1514.67260061,1,2,2,3,2,3,0,2,2,2,2,-1,1,3,0,0,0,1,2,2,-1,0,3,0,1,2,-1,0,1,3,0,-1,-1,3,-1,-1,3,0,2,2,0,1,0,0,1,1,3,1,2,-1
1522.76396067,2,2,3,0,3,3,-1,1,1,1,3,1,1,1,0,1,2,-1,2,3,1,-1,2,0,-1,3,1,2,3,2,0,1,0,0,2,0,0,-1,0,1,2,3,1,0,2,1,1,3,3,-1
1568.82247174,-1,2,-1,1,3,2,-1,-1,1,-1,0,3,-1,-1,2,1,2,2,2,0,2,0,2,-1,-1,0,1,0,3,1,1,2,1,0,1,0,1,3,3,2,2,1,3,0,-1,2,0,2,3,2
1612.39133357,2,0,-1,0,2,1,1,1,1,-1,2,1,1,1,1,3,1,-1,0,1,2,1,0,2,0,2,2,0,0,2,0,1,2,-1,3,3,1,2,-1,2,0,-1,0,0,2,0,-1,2,1,0
1482.92957271,0,1,0,2,3,2,1,3,1,0,1,2,1,-1,3,1,1,3,1,1,2,0,0,3,0,-1,0,0,3,2,-1,-1,-1,0,2,3,3,-1,3,3,1,-1,3,2,3,-1,0,0,1,1
1617.99304438,0,3,2,1,2,-1,1,-1,2,-1,2,-1,-1,0,2,0,2,2,1,1,3,1,0,2,3,1,3,2,0,1,-1,0,1,1,2,0,3,1,1,2,0,1,2,2,0,0,3,-1,-1,1
1605.54479814,2,0,1,0,2,0,0,-1,1,3,-1,0,0,0,2,2,0,3,1,3,1,0,2,1,0,2,-1,-1,1,0,1,2,3,0,1,1,2,3,-1,1,2,1,2,1,3,0,3,1,3,2
1659.07225696,3,3,2,1,1,2,-1,2,0,-1,0,3,-1,0,3,0,-1,-1,3,2,-1,2,-1,1,1,2,2,-1,0,1,-1,0,2,1,0,1,0,1,2,0,2,0,3,0,0,3,1,1,1,1
1601.81032427,2,1,0,2,2,3,3,0,0,3,3,0,-1,3,0,1,3,0,-1,0,0,1,2,-1,-1,1,1,1,1,1,2,-1,0,3,1,3,2,1,0,2,2,2,0,3,1,3,2,0,2,2
1426.29005233,3,0,0,1,-1,1,1,3,3,0,2,0,3,2,-1,1,1,-1,-1,0,-1,3,2,-1,1,1,2,0,2,3,2,0,2,2,-1,0,3,3,3,2,-1,2,2,0,2,0,3,2,0,3
1693.30493411,2,2,3,0,1,1,1,0,0,2,0,3,1,2,3,-1,1,0,-1,2,3,2,1,2,1,-1,0,2,-1,1,2,0,1,0,0,0,-1,-1,1,3,0,1,0,0,2,2,1,0,2,1
1578.15865642,1,2,-1,-1,1,1,0,1,2,3,3,0,2,2,0,2,2,1,3,0,-1,-1,0,2,2,-1,-1,0,1,1,1,-1,1,3,3,2,1,1,0,2,0,1,1,3,-1,0,2,0,2,1
1525.87602223,0,1,1,0,3,-1,2,3,-1,1,-1,-1,1,2,1,-1,2,0,0,0,0,-1,2,2,2,2,-1,2,0,0,0,2,3,-1,0,1,1,0,1,3,1,1,2,2,-1,-1,1,0,1,2
1621.10510594,0,3,-1,0,2,2,-1,1,3,-1,2,-1,2,2,0,0,1,0,0,0,1,3,0,0,-1,1,-1,-1,2,3,1,0,1,2,1,1,0,2,0,3,3,-1,1,1,1,0,1,2,1,2
1603.05514889,0,-1,-1,3,1,2,2,0,2,0,0,1,1,2,3,1,3,0,3,1,0,2,-1,3,3,0,-1,1,1,1,2,1,1,-1,3,2,0,-1,2,1,0,-1,0,0,2,1,1,3,3,3
1573.80177024,-1,0,2,-1,0,2,3,0,0,0,3,-1,0,0,1,-1,3,2,2,-1,3,2,1,2,0,1,1,2,2,-1,2,1,0,0,1,1,1,1,3,2,3,0,3,1,-1,-1,0,0,2,2
1458.65549255,-1,2,1,-1,-1,-1,1,1,-1,1,3,0,0,3,-1,2,1,0,2,3,0,0,2,1,1,3,2,3,-1,2,-1,0,2,3,1,3,0,1,3,-1,1,2,1,1,2,2,1,-1,2,-1
1512.80536368,-1,0,-1,1,1,0,2,2,0,1,3,1,0,2,3,-1,2,1,2,2,2,-1,0,3,-1,-1,1,0,0,0,3,2,2,-1,1,1,3,0,-1,1,1,3,0,0,-1,2,0,1,0,-1
1444.34000938,3,-1,-1,3,3,1,2,2,1,1,3,1,2,-1,-1,3,1,1,2,-1,3,3,0,0,2,2,-1,0,2,3,0,2,1,0,2,0,2,1,-1,0,-1,2,0,0,2,2,-1,3,0,0
1578.15865642,1,0,3,-1,2,3,1,2,-1,3,1,1,3,-1,0,0,3,0,3,2,3,2,0,3,1,3,0,3,1,1,2,0,0,2,-1,1,1,2,2,0,-1,0,0,1,3,3,2,0,0,-1
1698.90664492,0,2,-1,1,-1,1,-1,2,-1,1,2,3,1,1,0,0,0,2,0,0,2,-1,1,1,2,1,1,2,3,2,-1,0,-1,0,3,1,2,2,1,0,0,2,0,0,-1,1,1,3,2,0
1555.12940088,1,2,2,2,3,2,3,3,2,1,-1,1,1,0,0,-1,0,0,3,0,0,2,-1,0,1,-1,1,0,0,-1,0,3,2,2,2,1,1,2,2,3,1,0,2,0,2,1,-1,0,1,-1
1627.95164137,-1,3,1,2,1,3,1,0,-1,1,-1,3,1,2,-1,0,0,1,3,1,2,-1,2,2,1,-1,2,0,2,2,0,1,0,2,0,2,2,0,-1,-1,0,1,0,1,0,0,2,2,0,0
1550.7725147,-1,2,-1,1,3,0,0,1,-1,1,1,-1,2,3,1,2,1,2,2,-1,2,1,-1,1,0,2,0,1,2,2,0,2,0,3,3,1,3,0,0,2,0,-1,2,-1,-1,2,1,1,2,0
1593.71896422,2,3,2,1,-1,2,1,-1,-1,0,0,3,3,3,1,-1,0,0,1,0,0,2,-1,0,2,2,2,0,2,-1,0,2,0,3,1,1,1,3,0,1,1,-1,2,3,2,1,2,0,1,2
1601.18791196,-1,3,-1,0,1,2,2,1,-1,1,3,2,1,2,2,0,1,1,1,3,0,3,2,0,1,3,0,2,3,1,0,-1,2,1,0,2,0,-1,2,-1,3,2,0,0,3,0,1,0,1,0
1596.83102577,1,2,3,-1,1,0,0,0,3,1,3,0,1,1,2,0,-1,2,2,2,3,0,0,3,0,1,-1,-1,3,-1,0,1,1,3,1,0,1,-1,3,-1,0,0,3,2,3,1,1,-1,1,0
1525.25360991,-1,1,1,0,3,2,1,0,-1,2,2,0,1,3,0,1,0,0,2,2,1,-1,3,-1,3,-1,0,1,-1,2,-1,1,0,2,1,2,1,1,3,2,0,2,-1,0,3,2,2,1,0,-1
1589.36207803,1,3,-1,0,0,0,0,-1,2,3,2,-1,-1,1,2,0,2,0,3,0,3,1,2,1,3,1,-1,2,1,1,-1,-1,0,2,0,2,3,2,0,-1,3,1,2,0,0,2,2,0,1,2
1509.69330212,2,1,2,0,3,-1,2,1,0,1,-1,1,1,-1,-1,0,0,0,3,0,0,2,-1,1,1,3,0,2,1,-1,2,2,0,-1,0,-1,2,2,0,0,-1,1,2,3,-1,2,1,3,1,1
1560.73111169,2,2,2,2,2,3,1,-1,-1,0,0,1,1,1,1,0,2,1,0,0,1,1,-1,1,3,3,3,-1,-1,-1,3,1,2,2,0,3,0,2,0,2,0,-1,2,0,2,0,2,1,-1,-1
1552.63975163,3,1,-1,0,2,2,3,-1,0,2,0,-1,1,-1,-1,0,0,2,2,1,2,1,-1,0,-1,3,1,0,-1,2,-1,1,0,0,3,2,-1,0,2,3,2,0,2,2,-1,-1,1,0,1,0
1592.47413959,1,0,0,-1,3,1,1,1,2,2,1,2,1,0,0,-1,3,0,2,3,1,1,1,-1,1,2,0,3,0,2,-1,-1,2,0,0,1,-1,0,-1,2,2,0,3,0,2,1,2,0,3,2
1568.82247174,1,1,-1,3,-1,1,-1,1,3,1,1,-1,2,0,-1,3,1,1,0,2,2,1,2,-1,2,1,1,1,-1,2,3,-1,2,3,2,0,0,0,2,3,0,1,2,-1,3,0,0,0,3,1
1576.29141948,2,0,3,1,1,1,3,2,-1,0,1,1,3,2,0,-1,2,3,1,0,1,2,1,0,-1,0,1,2,3,2,2,2,0,0,0,1,3,-1,2,2,0,0,-1,0,1,1,2,3,-1,-1
1563.22076094,3,2,-1,0,1,2,0,3,-1,-1,0,3,0,3,0,2,0,0,3,1,0,1,3,2,3,-1,1,3,2,1,2,3,2,1,2,1,1,1,0,-1,3,1,1,0,-1,3,1,0,-1,-1
1589.98449034,-1,1,2,0,0,2,2,1,2,-1,1,3,2,0,0,0,1,3,0,3,2,1,2,0,1,0,3,-1,3,1,0,3,0,-1,-1,2,0,1,3,-1,0,1,2,0,3,0,3,-1,2,2
1467.36926491,-1,2,1,3,2,0,0,0,3,0,2,0,0,2,-1,1,-1,2,3,1,0,2,-1,0,3,3,1,2,3,2,1,3,0,3,2,1,3,2,1,2,2,3,3,3,2,0,-1,-1,3,0
1563.84317325,1,1,0,-1,0,1,2,2,1,2,1,-1,3,0,0,0,1,1,-1,3,-1,-1,1,0,1,2,1,0,1,3,-1,-1,1,2,-1,2,2,2,0,2,1,1,3,0,-1,0,2,2,-1,0
1639.15506298,2,2,-1,0,0,1,3,1,0,1,0,2,3,2,-1,1,2,2,0,0,2,3,1,0,0,3,2,1,1,2,-1,1,1,-1,0,-1,0,2,1,2,2,1,-1,2,3,0,2,1,3,2
1631.06370293,3,0,1,-1,2,-1,2,0,3,-1,2,2,0,1,-1,2,0,-1,0,0,2,2,0,3,0,0,1,1,1,2,2,2,2,0,2,2,1,0,1,1,-1,3,1,1,1,1,1,0,3,1
1528.98808378,3,1,1,1,2,3,0,0,2,3,2,3,2,1,2,0,2,-1,0,-1,0,-1,1,0,0,2,1,0,2,1,-1,3,0,1,2,1,2,1,-1,-1,2,-1,0,1,2,1,1,3,2,1
1538.94668077,0,-1,0,2,0,1,-1,0,2,1,1,1,2,-1,1,2,1,3,2,0,1,1,-1,2,-1,0,2,0,2,1,0,1,-1,-1,-1,-1,-1,2,1,0,2,0,2,1,2,2,2,0,0,3
1543.30356696,1,0,2,1,2,2,1,3,0,1,-1,2,-1,0,2,2,-1,0,1,-1,0,0,-1,1,-1,2,0,0,2,-1,0,2,0,0,-1,1,2,1,3,0,1,3,0,3,3,1,2,2,1,2
1515.91742524,1,-1,-1,-1,0,-1,2,0,2,0,-1,1,2,0,3,1,2,1,3,-1,-1,1,0,2,3,1,0,2,0,1,0,0,0,1,-1,2,1,-1,0,0,3,-1,1,3,1,0,0,2,1,2
1619.237869,0,1,-1,2,-1,1,1,0,1,0,3,3,2,1,0,2,0,-1,2,1,2,2,3,1,3,2,-1,1,0,3,3,2,0,2,0,-1,2,0,3,2,3,0,0,2,3,3,0,2,0,2
1654.09295846,3,-1,2,2,-1,3,1,3,2,0,1,0,0,2,-1,1,2,1,-1,3,2,1,2,1,2,-1,-1,0,0,3,3,0,3,1,1,2,1,0,1,0,1,-1,0,1,3,-1,0,1,0,0
1628.57405368,-1,2,3,1,1,1,1,2,0,-1,1,2,-1,2,-1,-1,2,0,2,2,0,0,2,1,0,2,3,2,3,0,3,0,3,2,1,-1,1,1,0,-1,1,1,3,1,2,0,2,3,0,2
1574.42418255,2,0,2,-1,-1,1,1,1,2,2,3,2,0,2,-1,1,-1,3,1,3,3,1,-1,2,0,1,0,-1,1,0,3,-1,2,2,-1,1,0,0,1,3,2,0,1,1,1,1,0,0,0,-1
1581.89313029,1,2,1,3,2,0,-1,1,1,1,0,0,1,-1,2,2,0,-1,-1,1,2,0,0,2,2,-1,-1,0,0,3,-1,-1,3,2,1,1,0,-1,1,3,1,0,1,3,3,0,3,2,0,-1
1710.11006653,1,-1,2,1,1,0,1,2,2,0,1,0,2,3,-1,3,1,1,-1,2,0,2,2,0,1,3,0,-1,0,2,0,0,2,3,-1,2,3,2,0,1,0,1,0,1,0,2,1,-1,1,2
1745.5875683,0,0,2,0,3,3,2,1,1,-1,0,2,2,3,3,3,-1,0,1,1,1,1,1,2,0,0,3,2,0,1,2,1,-1,0,-1,0,0,3,2,0,2,0,2,2,1,1,1,1,1,2
1491.64334507,2,3,3,0,3,3,2,2,1,2,1,2,0,2,2,0,-1,3,2,1,0,0,1,1,3,-1,-1,0,0,1,0,2,3,-1,3,-1,3,1,1,0,-1,0,3,2,0,2,1,-1,-1,1
1525.25360991,2,2,-1,-1,2,-1,2,3,-1,1,2,1,1,3,-1,2,0,2,2,3,0,2,1,3,1,0,-1,3,1,-1,2,0,0,0,0,3,-1,-1,-1,1,0,0,3,0,2,1,1,1,1,0
1477.95027421,2,1,0,3,1,3,3,3,3,3,-1,2,1,0,0,3,3,0,1,1,1,-1,2,0,0,0,1,2,3,3,2,2,1,-1,-1,1,-1,1,2,2,2,1,0,0,-1,2,0,3,2,3
1548.28286545,1,0,-1,0,0,3,2,-1,2,0,3,0,-1,2,3,1,1,3,2,3,2,2,1,1,2,3,0,3,2,2,2,0,-1,1,3,-1,0,2,0,0,1,-1,1,2,0,0,3,-1,1,1
1560.10869938,3,2,1,0,2,0,1,2,0,1,2,3,3,2,2,-1,2,2,2,2,2,1,1,0,0,-1,1,-1,-1,1,0,-1,1,-1,2,0,0,0,3,2,0,1,-1,0,1,0,1,3,3,-1
1444.96242169,-1,-1,1,-1,2,-1,1,1,0,2,3,2,2,1,0,-1,0,2,2,0,0,3,1,2,1,3,0,1,0,0,3,2,-1,3,0,-1,-1,1,1,0,-1,2,2,-1,-1,0,1,0,3,2
1565.71041018,2,2,1,1,1,-1,-1,0,1,-1,1,0,2,0,1,2,2,1,-1,3,0,3,1,-1,2,1,2,3,0,3,1,0,0,0,2,1,3,0,2,1,3,2,2,2,-1,3,2,1,3,2
1547.66045314,2,-1,2,3,1,0,1,0,2,3,0,-1,-1,1,1,2,2,0,1,-1,3,2,0,2,2,-1,3,1,1,0,-1,2,3,3,2,2,0,2,3,0,2,0,0,1,-1,0,-1,1,0,-1
1463.63479104,2,2,2,1,1,1,2,2,1,2,3,0,1,1,1,3,2,0,0,-1,3,-1,3,1,2,3,2,0,3,3,1,-1,1,0,0,2,0,1,0,0,2,-1,-1,1,0,1,-1,2,-1,1
1654.09295846,-1,1,-1,0,3,2,2,0,1,3,1,2,1,2,3,3,3,2,0,2,0,0,0,1,2,2,3,0,-1,1,0,-1,-1,2,1,0,1,1,2,3,0,1,-1,1,0,0,1,0,2,0
1369.02811964,2,3,2,3,0,1,2,2,2,0,3,2,3,1,3,2,2,0,2,-1,-1,-1,1,3,1,2,1,2,1,-1,1,-1,2,3,0,3,1,0,1,1,3,2,0,0,1,3,-1,2,-1,-1
1625.46199212,-1,0,3,2,1,0,-1,2,0,0,2,-1,1,2,0,-1,0,2,-1,-1,2,0,2,0,0,3,3,-1,1,3,1,2,1,3,2,0,0,2,1,1,2,1,3,0,2,2,1,0,1,3
1484.79680964,3,1,2,0,1,1,1,-1,2,-1,0,1,-1,3,1,2,2,2,3,-1,1,0,2,0,-1,0,1,0,1,3,2,1,2,3,2,0,1,3,2,0,3,3,2,-1,2,0,3,-1,0,-1
1567.57764712,1,1,3,3,1,0,0,2,1,2,2,2,0,0,-1,2,-1,3,-1,3,0,2,3,1,1,3,-1,2,3,0,1,0,-1,2,1,-1,2,1,0,0,3,0,1,-1,0,0,2,-1,3,0
1471.10373878,2,2,0,1,0,-1,2,3,2,0,1,3,-1,2,1,-1,1,0,1,-1,-1,1,-1,0,3,2,3,0,-1,0,0,1,-1,-1,0,2,0,-1,0,1,3,2,2,1,2,2,1,0,2,1
1497.86746819,-1,1,2,-1,3,0,0,2,2,1,0,-1,0,2,-1,3,1,-1,1,2,1,0,1,2,3,-1,3,1,0,1,-1,-1,2,-1,1,2,1,3,2,0,3,2,-1,0,2,0,0,1,3,2
1525.25360991,3,3,-1,1,3,3,-1,2,-1,2,-1,2,1,1,1,2,0,1,1,0,2,0,1,1,2,0,0,0,-1,0,1,2,2,2,0,3,3,0,3,0,2,3,2,2,0,1,-1,3,0,3
1599.32067502,2,-1,0,0,0,2,1,1,0,0,3,3,-1,2,2,1,0,0,3,-1,0,2,0,2,0,0,3,1,1,2,1,3,1,3,0,1,2,2,2,1,-1,2,1,1,1,2,3,1,3,1
1522.14154835,-1,-1,1,-1,0,0,3,2,3,1,3,1,3,1,-1,1,0,2,3,0,2,2,0,-1,2,0,1,0,0,0,2,3,-1,1,2,1,2,-1,-1,2,3,0,0,2,1,-1,2,-1,1,1
1533.96738228,1,0,1,3,0,2,0,-1,0,1,0,2,1,2,-1,-1,3,0,2,2,0,1,-1,2,2,2,3,-1,0,3,1,1,2,1,1,2,3,0,1,1,-1,1,0,0,1,-1,2,2,-1,-1
1281.26798367,3,2,3,3,3,1,2,0,2,-1,-1,1,-1,1,3,-1,3,2,2,3,-1,1,2,3,-1,1,2,3,0,-1,0,-1,-1,0,2,-1,0,1,2,-1,1,2,1,2,0,2,-1,0,-1,2
1500.35711744,0,2,2,1,3,-1,1,-1,1,-1,2,3,1,-1,3,0,1,-1,-1,2,3,2,0,2,1,0,2,2,0,1,2,3,-1,1,-1,2,0,3,0,2,2,3,2,0,1,1,1,1,1,-1
1581.89313029,3,0,2,3,1,0,0,3,3,0,-1,1,2,3,1,0,1,0,2,1,0,-1,2,0,0,-1,2,2,1,1,3,2,2,3,1,1,-1,2,0,1,3,2,0,3,2,2,2,0,1,1
1470.48132647,1,0,0,2,3,0,2,2,3,1,0,1,3,0,2,0,0,2,2,1,2,0,0,1,-1,-1,-1,3,0,0,1,-1,1,2,1,1,0,2,3,-1,-1,-1,1,-1,-1,2,2,2,0,-1
1568.20005943,1,2,2,0,1,2,0,1,1,3,2,1,0,-1,0,3,3,0,2,-1,3,1,0,3,1,1,0,0,0,1,2,3,0,-1,2,3,2,2,-1,0,2,-1,-1,1,1,0,0,0,3,1
1535.83461921,0,0,0,3,1,-1,0,1,2,2,2,3,2,3,1,1,0,3,3,2,-1,1,-1,1,0,-1,2,-1,2,3,0,1,1,-1,0,2,2,2,1,-1,0,2,2,3,1,0,0,0,0,-1
1680.85668787,0,1,1,0,0,0,1,0,1,2,1,2,0,1,0,0,-1,2,2,2,2,0,0,1,3,3,3,2,0,0,-1,3,3,3,2,-1,2,0,1,1,3,1,-1,1,1,3,1,0,3,1
1623.59475518,2,1,3,-1,0,0,1,2,1,2,1,0,3,0,-1,-1,3,-1,0,1,-1,1,2,1,0,2,1,0,1,1,0,0,3,3,3,3,2,0,2,2,2,1,0,2,3,2,0,0,1,-1
1619.86028131,1,-1,0,0,0,-1,2,0,3,1,1,2,2,0,3,1,2,1,-1,1,0,2,1,3,2,0,3,0,2,2,0,0,3,2,2,-1,0,2,-1,0,2,2,1,0,0,3,1,1,-1,-1
1606.78962276,3,3,3,0,0,1,3,0,2,2,-1,2,-1,2,3,0,1,1,3,2,0,1,2,0,2,1,1,2,0,1,3,-1,3,1,2,0,0,2,0,-1,-1,3,1,1,2,3,0,1,0,1
1560.73111169,3,0,-1,0,2,2,2,2,1,1,0,2,2,0,0,3,1,3,1,-1,3,1,0,3,1,2,-1,0,1,1,0,0,1,-1,2,1,0,1,2,2,-1,3,-1,1,1,3,1,0,3,0
1543.30356696,3,0,0,2,2,3,3,0,3,1,3,3,1,-1,1,1,3,1,0,1,3,2,-1,1,1,3,0,2,0,0,1,2,1,2,2,3,0,2,3,2,0,2,-1,-1,1,-1,2,2,0,3
1608.03444739,2,0,-1,0,2,0,0,1,0,0,-1,2,-1,-1,-1,1,2,0,0,2,-1,2,3,3,-1,0,3,2,0,1,2,0,1,2,2,1,1,0,1,2,2,0,1,3,1,-1,0,-1,1,3
1520.27431142,-1,-1,1,0,0,3,2,0,-1,1,2,1,1,2,2,1,0,1,-1,0,2,0,2,2,-1,-1,1,0,0,-1,0,2,3,0,3,1,2,-1,3,-1,0,-1,2,3,0,1,1,2,1,3
1626.70681674,0,-1,1,0,-1,1,3,3,3,0,0,1,0,2,2,3,0,0,3,0,1,1,-1,1,1,2,2,2,2,1,2,3,3,1,2,3,2,-1,3,2,2,2,3,0,3,2,1,2,0,0
1469.85891416,2,2,-1,1,2,1,-1,0,2,2,-1,2,-1,2,0,1,-1,0,1,1,0,2,2,1,2,0,3,0,0,1,2,3,1,0,2,-1,2,1,3,1,0,-1,3,2,-1,1,-1,1,-1,3
1669.65326626,3,-1,0,2,0,3,1,1,-1,3,-1,0,1,-1,0,0,2,2,-1,2,0,3,0,1,2,1,2,0,1,2,0,0,1,2,3,0,1,2,-1,0,0,1,2,1,2,2,1,1,3,2
1604.92238583,2,0,1,0,0,3,3,1,-1,1,0,3,1,2,0,2,-1,0,0,-1,0,0,3,0,1,2,2,1,2,1,2,2,-1,1,1,0,2,1,-1,2,-1,1,3,3,1,3,0,1,2,0
1574.42418255,-1,0,2,0,-1,3,1,0,3,0,1,0,3,0,2,1,0,2,2,3,1,0,3,2,3,3,3,1,-1,3,-1,2,-1,0,2,0,3,0,2,3,1,1,1,-1,0,2,1,0,-1,1
1568.20005943,1,1,-1,1,2,1,2,-1,1,3,0,1,0,3,-1,2,1,-1,1,2,1,2,-1,1,1,0,3,0,2,-1,2,2,1,-1,0,3,3,0,1,-1,0,-1,0,1,3,0,0,0,3,2
1533.34496997,1,2,0,-1,-1,0,1,1,0,0,3,0,2,1,0,0,3,0,2,0,1,0,-1,2,1,-1,-1,-1,1,-1,2,0,-1,2,2,1,-1,0,1,3,1,2,3,2,-1,-1,1,2,1,2
1618.61545669,0,-1,0,1,3,1,1,1,2,3,1,0,2,2,3,2,0,3,0,-1,2,0,3,3,0,1,1,3,2,2,1,3,0,0,0,0,1,2,-1,1,2,1,-1,0,2,1,3,3,1,2
1557.61905013,1,-1,0,2,-1,2,1,-1,-1,1,2,3,0,-1,3,0,0,2,-1,1,0,-1,3,2,1,2,1,3,0,2,-1,1,2,-1,1,1,0,2,1,0,2,3,0,0,0,-1,1,0,2,-1
1641.64471223,0,3,0,0,-1,2,2,1,1,1,-1,2,1,0,1,3,0,2,0,0,2,0,1,0,2,3,1,-1,2,2,0,0,2,2,-1,1,2,2,1,1,3,3,1,2,-1,3,1,0,0,0
1712.59971578,2,0,3,3,1,2,0,1,1,-1,-1,3,0,1,0,1,0,1,2,1,2,0,0,-1,3,3,-1,2,-1,1,-1,0,1,2,2,0,1,2,0,2,0,0,0,1,1,0,2,1,-1,1
1655.33778309,2,3,1,0,1,2,2,0,1,1,2,2,1,1,0,1,-1,1,3,-1,2,0,3,3,1,-1,3,3,0,0,-1,1,0,0,2,-1,1,2,-1,3,0,0,1,0,2,0,1,3,1,-1
1433.13658776,1,3,1,-1,1,1,3,0,-1,2,2,3,1,-1,3,-1,3,0,1,3,2,-1,2,1,1,-1,0,3,-1,1,0,0,3,2,-1,0,3,1,0,0,3,3,2,1,0,0,-1,2,0,1
1539.56909309,-1,-1,0,2,3,2,3,0,0,0,2,0,1,0,1,1,2,3,0,1,0,1,2,-1,0,2,1,0,3,2,2,2,3,-1,3,0,-1,2,2,1,1,1,3,0,2,2,2,-1,0,-1
1616.74821975,0,1,3,3,0,0,-1,1,3,-1,0,2,1,1,1,2,-1,3,3,2,3,1,1,1,1,0,1,0,0,2,2,0,-1,0,2,2,2,2,0,1,1,1,-1,-1,3,-1,0,1,0,-1
1581.27071798,0,1,0,2,0,2,1,1,1,3,2,0,1,1,0,3,3,0,3,2,-1,0,1,3,2,1,-1,2,1,-1,-1,-1,1,1,1,-1,2,3,3,2,3,0,0,2,1,-1,1,0,2,0
1482.3071604,1,0,2,-1,3,-1,0,2,0,-1,0,1,2,-1,-1,2,0,0,-1,0,3,0,3,1,-1,1,3,2,0,-1,2,-1,-1,1,-1,-1,2,3,2,1,-1,2,0,1,0,0,0,1,0,1
1514.67260061,0,2,-1,2,0,1,-1,3,0,1,2,0,-1,1,2,1,-1,-1,1,0,0,3,2,1,-1,1,1,-1,0,-1,-1,0,2,2,-1,0,0,0,3,3,1,-1,2,-1,1,2,2,2,1,2
1646.62401072,1,1,1,0,2,1,2,0,0,0,1,3,-1,1,2,2,3,-1,-1,0,2,-1,3,0,1,1,0,3,2,-1,2,2,-1,2,0,0,2,2,1,2,0,3,3,3,1,0,0,2,1,0
1525.87602223,-1,1,0,1,0,2,1,1,2,-1,1,0,2,2,0,2,1,2,0,-1,0,1,1,0,0,-1,-1,-1,2,-1,0,2,1,-1,0,2,3,2,0,3,1,-1,2,3,0,1,2,1,2,0
1595.58620115,3,2,3,3,3,0,2,0,-1,0,3,-1,0,2,2,1,0,1,1,1,0,3,1,0,-1,2,0,2,-1,2,2,2,0,3,3,0,0,1,2,0,1,2,-1,1,0,1,1,-1,-1,2
1556.99663782,0,-1,3,3,3,0,0,1,0,2,-1,0,3,-1,1,2,1,2,1,0,1,1,1,0,1,0,1,2,2,3,3,1,3,3,3,2,1,0,0,1,2,-1,3,1,-1,2,-1,1,0,3
1548.90527776,-1,3,2,0,0,-1,0,1,0,0,3,2,2,2,2,1,0,0,3,-1,1,3,3,-1,0,-1,3,2,2,-1,-1,0,0,2,3,1,1,3,2,0,1,-1,2,1,2,1,0,3,1,1
1467.36926491,1,2,2,1,1,-1,1,2,0,1,2,0,-1,2,-1,3,3,2,0,3,0,3,0,3,0,2,1,1,3,0,3,3,-1,-1,-1,2,0,-1,1,2,2,3,0,3,0,2,0,2,2,2
1472.97097572,1,0,-1,2,0,-1,2,2,2,2,-1,1,1,0,3,-1,0,0,0,2,1,3,3,1,-1,2,1,0,1,2,0,0,1,-1,2,1,3,1,0,-1,3,3,2,1,2,2,1,2,3,0
1704.50835572,1,2,1,0,3,2,-1,0,1,2,-1,1,3,0,1,1,1,-1,1,1,-1,0,0,0,2,2,3,-1,0,1,-1,2,2,0,1,1,0,2,0,3,0,0,2,1,2,0,2,3,3,2
1537.07944384,0,0,2,-1,1,1,1,1,3,-1,3,1,0,2,2,2,-1,1,1,3,2,1,0,3,3,1,2,2,2,0,3,2,2,2,1,0,0,3,0,1,-1,2,0,3,3,0,-1,1,3,1
1693.30493411,-1,0,3,2,2,0,2,1,1,2,1,0,0,2,-1,3,2,0,2,-1,-1,1,2,0,0,1,-1,2,2,1,3,1,1,0,1,1,0,0,2,0,1,1,3,-1,1,0,1,2,0,-1
1573.80177024,-1,2,2,2,0,0,2,3,0,0,1,1,0,-1,0,0,1,1,1,3,0,2,0,1,2,0,3,2,1,1,2,-1,1,0,-1,-1,1,-1,2,2,-1,1,1,2,3,2,2,-1,2,1
1453.05378174,2,2,0,3,1,1,2,0,-1,2,1,0,2,0,1,0,-1,-1,2,3,0,1,2,-1,1,-1,2,-1,0,0,1,0,2,0,3,-1,2,2,2,0,-1,3,2,1,1,-1,-1,1,3,1
1444.96242169,3,2,0,0,0,3,3,1,3,2,0,1,2,-1,2,-1,1,1,-1,0,-1,3,1,1,-1,0,2,2,1,-1,1,1,3,1,2,3,3,-1,1,2,-1,3,0,2,-1,2,0,2,1,3
1629.8188783,0,1,1,0,3,0,3,1,0,2,0,2,2,0,0,2,3,-1,-1,2,1,3,2,0,2,0,-1,-1,-1,2,-1,-1,3,1,1,1,2,0,2,1,0,3,1,2,3,0,0,0,3,3
1522.76396067,2,0,1,0,2,0,0,2,0,2,3,3,-1,-1,0,1,0,3,2,3,3,1,2,2,0,3,1,1,1,3,1,-1,-1,0,1,-1,-1,2,1,0,1,2,-1,1,0,2,2,1,0,2
1601.18791196,1,1,2,-1,3,-1,3,0,1,3,-1,3,2,3,2,0,1,3,0,-1,1,2,2,0,2,1,1,0,2,0,-1,2,-1,1,1,3,1,0,2,1,0,0,1,2,-1,0,1,1,2,2
1629.19646599,0,0,2,-1,2,2,0,3,2,0,1,3,0,3,-1,3,1,0,-1,3,2,0,1,2,1,1,0,1,1,3,-1,2,0,0,1,2,-1,3,-1,1,1,2,1,2,0,2,1,3,0,1
1524.6311976,2,0,1,-1,-1,-1,1,0,-1,2,0,2,3,3,1,3,2,2,1,-1,1,2,2,2,1,0,0,2,1,0,3,1,0,1,-1,2,1,2,-1,0,2,1,-1,0,1,0,2,0,-1,3
1602.43273658,0,1,-1,1,0,3,3,2,3,2,2,0,0,0,0,1,2,3,1,-1,-1,0,3,1,0,1,-1,0,2,3,2,3,2,0,3,1,2,1,1,2,1,0,-1,1,-1,1,1,1,0,3
1471.10373878,2,-1,1,0,-1,-1,-1,2,-1,2,2,0,0,1,1,2,-1,3,-1,1,2,2,-1,0,-1,0,0,2,0,2,2,1,-1,3,3,2,-1,0,1,2,0,2,-1,0,1,3,0,-1,0,1
1466.7468526,0,-1,0,-1,0,1,2,2,0,0,-1,2,-1,-1,0,-1,-1,2,3,2,1,0,3,1,2,2,-1,1,1,1,2,-1,0,0,1,0,2,1,3,0,3,0,2,-1,0,-1,-1,1,2,3
1647.86883534,1,0,3,2,2,2,0,3,3,1,0,3,0,1,3,0,0,0,3,0,2,1,2,0,2,0,1,3,1,0,2,-1,1,2,3,3,2,-1,0,2,0,1,-1,2,1,1,2,3,-1,1
1555.12940088,2,2,3,2,0,-1,2,3,1,0,1,1,2,-1,0,-1,0,0,1,-1,0,2,3,1,0,3,1,2,2,1,0,1,1,-1,1,1,0,2,1,0,3,2,-1,0,-1,1,2,2,3,2
1546.41562852,1,1,-1,0,0,0,1,2,1,0,1,0,1,1,-1,3,-1,0,2,3,0,3,0,3,2,2,2,-1,3,3,2,0,2,3,1,2,2,0,-1,2,1,2,1,1,3,-1,1,2,-1,3
1556.37422551,3,0,2,3,2,2,1,-1,0,0,1,0,-1,2,0,-1,1,3,0,0,2,3,1,3,2,0,3,0,1,3,1,2,1,-1,1,-1,-1,1,0,1,2,1,0,2,3,1,2,1,-1,1
1573.17935792,0,0,2,3,-1,0,-1,-1,2,2,-1,2,1,1,1,0,2,3,1,3,2,2,-1,-1,3,1,2,0,1,3,2,3,0,0,2,3,1,-1,0,1,2,0,0,1,-1,1,1,2,1,0
1537.07944384,1,0,3,0,1,2,0,0,1,3,-1,1,2,0,0,1,2,-1,2,2,3,0,0,1,3,1,2,2,1,-1,2,1,1,3,1,2,3,2,0,3,3,0,2,2,1,3,-1,-1,1,0
1525.25360991,1,2,-1,-1,2,1,1,3,0,2,0,2,0,0,2,3,0,2,0,2,1,3,0,-1,2,0,1,1,-1,2,0,2,2,0,0,1,3,3,1,1,1,-1,-1,2,0,-1,2,0,3,2
1620.48269362,0,0,2,2,0,3,0,2,2,2,3,1,0,0,0,1,0,3,1,1,1,1,1,1,-1,1,2,3,0,2,0,3,0,2,2,3,0,-1,2,-1,1,1,-1,0,-1,0,2,1,3,1
1596.20861346,-1,2,1,1,1,0,2,-1,2,2,1,2,0,0,0,-1,0,3,1,2,-1,3,-1,3,0,0,0,-1,1,3,3,3,2,0,1,1,-1,0,-1,1,0,1,2,1,-1,-1,1,1,0,0
1499.73470513,2,0,1,0,2,0,2,2,-1,1,1,2,0,2,3,2,1,0,1,-1,-1,-1,0,3,2,2,2,3,-1,0,1,2,2,3,1,-1,3,3,1,0,0,1,3,-1,1,1,1,1,3,1
1705.75318035,3,1,1,3,2,1,2,-1,-1,1,1,0,0,-1,2,0,3,0,0,-1,-1,1,2,2,2,2,2,3,0,2,3,0,1,1,3,1,0,0,0,1,0,2,-1,0,2,0,1,2,-1,0
1609.90168432,3,0,0,1,0,2,2,0,1,1,3,3,1,3,2,-1,0,0,2,2,-1,2,2,0,1,1,2,2,0,1,0,1,2,3,1,0,3,1,-1,2,1,-1,1,0,-1,3,0,2,1,2
1540.81391771,2,1,3,1,0,1,0,0,2,-1,2,1,0,1,0,2,0,1,1,1,-1,2,2,1,1,-1,1,3,3,3,-1,2,0,0,2,-1,2,2,1,-1,1,0,-1,2,1,-1,2,0,-1,2
1624.2171675,1,1,1,3,0,3,0,-1,2,2,2,0,1,1,3,0,0,0,2,3,-1,2,0,1,3,0,1,0,1,-1,1,0,2,2,1,-1,0,0,0,-1,1,1,-1,-1,3,0,2,1,2,2
1441.85036013,1,0,1,0,0,-1,1,1,3,0,2,3,1,0,1,-1,1,2,2,3,3,0,2,2,0,0,3,3,-1,-1,2,-1,2,3,-1,1,2,0,1,2,2,1,-1,1,3,3,-1,0,0,2
1555.12940088,1,0,0,1,-1,-1,2,0,0,-1,2,-1,0,2,3,2,-1,0,1,-1,2,0,3,0,0,2,3,2,3,2,1,0,1,2,3,0,3,0,3,1,1,0,1,0,1,3,2,-1,2,-1
1573.80177024,-1,3,2,2,1,3,-1,-1,1,-1,-1,2,1,1,2,0,3,2,0,0,0,2,0,0,2,0,3,2,1,0,3,0,2,-1,3,1,1,3,0,3,-1,2,0,1,1,1,0,1,1,3
1637.28782604,3,2,-1,3,2,1,1,0,2,1,1,2,3,3,1,0,0,3,1,2,3,1,-1,1,0,0,0,3,-1,0,0,1,2,0,-1,1,3,0,2,3,1,0,2,0,-1,1,1,-1,0,-1
1530.85532072,0,1,3,1,3,0,0,2,2,0,1,1,0,0,1,2,1,1,-1,1,3,3,2,2,1,3,3,-1,3,0,1,-1,1,3,-1,0,0,-1,1,2,2,2,2,2,0,2,2,2,1,-1
1574.42418255,0,3,0,1,0,-1,-1,0,1,0,2,1,1,-1,1,2,1,1,2,0,0,1,1,0,3,1,0,2,2,2,3,3,3,-1,3,1,2,-1,0,0,2,2,2,1,2,-1,1,2,2,3
1380.23154126,1,-1,0,1,2,-1,2,0,2,2,1,1,1,1,3,3,-1,-1,2,-1,1,3,-1,-1,2,1,1,3,2,2,1,1,1,0,2,2,-1,-1,2,-1,0,0,2,0,-1,-1,2,1,-1,0
1587.4948411,1,0,3,0,3,1,1,0,1,1,3,3,2,2,1,1,3,2,2,1,2,2,0,2,2,3,0,2,3,3,0,1,-1,0,-1,0,-1,1,2,1,2,2,2,0,0,3,3,0,0,1
1678.36703862,2,2,-1,-1,-1,0,2,2,1,2,1,0,3,3,0,-1,0,2,0,-1,1,0,2,2,2,1,1,0,1,1,2,3,3,2,3,0,1,0,0,0,1,1,3,1,3,0,0,3,1,3
1655.9601954,3,0,2,0,1,2,-1,1,0,2,1,0,1,2,2,0,0,0,3,0,0,1,3,3,2,2,1,3,1,2,0,0,2,-1,-1,1,1,0,3,3,2,2,2,3,0,0,-1,1,1,2
1613.63615819,2,2,3,-1,2,2,1,-1,3,-1,-1,2,2,3,2,0,1,-1,2,1,1,0,0,-1,0,2,1,1,-1,0,0,1,3,1,0,2,1,0,1,2,1,-1,1,-1,1,0,0,0,2,0
1563.22076094,0,2,0,2,0,1,2,-1,2,2,3,1,2,-1,-1,0,2,2,-1,1,3,2,3,0,1,0,0,0,1,2,2,-1,-1,0,1,1,-1,2,1,3,1,1,1,2,0,1,3,2,-1,0
1367.78329502,3,3,2,1,2,0,-1,-1,1,-1,-1,2,-1,2,3,0,0,-1,2,-1,3,3,1,-1,2,2,0,2,0,1,0,2,3,1,3,1,1,0,2,1,-1,1,1,2,1,3,3,2,-1,3
1675.25497707,2,2,-1,0,0,0,2,-1,2,1,3,1,1,2,3,1,0,1,1,2,1,1,3,1,2,0,3,1,2,3,0,2,0,3,2,0,0,2,2,2,0,1,1,0,3,0,3,1,-1,-1
1652.84813384,1,1,2,2,1,3,1,-1,2,-1,0,-1,0,0,0,2,2,1,1,-1,-1,1,2,0,0,-1,2,-1,3,1,1,0,2,2,2,-1,0,0,2,1,3,2,1,0,1,0,0,0,3,0
1528.98808378,-1,3,1,2,2,3,0,1,1,2,2,0,3,2,1,1,-1,1,3,0,2,2,2,0,2,1,0,3,0,2,3,3,2,3,-1,0,1,3,-1,0,3,-1,3,1,2,0,0,2,-1,1
1625.46199212,0,2,0,0,3,1,2,0,1,0,1,3,1,-1,3,2,3,0,0,-1,3,2,2,0,0,3,-1,2,-1,2,2,3,1,2,2,0,1,0,2,0,1,1,0,2,-1,-1,1,2,1,3
1633.55335217,0,0,1,3,0,3,1,2,2,2,2,1,3,0,0,0,2,-1,1,2,3,0,2,1,0,2,2,1,-1,1,3,2,-1,3,3,0,2,1,1,0,1,2,-1,1,1,0,3,1,0,0
1610.52409663,0,1,1,2,0,2,1,0,2,0,0,0,3,3,1,1,3,3,-1,3,3,1,2,-1,0,2,2,0,3,2,2,1,2,2,-1,1,3,1,3,1,0,3,1,2,1,0,2,1,1,-1
1527.74325916,2,1,2,3,0,-1,-1,1,1,0,1,1,0,2,1,2,2,2,2,-1,0,-1,-1,0,3,1,2,0,0,1,0,1,3,3,0,1,2,0,1,2,1,2,-1,0,0,0,3,1,-1,-1
1479.19509884,-1,0,3,0,0,3,1,0,1,2,3,-1,-1,1,-1,2,-1,0,3,-1,0,-1,3,1,3,3,0,2,1,1,2,2,0,-1,1,3,0,-1,-1,0,1,1,0,0,0,-1,0,-1,3,0
1583.76036723,-1,0,1,2,0,-1,2,0,2,3,2,1,1,-1,-1,-1,1,0,-1,0,3,2,2,2,0,2,2,1,1,3,-1,0,2,3,1,0,-1,2,0,1,0,0,-1,-1,0,1,1,1,1,2
1471.7261511,1,-1,0,-1,1,2,0,3,0,3,-1,1,0,0,0,1,1,2,0,3,0,3,-1,0,1,-1,3,2,1,0,3,2,0,2,-1,1,2,2,2,2,2,1,2,-1,2,1,3,2,-1,3
1602.43273658,1,3,-1,0,0,-1,-1,-1,1,2,1,3,0,2,-1,2,0,1,1,1,2,2,-1,1,2,0,1,0,0,0,0,2,0,0,1,-1,1,2,3,-1,3,2,2,-1,0,1,0,3,3,0
1573.80177024,3,0,3,2,3,1,3,3,2,-1,3,1,1,1,1,1,-1,0,0,0,0,0,1,3,2,-1,3,0,0,2,2,0,0,1,-1,3,-1,-1,0,1,0,0,2,2,2,1,2,2,2,-1
1654.09295846,0,2,1,2,2,3,1,1,3,1,2,0,2,2,3,2,-1,-1,-1,0,2,1,1,1,3,2,2,1,0,0,3,2,0,1,-1,-1,1,0,2,2,0,0,1,-1,-1,1,0,-1,-1,0
1522.76396067,0,3,-1,3,1,2,3,1,2,0,-1,2,0,2,-1,2,1,3,0,1,1,1,2,2,2,-1,2,1,3,-1,2,0,3,1,3,-1,2,0,1,0,2,0,2,0,3,-1,3,1,0,2
1539.56909309,0,2,2,-1,2,1,3,1,2,3,2,-1,0,1,0,1,3,0,-1,2,2,2,1,3,-1,1,2,2,0,2,-1,0,2,1,0,2,1,-1,-1,0,3,-1,0,1,1,0,0,1,3,-1
1613.63615819,-1,0,3,0,1,2,1,1,3,2,3,3,2,2,1,2,3,0,2,2,1,1,0,-1,1,0,3,1,3,1,0,0,3,2,-1,2,2,3,0,1,-1,0,0,3,0,1,0,3,0,3
1568.82247174,1,1,-1,1,3,0,1,3,0,0,1,-1,2,3,0,0,1,0,0,-1,2,-1,2,2,0,-1,0,2,0,1,1,1,2,2,0,3,0,1,-1,1,1,3,-1,1,-1,2,1,0,-1,3
1571.31212099,0,0,1,3,1,2,0,1,1,1,2,1,2,-1,2,2,0,-1,3,0,2,2,0,2,2,0,-1,3,-1,0,-1,1,1,3,2,-1,3,1,0,1,1,2,3,1,1,-1,2,3,3,0
1436.24864932,0,3,3,2,0,2,0,-1,2,-1,3,3,2,2,-1,-1,-1,0,1,0,2,1,1,2,2,2,1,-1,-1,3,1,-1,0,0,0,-1,2,3,-1,2,2,0,1,1,3,2,1,0,-1,3
1524.6311976,1,0,-1,1,2,3,2,2,2,3,1,1,1,2,1,2,3,2,1,0,2,0,2,0,0,-1,2,3,0,3,0,-1,2,3,3,0,2,-1,-1,-1,1,0,2,1,3,1,0,1,-1,3
1573.80177024,1,2,3,-1,0,0,0,1,2,0,0,-1,1,0,1,3,0,2,1,-1,-1,3,2,3,1,-1,2,3,2,-1,1,1,0,1,-1,1,3,0,2,2,0,3,0,2,2,0,3,3,1,1
1609.90168432,0,0,0,0,0,2,1,-1,0,0,1,2,1,0,-1,0,2,2,1,1,1,2,-1,3,1,0,0,2,2,3,0,1,-1,1,1,0,0,2,1,2,3,2,3,3,2,-1,2,1,2,-1
1614.88098282,1,3,0,1,2,3,1,-1,-1,2,1,0,-1,1,2,0,1,0,2,0,0,1,2,2,0,2,1,2,3,3,1,2,1,-1,-1,-1,0,-1,0,0,2,1,1,0,2,1,1,2,-1,2
1583.76036723,3,1,2,1,2,-1,3,0,-1,2,1,1,2,-1,2,0,1,1,1,0,0,2,3,-1,-1,0,2,2,2,-1,1,0,2,0,3,1,3,-1,3,2,3,0,1,0,-1,1,0,1,1,1
1689.57046024,-1,0,2,3,2,2,1,0,0,-1,0,0,0,1,2,0,2,1,3,0,1,1,1,0,0,1,0,-1,2,2,3,1,2,2,1,2,-1,0,2,0,1,3,1,2,1,0,3,2,1,-1
1555.75181319,3,2,0,0,0,0,1,3,-1,1,2,1,2,1,1,2,2,2,0,-1,2,-1,1,0,0,2,1,3,1,2,1,0,3,-1,1,2,0,2,3,-1,2,3,1,2,0,3,1,3,0,2
1614.88098282,3,2,-1,0,1,0,1,0,1,2,-1,3,2,-1,3,1,-1,0,1,2,3,1,1,0,3,-1,1,-1,2,-1,3,2,1,1,2,2,2,0,3,1,2,0,0,-1,2,1,0,0,0,1
1499.11229282,3,1,-1,0,0,3,2,3,-1,2,3,2,3,2,2,-1,3,1,1,0,2,0,-1,1,2,1,-1,0,1,2,1,-1,0,-1,3,1,3,-1,1,2,3,0,1,1,2,0,0,1,1,2
1512.80536368,1,0,2,2,0,0,2,-1,-1,1,-1,0,1,1,3,0,0,2,1,-1,0,0,2,-1,0,1,-1,3,2,-1,2,3,0,0,3,0,1,1,2,2,3,-1,0,1,1,3,2,1,1,-1
1594.96378884,3,1,-1,1,0,1,2,-1,0,2,-1,1,0,0,2,2,0,3,1,1,1,0,1,1,0,0,3,0,2,0,1,-1,3,3,2,1,-1,2,2,3,0,2,0,-1,-1,0,2,0,2,1
1365.91605808,3,0,-1,0,1,-1,1,2,2,3,3,0,2,0,2,0,3,-1,1,3,1,-1,0,0,0,-1,-1,-1,-1,-1,1,2,3,3,3,1,1,2,0,2,0,3,-1,2,-1,2,2,0,2,2
1490.39852045,3,0,2,2,3,2,0,1,1,0,2,2,2,2,1,1,1,3,-1,2,0,0,0,3,3,3,2,2,2,0,2,-1,3,0,-1,1,-1,0,2,1,-1,1,1,1,3,1,1,1,-1,-1
1668.40844164,3,3,3,0,2,1,1,1,1,3,0,1,2,3,-1,0,-1,0,1,-1,0,0,1,2,2,2,3,3,2,2,3,2,2,0,-1,1,0,-1,0,1,2,0,0,2,2,2,0,1,2,3
1636.66541373,2,2,3,1,2,3,1,1,0,0,2,0,3,2,1,0,2,3,0,1,1,1,2,2,0,3,-1,1,0,2,-1,2,1,0,3,3,-1,-1,1,0,0,3,3,3,1,0,1,2,2,0
1487.9088712,2,0,-1,0,0,1,2,3,0,3,2,3,1,1,2,1,1,-1,1,-1,1,2,3,3,-1,3,2,-1,0,1,1,2,2,1,2,0,-1,1,0,3,-1,1,0,0,0,2,3,3,0,1
1441.85036013,0,0,1,2,3,3,2,0,0,3,-1,3,1,0,-1,-1,2,1,2,3,0,3,-1,2,3,1,0,1,3,1,0,-1,3,2,2,2,0,-1,3,2,1,-1,3,0,0,0,2,0,1,0
1566.33282249,2,0,1,3,-1,1,1,0,1,2,0,3,2,1,3,2,2,1,2,3,1,2,2,0,1,1,3,-1,0,0,0,1,3,-1,1,1,2,-1,0,-1,2,-1,0,2,1,0,2,0,0,2
1446.82965862,3,1,0,1,0,3,2,1,0,1,3,0,0,1,1,-1,3,0,2,0,3,1,-1,1,1,-1,2,3,3,-1,2,3,-1,0,0,2,-1,2,2,2,-1,0,1,0,0,2,-1,1,3,2
1542.05874233,1,-1,3,2,2,-1,2,2,0,-1,0,0,2,3,-1,2,2,0,1,1,-1,2,-1,1,1,0,0,-1,0,0,2,2,1,1,3,0,2,-1,3,2,-1,3,0,2,2,0,0,2,1,1
1595.58620115,-1,1,-1,-1,3,0,3,2,0,1,2,1,2,0,0,3,0,0,3,0,-1,2,1,2,0,-1,2,2,1,1,0,1,3,2,3,0,-1,1,2,2,2,0,-1,0,1,1,1,0,2,2
1398.2814983,0,0,2,1,-1,3,2,-1,-1,-1,3,0,2,0,1,1,3,3,0,1,1,3,1,3,-1,1,2,0,0,-1,1,2,3,0,1,-1,1,2,2,-1,2,-1,2,1,3,0,3,2,-1,1
1592.47413959,-1,0,-1,1,-1,-1,2,2,1,2,-1,2,0,3,1,1,2,2,-1,0,2,2,3,2,2,0,1,-1,0,3,3,3,2,0,0,0,0,0,1,3,1,3,-1,2,1,0,1,-1,0,1
1568.20005943,0,-1,-1,-1,0,3,0,0,3,-1,0,-1,1,3,1,0,0,2,-1,0,-1,1,0,-1,2,-1,1,2,0,1,0,1,2,2,0,1,3,-1,2,2,1,1,2,-1,1,2,2,0,2,1
1500.35711744,-1,0,3,-1,-1,1,-1,0,0,-1,3,1,-1,2,-1,1,2,-1,3,-1,2,-1,3,0,1,1,0,1,2,2,3,2,0,2,-1,0,0,2,0,0,0,1,1,1,1,1,-1,1,0,2
1504.71400362,-1,1,3,3,-1,1,0,2,3,0,2,2,0,1,-1,0,2,0,-1,2,3,3,2,1,1,3,0,1,-1,0,3,1,3,-1,3,1,3,2,0,2,1,0,1,3,-1,2,-1,2,0,0
1590.60690266,2,0,2,1,2,3,0,-1,3,3,2,0,-1,0,1,0,0,0,2,3,2,0,0,3,1,1,2,3,1,-1,0,2,0,1,1,-1,0,-1,-1,1,-1,1,3,1,2,1,0,0,1,1
1616.74821975,0,3,2,0,-1,1,-1,0,-1,-1,0,2,0,0,0,0,0,3,2,1,1,-1,2,2,1,2,-1,-1,-1,2,3,2,3,0,1,0,0,-1,1,1,1,0,1,-1,2,1,1,3,2,1
1561.97593631,3,1,3,1,0,3,3,2,0,2,0,1,1,2,3,1,-1,2,0,1,3,2,3,1,0,1,0,2,-1,3,0,3,0,2,2,1,-1,0,2,0,2,2,2,-1,0,1,1,1,1,-1
1578.15865642,2,0,1,0,3,0,0,1,3,2,1,-1,2,3,0,0,2,-1,1,2,-1,1,-1,2,-1,1,1,3,-1,1,3,1,1,-1,2,3,0,2,3,-1,2,1,0,0,0,3,2,0,0,0
1634.17576448,1,-1,1,0,1,2,1,2,3,1,3,-1,3,2,1,-1,0,2,-1,1,2,3,2,0,0,0,-1,2,0,-1,-1,2,1,2,0,0,0,2,0,0,1,2,2,3,2,-1,0,1,3,3
1639.15506298,1,3,2,1,2,2,0,0,3,0,2,3,2,3,2,1,0,2,3,3,2,2,-1,3,1,0,-1,-1,3,-1,-1,0,1,0,3,1,1,1,2,0,0,-1,1,0,0,2,1,0,2,2
1545.7932162,3,1,0,1,0,1,0,2,-1,0,0,0,3,1,2,1,-1,0,-1,3,0,2,-1,-1,2,3,1,0,0,2,-1,3,2,2,1,2,1,-1,1,1,-1,1,2,1,2,2,0,-1,3,2
1680.85668787,1,0,0,3,2,1,1,3,0,1,2,1,3,2,1,3,0,3,0,2,0,1,2,1,2,2,1,0,2,0,3,1,1,2,1,3,0,0,0,-1,2,0,2,0,2,-1,2,-1,1,-1
1535.2122069,1,3,2,0,2,2,0,1,3,1,0,-1,0,0,0,0,-1,0,3,-1,1,0,-1,2,1,-1,1,-1,-1,0,0,2,1,0,2,1,3,-1,1,2,1,2,1,2,2,0,-1,-1,2,1
1627.95164137,1,1,1,0,2,1,3,1,0,-1,-1,-1,-1,0,1,1,0,-1,1,1,1,1,3,0,-1,0,2,0,0,1,2,0,-1,2,2,2,1,2,0,3,0,2,2,3,0,2,2,3,0,2
1523.38637298,3,0,1,0,2,3,0,1,0,-1,1,1,3,-1,1,0,3,2,3,3,2,-1,0,-1,1,-1,2,3,3,1,3,-1,1,0,2,3,1,3,1,1,2,1,2,0,-1,-1,1,2,0,0
1505.33641593,1,2,2,1,1,0,3,1,0,2,-1,1,0,0,-1,2,1,-1,0,2,-1,1,1,0,0,2,0,2,1,3,1,0,1,2,2,3,2,1,3,3,-1,-1,2,3,-1,1,0,3,0,2
1611.14650895,0,-1,0,0,2,3,2,2,0,1,1,2,0,1,0,2,3,-1,3,0,3,2,0,1,0,1,2,1,1,3,2,-1,1,2,1,0,0,1,3,3,0,-1,-1,3,1,1,2,3,-1,1
1616.12580744,2,0,1,1,1,2,3,-1,-1,0,0,2,1,1,1,1,1,3,0,2,0,2,2,0,2,0,0,2,3,-1,3,1,0,-1,0,-1,1,-1,1,2,0,2,2,3,0,1,2,-1,2,1
1516.53983755,1,3,3,2,1,2,3,2,3,3,-1,2,0,3,0,1,1,0,2,3,-1,2,1,1,-1,0,-1,0,2,1,3,2,1,2,1,3,3,2,3,3,2,2,2,0,-1,1,1,0,1,0
1584.38277954,0,-1,-1,1,0,1,1,1,2,0,1,2,3,0,2,-1,1,2,1,0,3,2,2,0,0,-1,0,3,0,0,1,2,0,3,2,-1,-1,1,0,3,2,1,2,1,0,1,1,3,3,-1
1466.12444029,1,0,3,-1,3,1,-1,-1,1,3,2,2,0,0,2,0,2,0,1,-1,3,2,1,0,0,2,-1,1,3,1,1,1,2,0,2,0,3,3,2,3,1,2,1,-1,1,-1,2,-1,-1,2
1438.11588626,0,3,1,-1,3,-1,1,0,0,3,3,3,0,1,-1,1,3,-1,1,2,-1,-1,2,0,2,-1,2,2,0,2,2,1,2,1,3,-1,3,-1,0,-1,0,0,0,0,1,1,3,1,1,2
1641.02229991,-1,1,1,-1,1,3,1,1,1,1,2,-1,1,-1,-1,2,0,0,1,2,3,2,-1,0,2,0,2,-1,2,1,1,0,0,2,3,0,-1,2,1,1,0,2,0,2,0,2,0,0,-1,0
1469.85891416,3,2,1,1,1,0,2,1,2,0,2,1,1,0,0,3,3,1,2,2,-1,0,1,2,-1,0,3,0,0,3,2,-1,2,-1,1,0,-1,-1,-1,2,2,2,3,2,2,3,1,1,0,1
1740.60826981,1,1,2,1,1,3,2,-1,1,0,0,0,0,2,1,0,3,2,-1,2,0,3,2,-1,1,0,0,2,2,2,-1,1,1,3,0,2,0,1,3,3,1,3,2,3,3,0,0,1,1,0
1639.77747529,1,0,0,3,3,2,2,2,0,2,0,1,-1,3,-1,3,2,1,0,2,0,1,1,0,1,2,3,3,0,2,1,0,3,3,1,0,3,0,2,-1,1,1,1,-1,1,3,2,2,0,2
1457.41066792,3,2,-1,3,-1,-1,3,-1,1,-1,0,2,3,1,0,0,0,0,0,-1,1,3,3,1,-1,0,0,1,3,1,0,0,2,1,1,3,-1,-1,1,0,1,2,2,1,2,2,2,-1,2,1
1597.45343809,1,-1,3,2,-1,3,2,0,0,3,1,2,3,2,3,1,3,2,0,0,0,1,-1,3,0,1,0,0,1,1,1,1,-1,3,-1,0,3,-1,-1,2,1,2,0,3,1,1,0,1,2,0
1442.47277244,-1,0,3,0,2,-1,-1,1,2,3,1,1,1,1,3,0,0,0,3,-1,2,-1,0,1,1,2,2,-1,3,3,0,0,0,0,-1,-1,1,2,-1,2,-1,1,1,3,1,3,1,1,2,2
1650.9808969,2,3,0,-1,1,1,0,1,2,2,0,0,0,0,-1,0,0,2,3,2,2,1,0,-1,2,2,3,1,2,3,2,1,3,0,-1,0,-1,1,1,1,1,2,1,2,-1,0,1,-1,0,2
1618.61545669,1,0,-1,1,0,2,0,1,3,3,3,0,2,-1,0,2,2,-1,1,-1,3,0,1,-1,1,0,0,2,2,0,0,-1,2,0,3,1,0,1,1,2,1,2,2,1,3,3,1,2,2,1
1510.31571443,2,2,3,2,2,1,0,0,0,0,3,1,2,-1,-1,0,1,2,2,3,-1,-1,1,2,1,-1,2,0,0,-1,3,-1,3,1,2,-1,0,-1,1,0,0,3,-1,0,1,0,1,0,1,1
1320.47995932,-1,0,0,1,-1,3,1,0,1,2,1,0,0,1,2,3,1,0,0,3,3,-1,1,3,3,2,-1,-1,0,2,0,-1,2,3,1,2,-1,3,0,2,-1,2,3,3,-1,3,2,1,1,2
1448.69689556,1,2,1,0,1,0,0,0,3,2,3,0,1,-1,0,2,-1,0,-1,-1,-1,1,0,1,-1,0,0,2,2,-1,-1,3,2,3,2,2,1,1,0,-1,3,1,1,2,3,0,3,3,-1,-1
1626.08440443,0,3,1,3,2,2,1,-1,3,2,1,-1,1,2,1,1,1,1,0,-1,2,2,-1,3,1,0,3,3,2,0,2,0,0,2,2,3,1,1,3,0,0,1,1,0,2,-1,2,0,0,-1
1553.88457626,1,1,0,2,1,0,1,3,2,3,1,2,2,1,2,0,2,3,-1,-1,1,3,-1,3,0,3,0,2,3,-1,0,2,1,0,1,2,-1,1,2,1,-1,2,0,2,0,0,0,3,2,0
1423.17799077,1,0,-1,-1,2,1,0,2,3,0,3,-1,3,3,2,-1,2,2,-1,1,0,1,3,0,2,-1,-1,2,3,-1,2,-1,2,1,2,-1,0,1,2,1,0,2,1,-1,-1,-1,3,1,2,0
1571.9345333,0,1,1,-1,-1,0,1,-1,3,-1,0,3,-1,2,-1,2,1,0,-1,1,-1,0,0,3,1,-1,1,0,-1,2,3,3,0,-1,0,2,1,2,2,3,0,1,2,0,1,3,0,1,1,2
1495.37781895,3,3,3,3,0,0,2,0,1,1,-1,1,0,0,1,0,3,1,0,-1,2,2,2,-1,0,3,1,3,-1,-1,1,1,2,3,-1,3,2,0,2,1,2,2,0,3,0,3,3,1,3,0
1571.9345333,2,2,-1,1,0,-1,2,3,1,1,3,1,1,1,2,1,3,1,2,0,0,3,3,0,2,0,2,-1,1,1,3,0,-1,-1,0,0,1,3,2,-1,0,3,2,1,2,2,0,2,0,-1
1618.61545669,1,3,2,-1,0,2,1,0,0,3,2,2,-1,2,2,0,2,0,1,3,-1,1,2,0,2,-1,0,-1,3,-1,0,3,1,0,3,1,0,0,2,2,1,0,1,0,1,2,2,-1,-1,1
1657.82743233,2,1,3,1,2,2,0,2,0,3,1,1,-1,0,2,-1,-1,2,0,1,2,2,3,0,3,0,3,-1,0,1,1,2,2,3,0,3,1,-1,3,0,1,0,1,3,0,0,1,1,1,0
1619.86028131,0,0,-1,-1,1,0,0,0,-1,0,2,2,1,-1,2,1,-1,-1,3,2,3,2,1,3,2,1,0,1,0,1,1,0,1,0,3,2,2,1,2,1,0,1,-1,2,1,1,2,0,2,-1
1580.02589335,0,2,2,1,0,-1,3,-1,0,-1,0,2,2,1,1,2,0,-1,2,1,1,1,1,3,2,0,1,0,2,3,-1,2,2,2,2,1,1,3,1,0,1,-1,2,2,-1,0,3,0,-1,1
1562.59834862,3,3,2,1,2,1,2,3,3,3,1,3,0,1,0,1,-1,0,3,3,2,1,3,0,1,-1,0,1,2,2,2,-1,0,0,0,3,3,0,0,2,-1,3,1,2,-1,-1,0,1,2,0
1440.6055355,2,0,-1,0,2,3,1,3,2,1,2,2,0,2,1,0,1,3,0,3,3,1,0,3,3,0,3,-1,3,0,0,1,1,3,3,0,-1,-1,2,-1,1,0,1,2,-1,-1,2,0,1,-1
1534.58979459,-1,2,1,2,3,2,1,2,1,3,2,1,0,3,0,-1,1,2,-1,0,1,3,0,3,-1,0,0,0,3,2,2,-1,-1,0,3,0,2,2,0,0,1,2,1,1,-1,3,3,-1,2,2
1587.4948411,1,2,2,3,1,0,2,0,3,0,3,2,1,0,2,-1,0,3,0,-1,-1,3,1,1,1,-1,3,2,0,1,3,2,1,3,3,0,-1,2,0,1,0,0,0,1,0,3,1,0,1,3
1489.77610814,1,2,2,1,0,1,-1,3,2,3,2,2,3,3,0,1,0,0,0,2,1,2,-1,1,-1,3,3,-1,1,2,2,3,3,3,-1,3,2,0,1,1,1,3,3,2,0,1,1,3,-1,2
1615.50339513,3,1,0,2,-1,-1,-1,2,2,1,1,2,1,0,3,0,2,2,2,3,3,-1,0,2,1,2,0,0,3,2,3,0,1,0,0,2,0,-1,0,1,2,0,1,1,3,1,3,0,2,3
1610.52409663,1,1,1,2,2,0,0,1,2,0,0,1,0,0,0,2,3,-1,2,2,2,3,-1,0,1,1,3,3,2,-1,2,1,1,1,0,2,0,3,-1,0,2,1,2,0,3,-1,2,3,-1,2
1616.12580744,1,0,1,2,2,2,3,-1,-1,3,2,3,-1,2,1,2,-1,2,3,-1,3,0,3,0,2,-1,1,2,1,0,0,2,1,2,-1,1,0,0,1,1,0,0,1,3,1,1,2,1,3,0
1528.98808378,0,1,1,0,0,2,0,0,-1,0,1,-1,3,3,3,3,-1,2,3,1,0,1,-1,3,2,-1,1,2,2,2,2,1,2,1,3,1,0,2,2,-1,2,-1,3,1,2,0,0,0,2,-1
1457.41066792,-1,2,1,0,2,2,2,-1,2,0,3,0,3,3,0,0,3,3,3,-1,3,2,0,0,0,1,-1,-1,3,2,2,3,0,2,0,-1,1,0,2,3,2,0,-1,3,1,3,1,3,2,-1
1590.60690266,2,2,2,1,-1,3,1,2,2,0,-1,2,1,0,1,-1,3,0,-1,3,3,0,-1,2,1,2,2,0,3,0,1,3,1,0,2,2,1,2,0,0,3,1,0,1,0,3,1,0,0,-1
1619.237869,1,0,2,3,1,2,0,1,0,2,3,0,2,-1,-1,2,0,2,0,0,0,-1,3,1,3,2,3,2,1,-1,3,2,0,3,2,2,3,1,1,0,3,1,2,1,0,2,1,0,1,0
1594.96378884,1,0,3,1,0,2,0,1,2,3,3,0,3,-1,2,2,2,-1,2,3,0,1,0,1,3,3,2,2,2,3,0,1,1,0,0,1,2,2,3,1,2,1,0,1,3,0,-1,2,1,3
1491.02093276,0,1,0,2,0,2,2,0,0,-1,-1,-1,0,1,-1,2,1,2,3,2,-1,0,2,1,1,1,0,-1,0,-1,2,1,1,-1,1,1,2,-1,2,0,0,1,1,-1,1,-1,1,2,2,-1
1450.56413249,3,2,1,0,1,2,3,-1,-1,2,0,1,3,2,2,1,1,0,3,2,3,1,2,3,2,0,0,1,0,3,1,1,-1,2,-1,1,-1,0,2,1,3,-1,-1,0,1,3,3,2,0,3
1698.2842326,2,1,-1,-1,2,3,0,1,0,0,2,1,2,1,-1,3,1,1,1,2,0,2,-1,2,3,0,1,1,0,3,3,0,0,2,2,-1,0,1,0,1,0,1,2,2,0,-1,2,2,1,0
1544.54839158,3,1,-1,-1,3,1,0,1,1,0,3,1,0,2,1,1,2,0,1,2,2,1,1,3,1,2,0,-1,2,0,2,-1,1,1,-1,0,0,0,0,3,2,2,3,0,1,-1,2,-1,-1,-1
1678.36703862,2,3,2,2,0,-1,1,2,-1,-1,3,2,2,1,1,0,1,2,3,0,3,0,0,1,2,1,0,2,1,0,2,1,0,1,-1,0,1,-1,0,1,0,2,1,3,2,2,3,0,1,2
1505.33641593,1,1,3,-1,1,1,1,-1,3,3,1,2,1,-1,-1,2,1,2,3,2,3,-1,-1,1,2,3,0,0,-1,0,2,2,0,-1,2,-1,0,3,-1,2,0,0,0,0,1,1,2,-1,2,0
1534.58979459,0,2,0,-1,1,2,1,1,0,1,0,-1,1,1,1,3,1,0,0,-1,2,-1,-1,2,0,0,3,1,2,2,1,2,2,1,2,0,0,3,-1,3,3,0,3,0,-1,2,1,2,2,-1
1606.16721045,-1,3,-1,0,1,1,1,-1,0,2,3,-1,1,-1,0,0,1,0,1,2,0,0,2,0,0,2,0,3,2,2,0,0,-1,-1,1,-1,3,2,1,2,3,0,2,-1,1,1,1,1,3,0
1592.47413959,3,1,1,1,-1,2,3,2,2,2,1,2,0,0,3,0,2,0,1,1,1,1,-1,0,2,0,0,3,1,3,0,1,3,1,2,0,2,1,2,2,2,2,-1,3,0,2,3,0,-1,3
1476.08303728,1,2,3,2,0,2,-1,-1,-1,3,3,0,1,1,2,1,2,-1,3,3,1,3,2,1,1,2,1,0,2,2,1,2,1,-1,-1,0,0,-1,1,0,2,0,1,3,-1,2,3,-1,0,1
1684.59116174,1,2,2,2,0,1,3,1,2,0,0,3,0,0,0,3,3,-1,1,0,2,2,1,2,2,2,1,2,1,1,3,1,3,-1,1,-1,-1,3,0,0,0,1,1,2,2,0,0,1,0,3
1528.98808378,2,1,-1,0,-1,2,1,2,0,-1,1,2,2,2,3,0,3,3,-1,1,1,0,2,1,-1,-1,-1,0,2,-1,-1,2,2,0,3,-1,0,2,1,2,2,3,0,0,0,2,2,1,-1,1
1598.0758504,0,2,1,1,-1,1,3,1,0,3,-1,0,0,3,2,-1,1,0,0,3,3,1,0,2,0,3,1,1,3,0,0,0,1,1,2,1,2,1,3,3,3,2,1,2,0,2,0,-1,0,-1
1502.22435438,2,0,1,0,2,1,3,1,-1,0,1,1,2,2,0,2,2,-1,3,1,0,2,0,-1,2,-1,1,3,3,2,3,3,1,1,-1,0,-1,1,3,3,1,1,2,2,-1,0,3,-1,3,0
1519.65189911,0,0,1,-1,-1,0,2,0,1,2,3,1,-1,1,1,0,2,2,-1,1,3,2,-1,-1,2,3,0,2,-1,-1,2,2,0,1,1,1,2,1,0,1,-1,0,0,2,-1,3,2,0,0,3
1350.35575029,0,1,0,0,3,1,1,3,3,1,0,1,0,-1,-1,0,2,2,-1,-1,2,2,2,1,3,0,-1,1,1,-1,1,2,1,2,-1,2,-1,-1,0,2,-1,-1,-1,-1,2,0,0,1,1,1
1472.34856341,1,0,2,2,2,3,3,3,2,-1,1,1,1,2,0,1,2,-1,-1,0,1,3,1,3,1,-1,3,0,3,-1,1,2,2,1,2,0,1,3,2,2,1,-1,0,0,-1,3,-1,-1,0,1
1561.97593631,1,1,1,-1,0,3,3,1,-1,2,-1,1,-1,-1,2,3,3,0,0,0,-1,3,1,2,2,3,-1,-1,0,2,2,3,2,3,1,1,0,0,3,2,1,3,0,0,2,2,0,0,1,1
1524.6311976,0,-1,2,3,1,1,2,2,2,1,-1,1,1,0,2,2,-1,3,2,0,3,0,1,2,3,3,-1,-1,0,2,3,2,3,3,0,2,2,-1,2,0,-1,1,1,1,1,1,0,1,1,1
1567.57764712,3,-1,0,2,0,-1,2,1,3,1,1,1,2,0,0,3,0,2,-1,-1,0,2,-1,1,-1,1,1,2,0,1,1,2,2,1,2,0,2,2,3,2,3,1,0,-1,2,0,0,-1,0,3
1467.36926491,-1,0,-1,2,2,0,0,2,3,3,0,3,2,2,3,2,0,1,-1,3,3,-1,0,1,-1,3,1,-1,1,1,0,-1,0,1,0,1,1,-1,2,3,1,-1,0,1,-1,3,1,3,0,2
1598.69826271,-1,-1,1,1,2,0,3,2,2,2,2,0,2,2,0,1,2,0,3,1,1,3,3,3,1,2,0,1,3,3,1,-1,0,0,-1,2,0,-1,1,-1,1,0,1,1,3,2,3,0,0,3
1652.22572153,1,2,1,0,1,-1,2,2,2,-1,0,2,2,2,1,1,2,2,0,-1,0,2,1,1,0,0,0,0,-1,1,-1,1,2,1,2,3,3,0,1,2,0,1,0,2,0,3,3,3,-1,1
1362.80399652,1,2,1,0,0,-1,0,3,-1,0,3,0,-1,0,2,-1,2,1,3,2,2,1,-1,1,3,1,0,1,3,0,1,1,1,-1,2,-1,2,1,2,3,-1,3,-1,1,2,2,2,3,2,2
1316.74548545,3,-1,2,3,-1,2,0,1,2,0,3,1,0,3,1,3,0,-1,2,0,0,0,-1,-1,-1,2,3,1,1,2,2,2,0,-1,-1,3,-1,1,1,3,-1,2,1,2,0,2,-1,-1,2,2
1709.48765422,2,0,2,1,1,1,0,0,2,3,1,-1,1,2,3,0,2,2,2,-1,-1,1,1,0,3,0,0,1,2,3,2,0,0,1,2,3,0,1,2,3,0,3,1,1,-1,0,1,2,-1,0
1529.6104961,2,3,3,1,2,1,-1,-1,1,2,1,1,2,3,2,0,1,0,1,-1,-1,3,0,3,1,0,2,-1,2,1,-1,1,3,-1,1,3,2,0,1,1,2,0,2,2,1,3,0,-1,0,-1
1479.81751115,0,3,2,2,0,-1,3,2,1,0,3,3,0,0,0,0,1,3,1,-1,1,3,0,2,1,0,1,3,3,-1,2,2,1,2,-1,0,-1,1,3,0,1,3,2,0,1,-1,3,1,3,1
1525.87602223,1,3,2,0,0,3,-1,1,-1,3,1,2,1,2,2,1,0,-1,3,1,-1,0,1,-1,1,3,2,1,3,-1,1,-1,0,0,1,3,0,0,0,0,-1,-1,0,0,2,0,3,2,0,-1
1647.24642303,2,1,3,3,0,2,2,2,1,2,3,-1,0,0,-1,3,2,1,2,1,0,3,1,-1,0,0,2,0,2,-1,0,1,2,3,1,2,-1,0,1,1,0,1,1,1,2,1,0,-1,0,2
1619.86028131,1,3,2,3,2,3,0,0,1,2,3,1,-1,3,3,2,0,2,0,-1,-1,0,2,2,1,0,1,1,2,3,3,0,0,1,2,3,0,1,0,1,1,2,1,0,0,3,2,-1,1,-1
1617.99304438,1,0,0,0,3,0,3,3,0,-1,1,1,3,3,0,1,2,2,1,1,0,1,-1,3,1,2,2,2,-1,1,3,0,0,2,2,0,1,-1,2,0,3,2,2,1,2,-1,1,-1,0,2
1683.96874943,3,1,-1,0,0,0,1,1,0,2,1,3,1,0,2,2,-1,2,1,0,3,0,2,-1,3,3,0,0,1,0,1,1,2,1,3,-1,2,3,0,0,1,3,3,2,-1,0,0,1,2,2
1416.33145534,-1,1,-1,-1,0,3,0,1,3,1,2,-1,1,0,2,0,1,3,0,-1,2,3,3,2,1,-1,-1,3,0,2,1,2,2,2,0,0,1,1,2,0,2,1,-1,2,1,3,-1,-1,3,2
1652.84813384,3,-1,3,0,1,3,0,3,3,0,0,-1,-1,3,2,3,1,1,2,2,-1,1,0,1,2,3,-1,2,1,2,0,2,0,0,0,3,1,0,2,1,2,-1,2,1,2,1,0,2,0,1
1494.75540663,0,2,2,1,0,-1,1,1,1,0,0,-1,2,0,0,3,1,0,2,1,-1,0,2,1,-1,1,1,3,0,3,-1,0,-1,1,2,2,-1,1,-1,-1,2,3,2,2,1,2,3,-1,0,2
1664.05155545,-1,0,-1,2,2,1,1,1,1,0,1,0,-1,1,3,0,1,-1,2,0,0,1,2,-1,1,2,2,2,2,2,0,3,0,0,1,-1,2,1,-1,1,2,1,0,3,2,0,0,1,0,-1
1675.25497707,0,3,1,2,0,2,3,0,-1,-1,0,1,1,1,3,2,1,0,3,2,1,0,1,-1,-1,-1,1,0,2,0,1,2,1,2,2,0,0,0,0,3,0,-1,2,1,1,1,3,2,2,1
1454.92101868,2,0,1,0,2,-1,1,0,1,1,1,3,1,-1,2,2,2,-1,1,1,3,2,-1,-1,-1,1,-1,0,-1,0,2,2,-1,0,0,2,2,0,0,0,3,1,-1,3,0,3,-1,0,3,1
1512.18295137,1,3,0,-1,0,3,-1,-1,-1,1,2,0,0,0,2,0,1,3,1,3,-1,3,2,2,-1,0,0,0,0,3,1,3,3,2,0,2,1,1,1,3,-1,2,1,3,-1,1,2,0,0,0
1537.70185615,-1,0,1,0,-1,3,-1,-1,1,-1,0,0,1,2,2,-1,-1,-1,1,2,3,2,0,0,2,3,2,-1,0,1,3,2,1,0,-1,2,1,3,0,1,2,0,0,1,-1,1,-1,0,3,0
1519.65189911,3,2,-1,3,0,1,-1,2,2,1,2,0,1,2,3,0,3,0,2,0,3,3,-1,1,3,2,1,1,1,1,3,3,3,1,2,-1,1,0,0,1,2,2,2,2,3,3,3,2,2,-1
1475.46062497,2,1,0,3,0,1,-1,2,2,1,3,1,1,0,1,2,3,3,0,2,3,3,3,0,3,-1,2,0,-1,0,0,1,2,2,2,3,3,2,0,3,1,3,2,0,-1,-1,2,1,1,2
1416.95386765,1,2,0,3,1,2,3,1,1,3,-1,-1,-1,0,1,0,2,1,3,-1,1,0,1,0,3,2,2,1,1,-1,1,2,3,-1,0,2,0,2,2,2,1,-1,2,2,2,2,-1,1,3,2
1650.9808969,1,3,-1,0,0,0,1,1,-1,2,3,0,3,2,0,2,3,1,-1,1,0,1,3,3,0,0,2,2,2,2,0,0,0,3,2,1,2,2,2,1,-1,1,2,1,3,0,0,-1,-1,0
1428.77970158,3,1,0,0,0,3,0,2,3,1,-1,1,2,3,0,-1,2,0,1,3,3,2,2,0,0,-1,3,2,0,1,0,-1,2,2,2,1,3,2,1,0,-1,-1,2,0,2,-1,2,1,1,1
1609.27927201,0,0,0,2,1,1,0,3,0,0,2,1,3,1,-1,-1,0,-1,1,3,3,2,2,0,2,1,2,3,2,2,3,0,0,0,1,3,1,0,1,2,2,1,3,1,2,2,-1,3,3,1
1581.27071798,0,3,1,0,3,1,1,3,-1,1,-1,-1,0,1,1,-1,3,0,-1,1,0,3,2,0,2,1,-1,2,1,1,3,1,0,2,0,3,0,-1,2,0,2,2,2,0,0,0,2,2,1,-1
1689.57046024,0,1,-1,2,1,1,1,2,0,-1,1,3,3,1,2,0,2,0,3,0,2,2,2,3,0,1,0,0,0,2,3,1,1,0,3,1,2,0,3,1,2,1,2,2,-1,1,2,2,3,-1
1497.86746819,2,2,2,2,0,0,0,2,1,1,3,3,1,0,2,0,0,2,3,0,2,2,-1,-1,1,2,-1,-1,0,2,1,0,3,0,-1,0,2,3,-1,1,-1,3,2,3,1,1,2,1,0,-1
1524.6311976,0,0,-1,0,-1,-1,0,0,1,0,1,3,2,2,2,0,0,0,0,2,2,0,1,3,2,1,2,1,3,-1,1,2,-1,-1,3,2,1,2,0,2,-1,3,0,1,1,-1,2,2,0,1
1427.53487696,1,2,0,-1,2,2,2,3,0,1,2,2,3,1,2,2,-1,3,0,-1,0,0,0,2,1,-1,3,0,1,1,3,3,3,0,-1,1,-1,2,3,0,2,3,-1,-1,2,2,1,1,3,0
1598.69826271,1,0,-1,0,1,-1,2,1,0,-1,1,3,0,2,1,3,1,2,2,1,3,2,3,-1,1,1,2,2,-1,-1,0,0,2,2,-1,3,3,1,0,1,0,1,0,1,2,2,3,0,2,0
1538.32426846,1,2,3,2,0,1,-1,-1,0,2,1,2,0,0,3,3,0,2,1,-1,3,1,1,0,2,3,0,3,0,0,2,0,1,3,-1,-1,1,1,3,2,3,2,2,-1,0,1,1,1,-1,2
1494.13299432,-1,0,0,0,2,-1,1,-1,-1,2,-1,0,1,1,1,1,2,1,2,-1,1,-1,0,3,0,2,2,-1,0,0,1,1,-1,0,2,3,-1,1,0,2,2,1,0,1,1,0,1,3,-1,2
1483.55198502,0,2,-1,1,3,0,2,3,0,1,1,0,1,-1,2,-1,3,-1,2,3,0,3,3,1,-1,2,2,2,1,0,1,2,2,2,2,0,-1,3,1,1,0,1,3,1,2,1,2,3,1,-1
1592.47413959,2,3,3,3,0,-1,3,1,-1,1,2,-1,1,0,1,1,2,0,0,3,0,1,-1,0,2,0,1,2,-1,2,2,0,2,2,0,-1,0,2,2,1,3,3,0,1,3,0,1,0,-1,2
1444.34000938,-1,-1,2,3,2,1,1,-1,-1,0,0,3,3,3,3,1,0,1,3,2,1,2,0,1,1,2,-1,1,1,0,2,2,0,-1,3,0,-1,2,0,0,-1,1,2,2,0,-1,1,2,-1,-1
1382.09877819,2,-1,-1,1,1,-1,2,1,-1,1,2,-1,2,1,2,1,1,0,0,3,-1,-1,1,0,-1,0,-1,1,1,0,0,0,3,-1,3,2,2,3,3,1,-1,0,2,1,-1,3,1,2,1,2
1433.13658776,-1,1,2,1,-1,2,-1,-1,1,1,1,0,1,0,-1,3,0,0,0,-1,3,-1,2,2,2,-1,2,3,0,-1,0,3,2,2,0,0,2,3,0,1,0,2,1,3,0,3,3,-1,2,3
1481.68474809,1,-1,-1,0,0,-1,1,0,1,0,3,3,-1,2,1,-1,0,1,1,3,0,1,1,2,2,0,2,3,2,-1,2,3,-1,1,-1,1,2,1,-1,3,-1,0,2,1,0,-1,0,2,0,0
1776.08577158,3,1,2,0,2,0,3,3,0,3,0,3,0,2,3,1,2,1,1,1,1,3,2,2,3,1,1,0,0,0,-1,3,1,0,2,1,2,0,2,2,0,0,1,1,-1,3,2,1,2,2
1557.61905013,1,3,0,1,3,3,1,1,3,2,0,2,0,2,0,2,0,2,2,3,1,-1,0,-1,3,3,0,-1,2,1,0,2,3,2,0,2,1,3,2,-1,-1,0,2,1,3,2,0,2,0,0
1496.00023126,2,0,0,0,3,1,0,-1,0,2,-1,3,-1,1,3,-1,0,1,0,1,0,1,0,-1,0,-1,2,0,-1,0,1,3,2,-1,1,2,2,1,1,1,2,1,-1,1,1,1,2,2,3,3
1389.56772593,2,2,-1,2,0,0,-1,3,0,1,2,2,2,1,0,1,-1,-1,0,-1,2,3,0,1,2,1,-1,-1,1,3,1,1,0,0,3,2,-1,-1,2,2,3,-1,1,2,1,1,1,-1,-1,0
1592.47413959,-1,-1,0,3,3,1,1,0,2,3,3,1,2,0,2,-1,3,1,-1,0,3,2,-1,1,0,3,1,1,1,0,2,0,-1,0,-1,0,0,-1,3,0,2,2,3,1,2,1,0,2,-1,0
1328.57131937,-1,2,2,-1,-1,1,1,0,-1,1,1,-1,2,1,-1,-1,-1,3,1,3,2,3,2,2,3,1,0,0,1,0,3,1,0,3,2,-1,-1,-1,0,2,-1,-1,0,2,0,1,1,2,3,0
1430.64693851,0,-1,3,-1,2,3,2,1,0,3,1,-1,3,2,1,-1,-1,1,0,1,1,2,0,0,0,2,-1,2,1,2,1,-1,3,3,1,1,3,1,2,3,2,-1,2,0,0,-1,2,-1,0,2
1523.38637298,2,2,1,2,2,0,1,0,3,1,2,-1,3,0,-1,0,2,0,0,1,-1,2,0,1,1,3,0,3,2,0,3,0,2,1,-1,3,2,-1,0,2,-1,1,-1,3,1,2,1,1,3,1
1600.56549965,2,0,3,0,0,1,1,3,3,2,0,2,-1,1,0,-1,0,0,-1,1,-1,3,1,1,2,3,-1,1,2,3,0,2,0,-1,1,2,1,2,1,0,-1,0,2,2,2,2,2,0,0,0
1565.71041018,0,3,3,1,2,2,3,3,3,1,0,2,0,-1,1,2,0,2,3,1,0,-1,2,-1,2,0,1,0,-1,0,1,-1,1,2,2,2,3,1,2,0,3,1,3,3,0,0,0,3,3,2
1595.58620115,0,2,2,0,1,1,3,-1,1,1,1,3,3,0,2,-1,-1,0,1,0,-1,0,0,2,0,2,1,1,3,2,2,0,-1,0,0,1,0,2,-1,2,-1,1,2,2,0,1,-1,1,2,2
1533.34496997,1,2,2,0,-1,2,0,0,1,3,1,0,2,0,0,-1,2,-1,1,1,2,1,0,3,0,-1,2,2,0,-1,0,2,3,1,2,2,2,0,-1,0,-1,0,3,1,-1,1,0,-1,1,-1
1632.30852755,2,2,1,1,3,3,1,3,2,3,2,3,1,3,3,3,0,2,3,0,1,2,1,0,2,3,2,0,1,1,2,3,0,2,2,0,1,0,0,3,3,1,1,2,0,3,2,1,1,-1
1591.22931497,0,2,0,-1,1,1,2,2,3,-1,1,1,2,2,-1,3,0,2,2,-1,2,2,0,0,0,3,2,2,0,-1,3,0,2,-1,0,-1,0,1,1,3,1,1,1,-1,0,0,2,0,3,1
1640.3998876,1,2,0,0,1,3,3,2,2,2,1,2,1,0,0,2,3,2,3,3,-1,0,-1,3,-1,1,3,2,1,0,2,3,0,1,3,0,2,2,1,0,1,2,2,0,1,1,2,1,3,1
1565.71041018,3,0,3,1,2,3,3,1,1,-1,3,3,1,-1,2,1,0,2,3,-1,1,-1,0,-1,2,0,3,-1,0,2,0,1,1,0,2,2,-1,2,3,0,1,0,1,1,0,1,2,0,1,0
1615.50339513,2,3,2,0,2,1,1,0,0,0,3,1,0,2,2,0,2,3,2,3,1,3,3,2,-1,3,0,2,3,2,2,0,1,1,1,3,-1,0,0,-1,1,2,1,0,1,1,1,0,2,3
1601.18791196,2,3,1,2,2,0,0,2,-1,0,-1,0,3,1,0,2,0,2,2,1,2,-1,1,3,1,0,0,2,0,3,0,3,0,-1,0,1,1,1,1,3,2,2,3,3,1,3,0,2,1,2
1509.69330212,0,0,3,0,-1,3,1,3,-1,0,3,0,2,3,3,0,-1,1,1,2,2,1,1,3,0,0,-1,-1,2,0,1,-1,2,2,0,3,2,2,3,-1,1,-1,0,1,0,1,1,2,1,2
1376.49706739,1,3,2,-1,3,1,2,-1,3,-1,1,1,-1,1,2,2,1,1,2,-1,2,1,-1,1,2,0,3,2,0,0,0,2,2,0,0,1,3,2,-1,3,-1,0,-1,1,0,2,3,3,-1,3
1560.10869938,1,-1,3,-1,0,3,3,2,2,3,-1,-1,2,1,2,1,1,1,2,0,0,-1,2,1,-1,2,1,0,3,0,1,0,1,0,-1,0,1,1,-1,2,2,1,2,2,1,2,2,0,2,1
1616.74821975,0,1,2,0,1,0,2,1,-1,0,1,2,0,-1,2,-1,2,-1,2,1,-1,1,3,1,2,0,1,-1,-1,3,0,2,0,0,2,3,2,1,3,2,0,2,1,3,0,-1,1,2,0,1
1483.55198502,1,3,2,0,0,2,-1,3,0,0,1,0,3,2,1,1,0,2,1,3,2,2,2,1,-1,2,2,3,1,3,1,3,0,2,-1,0,3,3,1,3,3,0,-1,0,-1,-1,1,2,1,3
1443.71759706,1,0,1,2,-1,2,2,0,2,0,3,2,1,1,0,0,-1,-1,1,2,0,1,-1,0,1,1,1,2,2,3,0,3,3,2,-1,3,2,3,3,2,0,2,2,1,-1,1,3,-1,3,-1
1355.95746109,2,0,0,1,1,-1,0,2,3,-1,2,1,3,-1,-1,-1,-1,-1,2,-1,1,3,-1,2,2,3,1,3,3,1,1,2,2,1,2,2,2,2,0,0,1,3,0,1,-1,2,-1,1,-1,0
1550.7725147,0,2,3,2,3,3,2,-1,2,-1,0,-1,-1,2,1,1,1,0,2,3,-1,2,0,0,1,3,-1,2,2,3,1,3,1,2,0,3,2,1,0,2,0,1,1,2,1,2,1,-1,3,3
1556.37422551,1,-1,-1,2,-1,1,2,0,2,2,1,1,1,0,3,1,3,1,0,0,0,-1,3,0,2,2,0,-1,3,0,2,-1,2,0,1,0,1,-1,2,0,1,2,0,-1,0,2,-1,2,1,2
1530.85532072,-1,2,-1,1,1,0,2,2,-1,0,0,1,0,2,-1,1,-1,3,0,-1,3,2,0,3,-1,1,2,3,2,3,0,2,1,1,2,1,2,0,0,0,0,2,2,-1,3,2,-1,1,0,2
1645.3791861,1,1,0,3,-1,0,2,0,1,3,2,-1,2,0,0,2,3,2,3,3,3,0,-1,1,0,2,0,0,2,2,-1,2,-1,0,2,2,-1,0,1,2,1,1,3,0,1,2,0,1,1,1
1549.52769008,2,-1,2,1,-1,3,-1,1,-1,3,2,-1,2,1,0,-1,2,1,2,0,-1,-1,2,0,0,3,2,2,0,3,3,0,-1,0,3,1,3,2,1,0,1,1,2,1,0,1,2,2,3,0
1530.23290841,-1,3,3,2,2,-1,0,1,-1,3,-1,2,0,1,2,0,0,2,0,2,-1,0,1,2,-1,-1,0,0,0,0,3,2,0,1,1,-1,1,0,1,1,0,2,-1,-1,0,-1,1,3,1,2
1678.36703862,1,2,0,2,-1,1,3,3,1,1,0,1,2,0,0,0,0,1,0,3,3,0,1,3,2,1,3,1,0,1,3,0,2,-1,2,0,2,2,2,0,3,2,3,3,2,2,0,0,3,2
1683.34633712,1,2,2,0,1,1,1,-1,3,3,3,1,2,1,1,3,-1,0,3,1,2,0,2,-1,2,-1,-1,2,0,0,0,0,3,3,1,2,0,1,3,2,0,2,1,0,2,0,3,0,2,0
1570.06729637,-1,1,0,2,-1,2,3,0,1,3,1,0,-1,0,1,3,1,2,2,1,2,2,0,0,2,3,1,0,2,1,1,1,2,0,3,-1,0,-1,0,2,-1,0,0,3,1,-1,2,2,0,3
1535.83461921,0,0,3,3,-1,2,3,3,1,2,3,3,-1,2,0,0,-1,2,1,0,1,0,0,0,0,1,0,1,3,1,3,1,-1,2,2,3,1,2,0,-1,2,-1,0,2,2,1,2,3,-1,3
1477.3278619,1,2,2,-1,0,-1,1,-1,1,3,2,1,1,-1,-1,2,0,-1,3,1,-1,1,-1,2,0,1,0,1,1,2,2,2,3,3,0,2,-1,0,2,0,2,0,-1,3,-1,0,2,1,3,0
1685.83598637,0,0,0,2,2,2,2,2,-1,0,0,1,3,-1,0,1,-1,2,-1,1,1,2,1,1,2,0,1,-1,2,0,2,0,3,3,1,1,0,2,0,2,0,0,-1,-1,1,1,3,2,1,2
1648.49124766,1,-1,1,0,0,0,2,2,3,0,0,-1,2,1,2,0,2,1,2,2,2,3,-1,1,-1,2,0,-1,1,2,1,0,2,0,3,1,3,1,3,1,0,1,2,3,1,0,3,-1,0,3
1536.45703153,0,3,1,1,1,2,-1,-1,0,2,0,0,2,1,2,3,3,1,0,0,-1,1,1,3,-1,2,-1,1,2,3,-1,1,0,2,0,2,2,2,-1,3,-1,0,-1,0,0,0,1,1,3,2
1519.0294868,1,2,2,-1,0,0,3,3,2,1,2,3,2,0,1,1,0,0,0,3,1,2,2,3,2,-1,1,1,0,0,0,1,-1,-1,-1,2,0,2,1,-1,2,1,3,1,0,2,-1,2,1,2
1588.11725341,-1,0,2,2,3,1,3,2,-1,2,1,0,1,-1,-1,2,-1,2,2,0,0,0,2,1,1,0,0,1,-1,3,-1,-1,2,1,3,2,0,0,-1,-1,2,0,1,1,2,1,1,0,-1,2
1556.99663782,2,2,1,-1,3,1,0,3,2,2,-1,2,0,1,-1,3,0,-1,2,1,0,1,0,2,0,-1,3,-1,1,0,0,2,0,1,-1,-1,1,3,2,2,0,1,0,2,2,-1,1,1,0,3
1566.95523481,-1,2,2,0,0,2,1,1,-1,3,3,2,2,0,1,1,0,2,3,2,0,3,-1,2,0,2,1,-1,2,-1,-1,-1,0,1,1,-1,1,3,0,1,0,1,0,3,2,3,1,3,3,2
1514.67260061,3,-1,2,-1,1,2,0,-1,1,1,-1,1,0,0,3,2,2,1,-1,0,2,3,1,2,0,0,3,3,2,3,2,2,1,2,3,1,-1,0,-1,1,2,1,1,0,2,0,3,0,3,3
1632.30852755,0,3,0,2,0,3,-1,-1,0,1,1,1,2,0,1,2,0,1,2,1,2,0,0,0,2,3,2,2,-1,2,-1,0,1,0,-1,2,0,3,0,1,-1,0,3,-1,1,2,2,1,1,3
1574.42418255,0,2,0,1,2,2,-1,2,-1,1,-1,3,1,0,-1,0,-1,2,1,0,1,2,3,-1,2,0,1,0,0,3,3,2,1,2,0,2,2,2,-1,2,1,1,-1,0,-1,1,0,1,3,0
1534.58979459,3,-1,3,0,0,3,0,2,1,1,0,-1,-1,2,-1,3,0,1,1,2,3,0,2,3,-1,2,1,2,1,1,-1,1,0,3,2,0,-1,1,0,3,-1,1,2,1,-1,1,2,1,1,0
1499.11229282,1,-1,1,-1,2,2,-1,0,2,-1,1,3,0,2,3,3,1,2,0,1,2,-1,2,3,1,3,0,2,2,2,1,-1,2,0,1,-1,2,0,-1,3,3,0,-1,0,1,0,0,-1,0,1
1611.14650895,-1,0,3,-1,-1,2,2,0,0,1,2,0,0,3,-1,-1,1,1,-1,0,2,0,0,0,2,2,3,2,0,0,1,3,0,1,0,1,1,-1,1,1,1,3,3,1,2,2,3,2,2,2
1631.68611524,1,1,3,1,1,2,3,2,3,0,1,1,3,3,2,0,2,1,0,1,3,2,0,2,0,-1,2,2,1,0,-1,-1,0,0,1,2,2,-1,0,0,2,2,1,-1,1,0,2,1,-1,1
1690.19287255,-1,-1,-1,2,0,0,3,1,1,2,-1,3,2,2,3,2,3,-1,3,3,0,3,0,0,2,1,1,1,2,1,3,1,1,1,0,0,2,1,1,1,0,2,1,0,2,1,2,0,2,0
1633.55335217,0,1,1,-1,2,1,2,1,1,1,0,1,2,1,3,2,-1,2,0,1,3,-1,1,2,2,1,0,3,0,2,2,0,0,-1,3,0,2,0,0,0,3,-1,1,0,3,3,1,0,3,1
1574.42418255,0,-1,1,-1,0,3,-1,0,0,-1,0,0,2,2,2,1,-1,2,1,-1,3,1,3,0,0,-1,2,2,1,-1,3,3,0,2,2,3,3,0,1,1,1,-1,0,0,2,2,1,2,0,0
1687.08081099,0,3,2,-1,-1,1,0,0,2,0,2,1,3,3,1,0,3,1,0,1,2,0,-1,2,2,0,0,2,1,0,2,-1,3,2,1,1,1,3,0,2,2,2,1,3,0,1,1,-1,0,0
1477.95027421,1,0,3,-1,0,0,1,-1,2,0,-1,1,1,3,0,1,2,2,2,-1,0,0,2,1,1,-1,3,1,3,0,-1,-1,3,0,0,1,2,1,2,-1,-1,2,1,-1,2,0,2,-1,1,0
1487.9088712,3,0,2,1,1,0,2,3,3,0,0,3,3,1,1,3,1,0,3,2,2,2,3,1,2,2,3,3,-1,-1,3,-1,-1,1,-1,-1,1,3,2,1,2,0,2,0,0,0,2,1,1,-1
1601.18791196,3,1,3,1,2,1,1,2,-1,1,0,2,1,0,2,-1,3,2,0,1,1,0,-1,0,0,-1,1,3,-1,-1,3,-1,-1,0,2,3,1,1,2,2,2,0,1,1,2,2,0,2,0,2
1552.63975163,1,3,0,-1,1,0,0,3,2,0,-1,0,2,2,-1,1,0,0,2,3,1,0,1,2,1,2,-1,2,3,0,-1,2,1,0,0,2,1,-1,1,1,1,2,3,0,1,2,-1,0,3,-1
1524.00878529,3,2,3,2,0,3,0,0,3,2,1,0,2,2,0,0,0,3,1,1,0,3,1,0,3,-1,1,2,2,3,-1,0,1,-1,-1,2,1,-1,0,0,2,-1,3,-1,-1,1,1,1,1,1
1545.17080389,0,0,-1,1,1,2,1,0,1,1,1,2,0,2,2,3,2,0,1,0,1,-1,1,-1,3,2,0,3,-1,-1,2,2,2,-1,2,0,2,0,1,0,1,2,3,1,1,-1,2,0,0,-1
1550.7725147,3,2,3,0,1,2,1,3,2,0,0,0,-1,3,0,1,1,1,2,1,-1,2,2,2,1,-1,1,-1,-1,2,2,1,0,-1,0,-1,3,0,1,1,1,2,-1,2,0,3,0,1,3,2
1482.3071604,0,0,3,1,0,2,2,2,-1,2,-1,1,0,0,0,2,1,0,1,3,0,1,-1,3,0,1,3,-1,3,2,0,3,3,2,-1,-1,3,0,1,3,2,-1,0,2,2,0,2,0,2,2
1534.58979459,0,3,-1,0,2,2,3,0,3,1,0,0,1,-1,-1,2,2,0,1,1,1,3,2,-1,1,0,2,2,3,0,3,1,0,-1,0,-1,-1,2,2,3,2,1,2,1,3,2,0,3,-1,1
1544.54839158,0,0,3,0,-1,0,3,1,0,0,2,1,2,3,1,-1,1,2,2,3,2,0,-1,2,1,1,0,3,1,0,0,1,-1,3,-1,2,0,3,-1,1,3,1,1,1,0,2,3,1,0,-1
1402.01597217,2,3,0,0,3,1,1,0,-1,3,0,1,1,2,2,2,3,-1,0,1,2,2,2,0,2,0,3,2,0,2,0,-1,0,-1,-1,0,2,-1,3,2,3,1,3,3,0,-1,-1,-1,2,1
1607.41203508,0,0,3,0,-1,2,3,3,3,2,1,2,1,2,3,1,0,0,1,1,2,-1,2,1,3,1,0,2,2,0,0,0,1,-1,0,1,2,0,1,0,3,0,-1,2,2,2,1,3,3,3
1560.10869938,-1,-1,3,3,0,2,0,0,1,0,0,1,2,1,2,0,0,1,1,2,2,2,-1,2,1,1,-1,1,0,2,1,-1,-1,-1,0,3,3,3,0,2,3,2,0,2,1,2,1,1,0,3
1544.54839158,2,0,3,-1,2,0,2,1,1,0,-1,0,1,3,0,1,1,0,3,2,-1,0,-1,1,3,-1,2,1,3,0,1,1,2,2,0,-1,0,1,3,1,2,-1,-1,-1,0,3,0,0,1,0
1613.01374588,1,1,0,2,3,1,-1,-1,2,-1,2,3,1,-1,3,0,2,2,2,1,2,-1,3,-1,0,0,1,3,-1,0,0,0,0,2,1,2,2,0,3,1,1,1,0,1,-1,-1,0,0,-1,0
1744.96515599,1,3,3,1,0,1,2,-1,0,0,3,2,2,2,3,0,3,1,2,0,0,2,1,1,0,0,2,2,3,3,3,1,2,1,2,2,1,3,2,1,0,0,0,-1,2,0,3,-1,0,1
1594.96378884,0,1,2,1,3,2,1,2,0,0,3,1,-1,2,1,2,0,1,0,0,0,0,2,1,3,3,3,3,0,1,1,3,-1,2,2,-1,-1,3,1,-1,0,0,1,1,0,2,3,1,0,2
1448.07448325,2,2,2,3,-1,3,1,-1,0,0,0,-1,-1,0,2,3,1,3,2,3,2,1,3,0,0,0,1,2,2,0,2,1,-1,3,1,1,3,1,-1,2,2,3,2,-1,0,2,-1,2,1,1
1506.58124056,2,2,1,3,2,1,2,2,0,3,-1,0,0,3,2,1,2,2,-1,1,1,-1,0,1,-1,-1,0,-1,2,2,2,0,0,0,0,1,2,-1,0,0,1,-1,2,3,-1,0,1,-1,1,3
1591.85172728,0,0,3,3,2,3,2,1,1,1,3,3,3,0,0,-1,2,1,0,0,2,3,-1,2,3,3,0,3,3,2,2,0,0,1,1,3,2,2,2,-1,2,2,2,1,1,3,0,0,1,0
1502.22435438,1,2,1,-1,-1,1,-1,1,1,2,2,0,-1,-1,2,-1,2,2,-1,1,1,-1,1,0,2,0,1,1,3,0,-1,3,0,2,0,2,3,3,1,-1,3,2,0,2,2,0,2,0,3,0
1428.15728927,1,0,1,1,0,-1,2,2,0,1,2,2,2,3,1,1,2,0,2,3,-1,3,3,-1,3,1,0,3,2,-1,-1,1,3,0,0,-1,0,0,3,3,1,1,2,3,3,-1,-1,3,2,-1
1544.54839158,1,1,2,0,3,3,-1,2,2,2,0,-1,0,1,1,0,2,1,2,0,0,-1,1,1,2,0,-1,1,3,2,2,-1,0,0,2,1,-1,2,0,-1,-1,1,1,1,-1,1,2,0,0,2
1623.59475518,-1,3,1,2,-1,2,3,-1,0,2,3,2,-1,0,-1,-1,3,-1,0,0,2,2,1,0,2,1,0,2,0,2,1,2,1,0,2,1,2,1,0,1,2,0,0,0,0,0,3,-1,1,3
1629.19646599,2,1,2,2,0,1,3,0,3,3,1,0,0,1,1,-1,3,3,1,1,2,0,1,0,0,0,2,0,0,3,2,-1,2,2,-1,-1,0,0,1,1,2,1,3,2,1,0,2,2,-1,-1
1454.92101868,3,-1,3,2,1,1,1,1,-1,2,2,3,3,2,2,0,-1,2,0,0,2,1,-1,-1,3,2,3,1,-1,1,0,1,-1,-1,-1,3,2,0,0,1,3,1,3,0,1,1,2,3,-1,0
1578.78106873,3,-1,0,2,1,2,3,-1,2,3,1,2,0,1,2,2,0,3,1,1,0,3,0,-1,0,3,3,0,2,1,3,1,2,0,-1,3,2,0,2,2,2,0,3,-1,3,2,1,2,-1,2
1511.56053905,0,0,2,-1,1,0,-1,1,2,3,2,3,1,2,-1,1,1,1,3,-1,1,1,3,3,0,-1,0,2,0,0,3,0,-1,0,2,-1,-1,-1,1,2,1,1,3,2,0,2,1,1,3,0
1647.86883534,1,1,3,2,-1,0,0,1,-1,0,0,3,1,1,2,0,1,2,3,-1,0,0,0,1,0,2,3,3,2,3,3,1,-1,2,2,3,1,3,1,3,2,2,0,3,-1,1,0,2,0,1
1533.96738228,2,-1,1,1,2,1,-1,-1,2,2,0,-1,2,1,0,-1,2,1,3,1,3,2,-1,3,1,1,3,1,1,3,2,2,0,0,-1,2,2,0,3,3,0,2,-1,0,3,1,3,0,0,-1
1474.83821266,-1,-1,1,1,0,1,-1,2,-1,2,1,0,1,2,0,0,3,0,-1,2,-1,2,1,-1,-1,0,1,1,2,0,0,3,3,0,-1,1,-1,2,-1,1,2,1,2,2,-1,-1,2,2,0,0
1606.16721045,1,2,1,2,2,1,2,1,0,3,3,0,0,-1,0,2,0,0,-1,3,3,3,1,3,3,3,3,0,2,3,2,0,0,1,3,0,1,0,-1,2,0,2,2,0,1,-1,-1,0,1,2
1520.89672373,2,3,1,0,-1,-1,2,2,2,1,1,0,-1,-1,-1,1,3,-1,2,1,0,2,0,1,0,0,2,-1,0,3,-1,3,0,0,0,2,2,0,3,1,-1,1,3,1,2,0,-1,2,3,1
1524.6311976,1,1,2,2,1,0,2,2,2,1,1,2,-1,3,-1,0,0,-1,2,-1,3,2,-1,0,1,1,3,2,1,-1,0,1,0,-1,2,0,0,1,-1,0,3,0,2,-1,3,1,2,3,0,2
1439.36071088,0,0,3,3,-1,2,2,0,1,-1,2,0,-1,1,2,1,1,3,1,-1,3,3,1,3,-1,0,1,0,1,1,0,0,-1,2,2,0,-1,-1,-1,1,0,1,2,0,2,0,-1,2,1,0
1363.42640884,3,-1,2,-1,3,3,2,0,2,0,-1,1,1,2,0,2,2,3,0,3,1,3,1,1,1,2,-1,3,-1,-1,2,1,3,1,3,0,-1,0,-1,0,3,0,3,2,-1,0,3,0,0,-1
1686.45839868,2,0,2,3,1,-1,0,2,1,2,3,0,-1,1,3,1,3,0,2,0,0,1,2,3,2,1,1,2,1,0,3,0,0,-1,3,1,3,0,2,0,2,0,1,3,3,1,1,1,3,1
1611.14650895,1,0,2,0,2,3,1,0,0,3,1,-1,1,3,-1,0,0,2,2,1,3,0,3,-1,3,2,0,2,1,0,1,2,3,3,2,2,2,2,1,1,1,-1,1,-1,0,0,1,-1,0,1
1379.60912894,3,0,2,1,0,-1,2,-1,2,0,3,-1,-1,-1,2,2,0,-1,2,-1,-1,1,-1,0,1,-1,0,2,2,1,3,-1,0,1,0,1,1,-1,1,0,2,0,2,3,2,-1,1,2,2,-1
1624.2171675,2,-1,0,2,2,1,2,2,2,2,1,3,1,0,2,0,1,2,0,3,1,-1,0,-1,3,0,0,2,2,1,1,1,1,3,0,0,0,-1,0,3,-1,3,1,1,1,0,1,2,2,0
1476.08303728,0,0,-1,1,2,2,1,2,2,-1,0,0,-1,1,1,-1,-1,-1,3,0,2,1,-1,3,-1,1,2,0,1,2,1,0,1,0,3,0,-1,3,2,1,-1,1,0,1,-1,0,1,1,2,-1
1483.55198502,1,3,2,1,3,1,2,2,2,0,-1,0,0,1,-1,0,0,1,2,3,2,1,1,2,1,0,1,3,0,3,3,3,2,-1,-1,-1,3,-1,-1,0,2,1,3,0,-1,1,0,0,2,1
1649.11365997,0,2,1,3,1,1,0,-1,3,3,1,0,2,1,-1,0,2,-1,2,0,0,2,0,2,3,1,-1,-1,1,3,3,0,2,1,2,1,1,2,-1,1,1,2,0,2,1,0,0,-1,0,-1
1544.54839158,0,1,2,2,-1,3,2,1,3,0,0,0,0,2,0,1,1,3,2,1,2,3,2,3,1,-1,1,3,1,0,0,-1,-1,2,1,3,0,-1,2,3,1,-1,-1,0,1,0,1,0,0,1
1650.9808969,-1,-1,2,0,3,0,2,2,-1,2,0,0,2,1,2,2,1,3,2,2,0,2,0,3,1,2,-1,1,2,-1,1,0,3,-1,0,1,1,3,0,3,0,0,1,1,-1,1,0,1,1,-1
1664.05155545,2,-1,2,1,1,1,0,1,2,3,0,0,1,3,3,0,2,3,-1,2,-1,2,1,-1,0,1,-1,-1,0,3,0,0,0,-1,0,1,2,1,1,0,0,2,2,2,-1,1,3,0,1,1
1641.02229991,3,1,2,3,3,2,1,-1,3,1,1,2,3,0,1,0,0,2,0,0,1,-1,-1,2,2,2,0,-1,0,2,1,2,3,1,0,2,1,0,-1,3,2,0,1,1,2,1,0,3,2,3
1546.41562852,-1,2,1,-1,3,-1,1,2,0,1,1,0,3,1,2,3,-1,2,3,0,2,0,0,2,0,3,0,2,1,-1,0,0,2,1,1,3,3,-1,3,0,3,1,3,0,-1,1,1,1,3,2
1637.28782604,2,2,3,-1,3,0,-1,-1,1,2,1,1,3,2,3,1,1,0,1,3,2,3,2,1,0,-1,-1,0,2,0,2,0,2,-1,1,2,0,1,1,3,0,1,2,0,0,1,2,3,1,2
1522.76396067,-1,1,1,-1,3,1,3,3,-1,3,0,0,1,-1,3,0,2,0,2,0,1,1,3,2,0,2,0,3,-1,0,1,1,2,2,2,0,0,2,-1,2,3,1,1,-1,-1,3,-1,2,2,2
1548.90527776,-1,2,-1,2,0,1,0,0,2,1,0,1,1,1,1,1,3,0,2,0,3,1,2,3,1,1,3,3,0,-1,3,-1,2,2,1,0,-1,3,-1,2,-1,0,0,2,0,0,2,-1,0,3
1503.469179,-1,1,1,2,3,-1,-1,2,2,2,1,2,0,1,2,3,0,1,2,-1,0,1,2,2,0,-1,0,-1,0,2,-1,3,1,0,1,-1,0,2,3,1,3,0,-1,2,2,1,1,3,0,-1
1550.15010239,2,2,3,1,0,1,0,2,-1,-1,-1,0,2,3,1,0,2,2,0,2,1,3,1,0,2,3,2,2,3,2,0,1,2,1,1,0,1,0,3,0,-1,1,-1,-1,1,0,1,2,3,1
1599.94308733,2,0,2,0,2,2,2,0,0,-1,3,1,0,1,2,0,1,2,2,1,1,3,0,1,3,3,2,-1,0,0,2,0,0,1,1,-1,3,1,-1,0,0,1,2,-1,0,-1,-1,1,1,2
1585.62760416,1,-1,0,1,1,3,2,2,-1,2,0,2,2,0,-1,1,0,2,1,0,1,2,3,1,-1,3,3,0,-1,0,-1,3,2,0,-1,0,2,0,2,1,1,2,3,3,2,0,2,1,-1,1
1681.47910018,2,3,-1,-1,3,2,0,-1,0,1,2,-1,1,0,1,3,0,1,-1,1,0,0,0,3,0,2,0,1,2,1,0,2,2,1,2,2,1,2,2,-1,1,3,3,2,0,1,0,0,0,2
1482.92957271,2,-1,1,1,2,3,0,0,3,-1,2,2,1,2,-1,3,2,2,1,-1,1,0,3,3,2,0,-1,1,2,1,3,2,0,3,2,2,1,0,1,0,-1,3,1,3,1,1,-1,1,0,1
1492.8881697,3,1,0,2,0,-1,2,3,2,2,0,2,-1,-1,2,0,-1,2,0,2,3,2,3,2,1,1,1,2,1,0,0,1,0,-1,1,1,0,-1,3,-1,3,1,-1,-1,1,2,0,3,0,2
1507.20365287,2,-1,2,0,1,2,0,0,-1,1,1,-1,0,0,1,2,0,3,1,3,0,3,-1,3,1,-1,-1,-1,0,2,0,3,1,0,3,0,2,2,1,2,3,-1,1,0,3,2,0,1,2,-1
1337.90750405,2,3,-1,0,1,1,2,0,3,2,-1,2,3,3,-1,3,0,-1,-1,0,3,-1,-1,2,1,1,0,0,3,-1,0,1,1,-1,0,2,1,3,0,3,2,1,-1,1,1,0,-1,3,-1,3
1473.59338803,1,1,0,3,-1,-1,1,0,2,3,0,-1,0,2,2,-1,3,1,2,3,3,1,-1,2,2,1,-1,0,-1,1,0,1,0,-1,3,0,-1,0,0,3,1,1,3,1,3,3,2,2,0,1
1498.4898805,1,-1,3,-1,2,1,2,3,3,-1,2,2,3,1,-1,2,0,2,1,3,0,1,1,-1,-1,3,2,0,0,1,0,0,1,2,-1,1,-1,2,2,1,2,1,1,1,0,0,-1,2,0,0
1455.54343099,1,2,0,-1,-1,-1,2,-1,2,2,3,1,3,2,3,3,0,1,3,3,0,-1,1,2,0,2,3,1,-1,1,3,2,3,3,1,1,0,1,0,1,-1,3,0,1,1,2,2,1,2,1
1633.55335217,2,-1,3,0,3,2,-1,2,3,-1,2,1,3,0,-1,-1,2,1,2,0,1,2,3,-1,2,2,3,3,0,0,0,2,3,0,0,0,0,2,2,1,1,1,1,0,3,3,3,0,2,0
1454.29860636,2,0,2,1,2,-1,0,-1,1,0,3,1,2,2,-1,-1,-1,2,0,2,-1,1,1,1,1,0,2,-1,3,2,1,3,2,0,-1,3,2,2,3,0,0,0,2,-1,3,1,3,2,-1,1
1632.93093986,2,2,0,3,2,1,1,2,3,3,0,-1,2,1,1,0,2,0,-1,-1,1,1,3,3,0,0,2,1,-1,2,1,2,2,1,-1,2,3,0,2,3,0,2,0,2,2,3,0,1,3,1
1735.62897131,0,1,-1,1,1,1,-1,-1,1,3,-1,0,0,0,2,2,0,2,-1,2,2,2,0,1,1,2,0,1,1,1,0,2,0,1,1,3,0,0,2,0,0,3,0,0,3,2,2,1,3,2
1554.50698857,2,1,-1,0,1,-1,2,1,-1,1,3,2,0,1,1,2,1,1,1,0,2,0,0,-1,-1,3,0,3,2,0,1,-1,2,3,-1,2,3,0,-1,-1,0,1,2,2,0,0,0,0,2,2
1660.31708158,0,-1,3,-1,1,1,-1,1,0,1,2,-1,2,2,2,0,2,2,-1,1,1,3,0,3,2,0,2,2,1,3,3,3,0,0,2,1,2,3,1,1,2,0,0,3,1,1,1,0,0,-1
1688.32563561,0,3,1,1,2,3,2,2,0,3,3,1,2,-1,3,2,0,1,0,0,0,3,2,0,2,3,3,3,2,1,1,1,0,3,2,0,1,2,-1,1,0,3,1,2,0,1,2,0,2,0
1421.93316615,3,1,0,1,1,-1,0,1,3,3,-1,3,0,0,2,1,-1,1,3,-1,0,2,-1,-1,-1,-1,3,3,-1,2,-1,3,1,1,1,3,0,1,3,0,0,-1,0,0,-1,2,0,3,2,2
1563.22076094,-1,3,3,1,1,2,0,2,3,3,2,-1,-1,3,2,0,1,1,2,2,2,2,3,-1,0,-1,0,0,1,2,-1,1,-1,1,0,0,1,2,-1,3,2,1,0,0,1,2,1,2,0,-1
1616.12580744,3,2,2,0,1,3,2,2,0,3,1,0,0,3,1,2,0,-1,2,0,0,1,3,1,1,0,0,1,-1,0,-1,-1,2,1,1,0,2,-1,2,0,0,1,0,1,-1,-1,2,3,3,-1
1642.26712454,-1,0,2,-1,0,3,3,2,1,-1,1,2,2,-1,2,3,0,1,1,3,0,1,0,-1,2,0,1,2,2,-1,1,1,2,1,3,0,1,1,-1,2,0,0,0,-1,2,2,1,2,0,2
1571.31212099,0,1,1,0,2,-1,0,1,1,3,3,-1,0,2,-1,2,0,-1,2,2,0,2,3,0,3,2,3,-1,-1,2,3,0,2,1,3,2,1,1,2,0,1,1,-1,0,-1,0,0,1,2,2
1612.39133357,-1,1,3,0,3,-1,3,1,1,2,2,-1,1,3,1,2,0,2,3,1,0,1,0,0,0,3,1,2,0,0,2,0,-1,-1,1,1,1,2,0,-1,0,2,-1,3,0,3,2,1,2,1
1544.54839158,2,3,2,1,1,-1,1,3,1,0,1,3,3,2,2,3,3,3,1,0,0,2,2,0,3,-1,0,-1,3,2,3,1,1,3,0,1,2,3,0,2,1,-1,2,1,2,-1,1,0,1,1
1514.0501883,2,2,1,1,1,2,2,1,2,2,-1,2,2,1,1,0,2,-1,3,0,0,3,-1,-1,-1,0,2,3,1,1,3,1,0,-1,0,-1,0,1,1,3,1,3,1,3,2,2,-1,2,1,0
1634.17576448,-1,1,0,0,-1,0,3,1,0,0,3,2,2,2,1,3,3,2,2,3,0,2,1,2,2,0,0,2,-1,2,2,1,1,1,0,1,0,0,-1,0,-1,0,3,1,3,-1,1,1,1,1
1616.74821975,3,1,3,1,1,0,-1,3,3,0,3,2,2,3,3,2,0,-1,-1,0,1,1,3,0,2,2,0,0,2,2,1,2,1,3,1,0,0,3,2,-1,1,2,1,2,1,3,2,2,2,1
1448.07448325,0,0,1,-1,2,0,-1,2,1,2,0,1,2,3,1,0,-1,1,2,0,-1,-1,0,3,-1,0,2,2,2,3,0,1,0,3,-1,0,-1,2,-1,-1,2,3,0,0,3,1,1,1,2,-1
1570.68970868,-1,2,-1,2,0,2,1,2,1,0,2,2,1,0,3,2,0,3,2,1,0,3,-1,1,1,3,2,0,3,0,0,-1,2,3,3,0,0,3,1,1,3,2,0,-1,1,2,0,-1,-1,0
1586.87242879,0,1,1,2,1,0,3,0,1,-1,0,-1,2,3,0,2,3,1,-1,1,2,1,3,3,-1,0,-1,0,0,0,3,1,0,2,-1,-1,-1,1,-1,0,3,1,3,3,0,1,0,1,1,1
1417.57627997,3,0,-1,-1,2,1,3,-1,1,2,-1,3,-1,-1,-1,1,1,1,2,2,2,2,3,3,0,0,2,0,2,1,1,3,0,0,0,-1,2,1,2,1,-1,1,3,2,0,1,-1,1,2,2
1482.3071604,2,-1,0,0,3,1,2,-1,0,2,1,1,0,2,-1,-1,3,0,-1,3,3,3,2,3,3,0,-1,1,1,0,0,-1,1,1,0,-1,0,2,1,3,1,-1,0,1,-1,2,1,1,3,-1
1472.97097572,2,0,-1,0,0,1,0,3,2,3,-1,0,-1,0,2,-1,0,-1,-1,2,2,1,0,2,1,2,0,2,-1,1,1,1,2,3,0,0,3,2,-1,3,0,1,1,1,1,3,2,-1,2,-1
1668.40844164,1,0,2,1,0,2,2,-1,2,2,2,0,2,2,3,3,0,3,1,1,0,2,1,0,0,-1,3,2,3,-1,3,0,1,2,1,3,1,0,0,-1,0,1,-1,2,1,3,1,3,0,0
1608.6568597,2,1,1,2,2,0,1,-1,2,1,0,-1,2,2,-1,0,-1,-1,2,0,3,3,2,1,-1,1,0,1,0,2,-1,-1,2,1,0,0,0,0,2,3,0,1,1,1,2,-1,2,2,-1,3
1682.1015125,1,1,3,0,-1,1,-1,3,1,2,2,1,1,1,-1,0,1,3,2,2,2,2,2,3,0,1,0,2,-1,0,2,0,-1,0,1,3,1,2,0,0,1,3,0,0,-1,-1,0,1,0,1
1625.46199212,2,1,2,-1,2,3,2,1,0,3,1,2,0,0,2,1,3,0,-1,-1,0,3,2,1,0,-1,2,0,1,0,1,1,3,1,0,3,0,2,0,3,3,3,0,-1,1,1,1,2,0,2
1527.12084685,1,2,3,2,3,1,1,0,2,3,2,1,2,3,2,2,-1,2,1,1,-1,2,-1,0,3,2,1,1,1,2,1,3,1,0,0,3,0,0,1,2,2,-1,3,-1,0,0,3,0,-1,2
1706.37559266,1,-1,0,2,1,3,1,2,1,3,2,1,2,3,-1,0,-1,2,1,2,2,0,1,0,2,0,2,3,1,1,0,0,2,0,3,2,1,3,-1,2,0,0,-1,1,0,0,2,0,0,1
1485.41922196,-1,3,-1,0,3,1,1,0,0,1,1,1,2,-1,0,3,3,0,0,2,3,1,1,3,0,2,2,0,2,0,1,-1,3,2,2,2,-1,-1,0,2,1,3,1,1,-1,0,-1,-1,0,2
1313.01101158,0,0,-1,2,3,1,3,1,1,2,1,3,0,-1,0,-1,1,1,1,2,2,1,2,2,-1,2,3,-1,-1,3,2,1,3,1,2,-1,-1,3,-1,0,2,-1,-1,1,3,2,3,1,1,1
1532.72255766,3,2,0,2,1,3,1,1,0,1,3,0,3,-1,1,2,3,2,1,0,3,-1,-1,0,0,2,-1,1,2,2,3,3,0,-1,2,1,0,-1,2,1,3,0,2,0,3,2,2,1,2,1
1600.56549965,-1,2,-1,3,3,-1,0,0,2,0,3,3,1,2,-1,0,2,-1,3,0,1,1,2,0,2,1,0,0,1,3,1,0,2,1,1,3,0,0,2,0,-1,3,2,0,-1,2,2,2,1,1
1467.99167722,0,3,1,-1,1,2,2,-1,0,3,2,1,2,2,1,3,0,-1,0,1,2,-1,3,-1,-1,2,-1,1,2,0,0,1,1,1,1,0,0,1,2,3,3,1,3,2,3,-1,0,3,2,-1
1321.10237163,3,0,2,0,1,-1,3,1,-1,2,-1,-1,2,-1,1,-1,3,-1,3,3,2,2,-1,0,3,3,-1,0,1,1,3,-1,3,0,3,2,2,-1,0,3,3,2,2,2,2,1,1,2,1,0
1642.26712454,3,2,3,0,0,-1,-1,1,-1,2,-1,-1,0,1,-1,2,2,1,-1,3,0,2,1,2,2,2,0,2,3,3,1,2,1,0,3,1,0,2,0,1,2,0,2,0,1,0,1,0,0,1
1417.57627997,1,2,1,1,1,-1,-1,0,2,3,3,1,2,-1,2,2,-1,3,-1,2,1,1,3,1,0,1,2,1,3,0,0,2,-1,1,2,3,0,0,1,2,1,2,-1,2,-1,-1,-1,-1,3,2
1479.19509884,3,3,3,1,1,-1,2,2,1,0,-1,2,-1,2,0,1,1,1,-1,1,0,0,0,2,2,-1,1,2,-1,3,2,-1,1,1,3,2,-1,0,0,2,1,2,-1,2,3,1,0,2,0,3
1652.84813384,3,1,-1,0,1,0,1,2,-1,3,-1,0,3,2,0,0,2,0,0,0,-1,1,1,2,0,-1,0,-1,2,1,-1,1,2,1,2,0,2,1,1,3,0,1,1,0,1,2,3,2,-1,2
1607.41203508,0,0,0,0,-1,2,0,-1,2,1,0,1,2,2,2,2,1,0,2,2,0,1,1,3,3,1,-1,1,3,-1,1,3,-1,0,2,1,0,1,2,2,2,3,0,2,-1,-1,1,2,-1,0
1481.68474809,-1,1,0,1,2,2,1,3,3,2,3,-1,2,3,-1,0,0,-1,0,0,3,1,0,-1,0,0,2,1,1,-1,-1,0,0,1,2,3,2,0,1,-1,-1,-1,0,1,0,3,3,2,-1,2
1636.66541373,2,2,0,3,2,2,2,1,1,-1,0,0,1,0,-1,2,1,0,-1,2,0,-1,0,2,-1,1,1,0,2,1,1,3,1,2,3,-1,3,0,1,0,2,0,0,3,3,1,0,1,3,2
1676.49980169,1,0,0,3,2,3,-1,1,0,1,-1,3,1,0,0,1,-1,2,0,3,1,2,2,1,3,2,2,3,0,0,2,1,0,2,2,2,2,-1,1,1,0,0,2,0,0,3,1,1,1,0
1430.64693851,1,1,0,2,3,0,1,0,1,-1,-1,-1,-1,2,0,1,1,2,3,1,2,1,0,-1,0,2,0,2,1,0,1,3,1,-1,1,2,3,2,3,0,-1,1,2,-1,3,-1,3,3,2,1
1657.82743233,2,1,2,2,1,2,2,1,1,2,1,3,1,1,0,0,0,3,1,0,3,3,-1,2,3,0,-1,1,2,1,0,1,2,3,0,2,2,0,3,-1,0,0,1,2,1,3,-1,1,0,1
1488.53128352,1,2,1,0,1,0,1,0,0,2,0,1,-1,-1,3,1,1,3,1,3,2,-1,-1,2,2,0,2,3,1,1,0,0,3,1,1,3,3,3,0,-1,-1,2,2,2,1,3,3,0,3,1
1527.74325916,0,2,3,1,1,1,-1,2,3,0,-1,1,2,1,1,1,-1,2,-1,0,2,2,3,0,1,3,0,2,1,0,3,-1,0,2,2,-1,0,2,2,0,-1,0,0,1,-1,1,1,2,-1,-1
1510.93812674,3,1,2,1,1,1,2,2,2,1,1,2,2,2,3,-1,2,3,0,2,1,0,2,2,-1,0,-1,3,3,1,2,0,3,3,-1,1,3,1,3,1,3,0,1,0,-1,1,2,-1,3,2
1598.69826271,1,3,2,0,1,0,1,1,-1,2,2,-1,2,0,0,3,1,1,2,0,2,2,-1,2,0,-1,-1,3,2,-1,0,0,0,1,3,0,1,3,2,1,2,1,0,3,0,-1,3,1,1,3
1580.02589335,0,0,0,0,0,0,-1,1,3,1,0,0,2,-1,2,3,1,3,1,1,0,2,0,1,2,-1,2,1,0,-1,-1,-1,2,1,1,3,2,2,3,2,2,3,2,2,1,1,1,3,3,3
1486.04163427,0,2,0,1,2,0,0,1,3,3,-1,1,2,0,2,0,0,0,1,-1,3,3,-1,0,-1,1,1,3,-1,1,2,2,3,0,3,2,3,0,3,-1,1,0,3,1,-1,3,1,0,3,2
1535.2122069,0,2,3,1,-1,-1,1,2,2,1,0,3,-1,2,2,0,0,1,1,1,2,0,2,1,2,3,1,0,2,0,1,0,-1,3,0,3,0,-1,2,1,-1,2,2,3,3,0,3,-1,0,2
1483.55198502,2,1,0,2,1,3,-1,0,0,1,1,0,1,0,2,2,2,-1,0,-1,-1,1,2,2,2,1,2,-1,1,3,1,2,2,3,1,0,0,-1,0,-1,-1,1,0,1,1,2,2,3,-1,1
1626.08440443,2,2,-1,0,2,2,1,1,0,-1,2,1,3,3,0,1,0,0,2,2,-1,3,-1,0,3,3,2,0,-1,2,-1,1,3,1,1,-1,2,0,0,0,1,0,1,3,0,2,2,1,0,2
1564.46558556,2,1,2,3,1,0,2,1,2,1,3,2,2,0,2,-1,0,1,1,2,3,1,3,0,0,-1,1,-1,1,-1,0,2,3,0,0,2,0,-1,1,1,2,1,-1,0,2,1,-1,2,1,0
1336.04026712,1,0,0,1,1,3,1,2,0,2,2,-1,2,-1,2,0,2,3,-1,1,0,3,0,3,-1,0,3,-1,-1,-1,0,2,3,-1,-1,2,-1,3,1,2,-1,-1,0,0,0,2,0,0,3,2
1510.31571443,3,0,2,1,3,3,-1,2,2,3,1,2,-1,0,3,2,0,2,1,2,2,1,1,3,0,-1,0,-1,2,1,0,2,-1,2,3,1,1,2,-1,0,1,0,-1,-1,2,0,1,0,-1,1
1635.42058911,0,1,0,1,3,2,2,0,2,3,1,3,2,0,3,0,1,0,3,1,0,2,1,1,0,2,3,2,3,1,0,-1,2,3,1,1,3,2,0,0,1,3,-1,2,0,0,2,2,-1,0
1611.76892126,0,1,1,-1,1,2,-1,0,3,1,2,2,2,-1,2,3,0,1,0,0,3,2,0,-1,1,3,3,3,0,2,3,1,2,1,-1,2,-1,1,1,0,1,2,0,0,-1,1,3,1,0,1
1693.30493411,2,1,2,1,0,0,0,2,3,3,-1,1,1,2,1,0,0,1,0,3,3,0,0,1,-1,3,1,2,0,-1,2,1,2,3,2,1,0,0,0,3,0,3,2,2,3,2,1,0,3,1
1641.02229991,1,-1,3,0,-1,2,1,2,0,-1,0,2,1,0,1,0,1,-1,1,-1,2,1,3,1,2,2,-1,0,2,2,2,1,2,0,3,0,0,3,1,0,1,1,2,0,-1,1,2,-1,-1,0
1571.31212099,2,3,3,2,0,3,1,1,0,1,0,0,0,1,3,3,3,0,3,2,2,-1,2,0,1,-1,3,1,0,1,0,-1,0,0,3,1,0,-1,0,2,1,-1,1,-1,1,1,1,3,2,3
1596.20861346,3,1,-1,0,1,-1,1,0,3,0,1,-1,0,1,2,1,0,-1,2,0,2,0,3,0,2,3,2,2,3,0,1,1,1,1,2,2,1,2,3,0,-1,0,0,1,-1,0,2,-1,3,-1
1697.03940798,2,1,2,2,1,1,1,2,0,1,1,1,3,2,2,1,0,-1,3,0,-1,2,2,0,-1,2,0,0,0,0,2,0,1,3,2,3,0,-1,1,2,1,0,2,3,-1,0,2,1,3,0
1486.04163427,3,2,3,2,2,0,-1,3,2,1,-1,0,1,0,0,2,0,-1,0,0,1,0,1,2,2,-1,2,0,1,1,1,2,-1,1,-1,2,1,2,2,0,1,-1,-1,2,1,-1,3,3,0,2
1541.43633002,2,1,3,3,1,0,1,1,-1,-1,3,0,-1,2,2,1,-1,2,2,0,2,-1,2,-1,1,0,3,-1,1,0,1,1,0,-1,2,0,1,-1,0,0,1,3,1,0,2,1,1,3,3,2
1541.43633002,0,3,-1,2,-1,1,-1,2,0,3,1,1,3,3,2,2,1,0,1,3,1,-1,-1,-1,1,0,2,3,1,0,2,1,1,3,3,0,3,0,-1,-1,1,0,2,0,0,0,1,-1,1,3
1639.77747529,0,-1,0,1,2,2,3,-1,3,2,1,1,-1,0,2,0,3,0,2,0,3,1,-1,0,-1,3,3,0,2,2,3,0,1,3,1,0,1,3,1,0,2,2,2,-1,2,0,1,1,2,1
1490.39852045,-1,2,1,0,3,2,3,0,1,0,3,3,0,1,2,2,1,-1,1,-1,-1,2,2,2,0,0,2,1,0,3,-1,0,1,3,2,1,1,-1,2,1,0,3,-1,1,3,3,2,-1,1,2
1685.83598637,-1,3,0,0,2,1,3,3,1,2,2,2,-1,2,1,1,2,0,0,1,-1,0,0,0,-1,1,1,3,2,2,-1,0,0,3,0,0,1,1,2,2,1,1,3,3,0,1,2,0,3,3
1598.69826271,0,0,2,2,0,1,-1,-1,1,1,-1,2,-1,2,0,0,1,2,3,-1,2,2,2,1,0,2,2,3,-1,0,-1,3,2,0,0,0,2,3,-1,2,0,3,1,1,2,1,0,1,1,0
1602.43273658,3,2,2,0,-1,1,2,1,2,1,3,1,2,3,1,0,2,1,2,-1,3,0,-1,0,-1,0,2,2,0,2,1,0,2,3,2,0,1,-1,-1,1,0,3,-1,1,1,1,0,0,0,0
1662.80673083,0,2,1,2,2,3,1,2,0,3,2,1,3,3,1,3,0,0,3,3,0,2,0,0,3,2,-1,1,0,1,-1,0,0,3,0,2,1,2,2,3,2,2,2,1,-1,1,1,1,1,2
1600.56549965,0,3,0,2,0,2,0,1,0,2,-1,1,0,0,2,1,2,-1,2,1,3,0,-1,1,0,1,3,2,3,1,1,2,0,3,-1,2,3,1,0,2,2,0,1,-1,0,0,0,-1,2,-1
1571.9345333,-1,1,-1,1,-1,1,2,2,0,-1,2,1,1,3,1,3,0,0,3,2,2,0,3,2,0,-1,-1,1,2,0,2,0,1,3,1,3,3,2,0,2,2,0,0,0,1,-1,2,3,-1,2
1583.76036723,3,0,2,1,2,1,0,0,2,-1,2,1,3,3,1,1,1,-1,2,3,0,0,0,0,0,0,-1,-1,3,3,2,2,2,2,3,1,0,2,2,2,2,-1,1,2,0,3,0,1,3,3
1530.23290841,2,1,1,-1,1,0,0,2,1,0,0,2,3,0,1,-1,3,3,0,-1,-1,1,2,0,1,1,3,3,-1,0,3,1,1,2,-1,0,3,2,3,0,1,0,2,1,0,3,-1,3,-1,0
1664.67396776,3,2,0,1,0,-1,2,1,1,-1,2,0,1,2,2,1,-1,1,0,3,1,1,1,1,2,2,0,0,3,0,0,0,-1,3,2,-1,1,2,0,1,0,1,0,2,3,-1,0,0,-1,1
1502.22435438,1,1,1,1,0,0,0,2,0,3,1,2,0,1,3,-1,0,-1,1,3,3,3,1,1,-1,2,2,2,0,2,0,0,1,2,-1,-1,2,2,1,0,-1,1,0,1,3,-1,2,3,2,3
1547.03804083,-1,2,1,3,2,0,-1,1,0,1,0,3,1,-1,2,0,1,-1,0,0,2,3,-1,3,1,3,2,3,1,1,0,1,2,2,3,-1,2,2,1,0,1,2,-1,2,3,0,1,2,-1,3
1697.03940798,0,2,-1,0,-1,3,-1,0,0,0,3,0,1,-1,3,1,1,1,3,3,1,1,2,2,0,1,1,1,2,2,2,1,0,1,0,2,2,1,1,0,3,0,2,0,2,2,2,2,3,1
1630.44129061,0,0,1,0,2,1,3,1,-1,2,0,1,1,0,0,3,2,1,1,0,0,1,0,2,-1,2,0,2,-1,2,-1,2,1,3,2,1,-1,2,1,1,0,0,2,2,-1,0,3,2,3,3
1601.81032427,3,-1,1,-1,1,1,2,0,2,3,-1,1,0,0,0,-1,1,0,2,0,2,2,0,0,2,-1,2,1,2,1,-1,2,1,0,1,0,2,1,2,2,2,-1,0,1,1,-1,1,3,0,3
1509.07088981,-1,3,0,0,0,1,2,0,0,1,1,-1,2,0,1,2,-1,3,-1,0,0,0,0,1,2,-1,0,0,2,2,2,-1,2,-1,-1,2,3,1,-1,3,3,2,1,2,1,3,2,2,1,2
1480.43992346,1,3,3,3,-1,2,1,1,2,3,2,3,-1,1,0,2,1,3,3,3,2,0,-1,1,0,0,2,-1,1,-1,1,2,2,2,-1,0,2,2,2,0,1,2,1,0,0,-1,-1,0,1,3
1606.78962276,1,1,3,2,-1,0,2,0,1,-1,2,2,1,1,2,0,3,1,-1,1,-1,2,2,1,1,1,-1,2,1,0,0,-1,2,0,3,3,1,3,0,0,2,1,2,0,-1,-1,0,0,2,2
1649.73607228,1,1,-1,1,3,0,0,2,2,2,0,0,2,0,-1,0,1,2,1,0,2,0,2,1,0,3,2,3,1,2,0,0,1,1,3,0,1,2,2,-1,1,3,2,2,3,0,-1,1,-1,3
1566.33282249,1,1,3,2,-1,3,2,1,2,2,0,2,1,0,3,2,3,0,1,1,0,2,-1,3,1,0,1,0,-1,1,3,3,-1,1,1,2,0,2,-1,2,-1,0,2,2,2,3,1,2,1,0
1608.03444739,3,3,2,3,0,1,1,0,0,2,2,1,-1,0,1,0,0,-1,2,0,0,-1,2,1,0,1,-1,1,3,3,2,1,-1,-1,0,2,1,2,-1,0,1,2,3,2,2,1,1,0,3,0
1476.08303728,3,3,1,1,3,1,1,0,0,2,-1,-1,1,2,2,2,0,0,1,-1,1,2,2,3,-1,0,1,2,1,1,0,1,-1,2,1,2,2,3,0,-1,2,3,2,0,0,2,-1,0,3,0
1477.95027421,2,2,-1,0,-1,2,1,2,1,2,-1,0,2,0,0,1,3,0,0,3,3,1,0,2,2,2,1,3,1,-1,1,3,0,-1,2,-1,2,1,0,1,3,2,3,0,3,2,1,3,1,3
1502.22435438,2,3,2,3,1,1,0,1,1,1,2,0,1,-1,2,2,2,1,2,2,-1,1,-1,-1,0,-1,0,-1,1,3,2,3,3,2,3,1,1,-1,3,0,0,2,1,2,0,3,2,3,-1,1
1546.41562852,3,0,0,2,1,0,2,0,1,3,-1,-1,2,3,-1,2,0,1,1,-1,0,1,-1,1,2,0,2,2,0,2,0,0,1,1,3,1,-1,-1,1,3,0,0,2,2,1,1,2,-1,-1,0
1418.82110459,-1,3,0,-1,1,0,-1,0,3,-1,2,0,2,2,3,0,-1,0,1,2,0,-1,2,-1,1,2,3,0,1,0,0,2,-1,2,0,-1,2,-1,-1,2,0,2,-1,3,3,2,0,0,3,3
1710.11006653,1,0,-1,0,3,0,2,2,2,2,2,2,-1,1,3,1,2,2,2,0,1,2,3,0,1,-1,0,0,1,0,2,1,-1,2,0,3,0,1,1,1,1,3,0,1,-1,0,2,1,3,1
1650.9808969,3,1,0,2,0,2,0,3,2,1,2,2,0,-1,1,2,-1,2,2,3,-1,0,0,-1,1,0,2,0,1,2,3,1,3,1,0,2,0,1,0,3,1,2,0,3,3,-1,2,0,3,3
1598.69826271,3,0,0,3,0,1,0,0,1,2,2,-1,-1,-1,1,2,0,1,0,0,1,2,-1,1,0,2,2,3,0,2,2,1,0,1,3,1,0,2,-1,-1,3,3,2,2,3,-1,1,1,2,2
1553.88457626,1,0,1,0,1,2,1,-1,3,1,1,2,3,2,3,3,-1,2,2,2,0,1,0,0,0,0,1,-1,-1,0,0,0,2,-1,3,-1,1,0,2,3,1,2,0,1,-1,-1,-1,1,2,1
1606.78962276,2,3,0,0,1,2,0,3,2,1,3,3,-1,0,3,-1,3,3,2,3,2,2,3,1,0,1,1,3,1,0,0,0,0,3,0,2,0,0,2,1,3,-1,0,2,2,1,3,1,2,1
1599.94308733,0,1,-1,-1,-1,1,0,-1,0,3,-1,2,1,1,1,2,1,0,0,0,2,0,0,2,1,0,3,0,1,3,2,1,2,0,1,1,2,2,-1,1,-1,3,3,0,2,1,0,-1,2,1
1702.64111879,2,-1,3,0,2,0,2,0,2,-1,2,3,2,1,1,1,2,0,3,1,2,1,1,3,2,1,1,2,0,0,0,1,2,-1,2,2,-1,1,0,3,1,0,0,0,0,1,3,3,1,0
1672.76532782,1,0,3,2,3,-1,-1,0,-1,2,0,3,0,0,0,1,0,0,-1,2,0,0,3,2,3,2,0,1,0,1,-1,1,2,1,-1,-1,0,2,3,1,0,2,1,2,2,2,1,3,-1,1
1596.83102577,2,3,0,0,0,2,1,1,1,2,1,1,2,2,2,3,1,0,0,0,-1,0,3,1,2,-1,3,2,-1,0,1,1,2,1,-1,-1,0,1,2,0,-1,3,0,2,0,2,1,2,0,-1
1474.21580034,1,1,0,1,2,2,3,0,1,1,0,-1,-1,0,1,0,0,-1,0,3,2,2,1,-1,1,3,0,0,-1,1,0,1,-1,-1,-1,2,2,1,2,0,1,-1,1,0,2,0,-1,2,-1,2
1527.74325916,2,0,3,2,0,1,1,-1,2,-1,2,-1,3,0,1,0,1,2,0,1,3,2,2,0,2,1,-1,0,3,2,1,2,2,0,-1,3,-1,1,1,0,1,-1,2,1,2,-1,0,3,0,2
1635.42058911,1,1,0,1,2,1,2,2,1,2,0,2,1,-1,1,-1,0,3,0,0,2,3,0,3,3,1,2,2,1,3,3,2,1,3,1,0,2,-1,2,2,2,0,0,-1,1,3,0,1,3,2
1277.5335098,0,1,2,3,2,3,0,1,3,0,2,2,2,2,-1,0,2,-1,3,-1,2,3,0,3,2,0,0,2,-1,1,-1,-1,3,-1,0,0,1,1,3,-1,-1,3,-1,-1,2,3,0,1,2,3
1632.93093986,-1,-1,1,0,2,3,1,3,2,1,2,2,3,1,0,0,2,2,2,2,3,3,0,0,2,3,-1,3,1,0,2,1,1,1,0,1,1,2,0,1,2,0,-1,2,0,2,1,3,0,-1
1520.27431142,1,-1,2,3,0,1,1,2,0,1,0,0,3,0,1,3,3,1,3,3,0,-1,1,2,0,1,3,1,-1,-1,-1,2,3,0,2,2,-1,3,1,0,2,0,3,-1,1,-1,2,0,0,1
1579.40348104,0,2,0,0,3,-1,1,1,0,2,0,2,-1,0,2,-1,-1,3,2,2,1,2,0,0,2,3,1,3,2,0,0,3,-1,3,2,1,1,1,2,0,1,2,-1,0,1,1,2,3,1,1
1637.91023836,3,0,1,1,1,2,2,3,0,2,2,0,3,-1,1,3,-1,1,2,2,3,-1,0,1,3,1,-1,2,0,-1,-1,1,1,0,0,1,0,2,0,2,3,0,2,3,0,2,1,-1,0,1
1702.64111879,2,1,1,2,2,2,3,2,0,1,1,3,0,1,2,2,-1,3,1,0,3,0,-1,3,-1,0,0,0,0,0,0,0,3,-1,2,2,1,1,0,1,2,1,0,-1,1,2,1,-1,1,0
1457.41066792,-1,3,2,2,0,2,0,0,2,-1,0,0,2,-1,1,3,1,3,1,2,2,3,1,2,-1,0,3,3,3,-1,0,2,-1,-1,1,2,1,2,-1,3,0,3,1,-1,2,0,2,1,3,0
1508.44847749,3,1,0,-1,0,2,0,0,1,3,2,1,2,0,1,2,1,3,-1,1,2,2,2,0,3,3,0,2,3,1,3,3,0,3,3,2,3,0,2,2,-1,0,3,1,0,-1,-1,0,1,0
1570.68970868,3,2,1,-1,1,1,2,3,1,0,1,0,-1,0,3,0,0,2,2,1,3,2,2,3,0,-1,3,2,2,1,2,-1,2,3,3,0,0,3,1,2,-1,0,3,0,0,0,2,2,0,2
1594.96378884,-1,3,2,0,-1,2,0,1,1,0,0,1,1,3,1,0,1,0,2,-1,1,1,3,2,-1,-1,0,1,2,0,1,2,2,2,1,-1,0,2,0,2,2,2,1,2,1,0,-1,0,3,2
1438.11588626,3,0,1,2,2,2,1,1,2,1,-1,1,-1,0,0,-1,1,0,3,3,2,2,1,0,1,2,0,2,2,0,1,2,1,3,-1,1,3,0,0,2,3,-1,1,-1,0,-1,2,2,0,-1
1423.80040308,2,1,0,1,1,1,-1,-1,-1,0,1,-1,3,3,1,3,0,-1,2,-1,-1,2,-1,0,3,-1,2,2,0,0,2,1,2,1,2,3,0,1,0,2,-1,-1,1,2,1,3,2,1,-1,0
1504.71400362,2,0,-1,2,2,1,1,3,2,2,3,3,1,0,2,3,0,0,1,3,0,-1,-1,1,3,0,0,1,0,2,1,3,1,0,0,2,2,1,2,1,1,-1,-1,2,2,-1,3,0,1,2
1553.88457626,2,1,-1,2,2,0,1,0,3,3,0,0,0,0,1,-1,0,3,3,2,1,1,-1,3,0,1,1,2,0,-1,1,1,1,2,2,3,1,1,2,2,2,-1,3,2,1,2,1,0,-1,-1
1467.36926491,1,0,3,2,2,-1,0,2,0,3,3,-1,0,3,-1,2,0,3,3,3,-1,2,-1,1,0,1,2,3,0,2,1,2,2,1,0,-1,1,2,1,2,1,3,0,3,1,3,-1,-1,0,1
1365.29364577,0,-1,-1,1,2,2,-1,0,1,-1,-1,-1,1,0,2,0,2,1,2,-1,1,2,0,2,0,2,3,0,1,-1,1,-1,1,-1,-1,2,-1,1,-1,-1,0,2,0,2,0,3,0,1,-1,2
1687.08081099,-1,1,0,0,0,1,2,3,1,2,3,3,1,3,1,2,1,2,1,0,2,1,3,3,-1,-1,0,0,0,1,-1,2,3,0,0,1,0,1,2,-1,3,2,1,0,0,0,1,1,2,3
1484.17439733,2,1,3,0,2,2,1,0,2,1,2,0,0,2,2,3,2,3,-1,1,2,3,1,0,-1,0,0,1,-1,0,1,2,0,3,2,-1,-1,0,0,2,3,-1,2,-1,3,1,1,2,1,1
1396.41426136,0,-1,1,0,-1,1,3,0,-1,2,2,0,-1,0,1,-1,1,-1,1,3,0,3,3,2,1,2,-1,2,1,2,-1,3,1,2,-1,0,1,-1,3,2,3,2,-1,-1,1,0,0,1,-1,0
1575.66900717,2,3,3,1,-1,1,0,3,-1,3,1,1,2,2,0,2,0,0,0,2,1,-1,-1,3,3,0,1,3,1,1,0,0,3,2,2,-1,2,3,2,1,2,0,2,1,2,2,3,1,0,0
1425.04522771,1,1,3,-1,2,2,0,2,2,1,-1,0,0,3,2,3,1,0,3,3,1,2,0,-1,3,-1,-1,-1,-1,0,-1,0,0,-1,1,-1,1,3,2,1,3,2,1,1,1,1,2,2,1,2
1500.35711744,1,1,3,2,1,2,-1,2,2,1,2,1,2,0,1,-1,1,2,1,2,-1,3,0,2,-1,0,1,-1,0,0,2,0,0,1,0,-1,3,-1,1,2,-1,0,2,0,0,1,3,1,-1,1
1674.63256475,2,1,3,2,3,1,0,3,0,1,0,0,2,1,3,0,0,2,3,1,0,2,0,2,2,2,3,-1,0,3,1,2,3,1,2,-1,1,1,3,0,3,0,0,1,2,3,-1,2,1,0
1564.46558556,2,1,1,2,0,1,-1,-1,0,1,-1,0,2,-1,3,0,2,2,2,0,3,3,1,2,2,-1,1,0,-1,-1,1,1,0,-1,2,3,3,0,0,0,2,1,1,2,1,-1,1,1,0,0
1625.46199212,0,2,2,1,-1,2,0,3,2,-1,2,1,0,0,2,1,-1,1,-1,3,-1,2,1,3,0,0,0,-1,1,3,2,1,0,2,0,0,2,0,1,0,1,1,2,1,0,-1,2,3,2,3
1693.30493411,2,2,2,0,-1,1,2,1,3,2,0,1,1,2,2,3,3,1,0,3,-1,0,1,1,-1,1,0,2,3,1,2,0,1,0,1,2,3,1,3,0,0,0,0,-1,-1,3,1,0,-1,0
1560.10869938,2,0,2,2,3,2,3,2,1,2,-1,1,0,0,-1,-1,3,-1,1,1,0,3,3,1,2,3,0,3,1,1,2,0,2,-1,2,1,2,0,0,-1,0,2,0,0,3,1,1,0,3,3
1606.78962276,1,1,0,1,0,3,0,-1,3,2,-1,0,1,2,2,2,3,3,0,0,-1,0,0,1,1,0,1,-1,-1,2,0,3,1,2,0,-1,1,1,2,2,1,0,2,3,-1,1,2,1,2,1
1653.47054615,-1,2,1,3,1,0,1,0,-1,0,-1,0,-1,1,0,2,1,1,2,0,-1,2,3,-1,2,1,1,3,2,3,3,1,2,1,0,3,0,2,-1,0,1,2,2,0,-1,0,0,3,1,0
1574.42418255,0,0,2,1,-1,0,-1,0,1,0,2,3,3,2,1,2,-1,3,2,2,1,-1,-1,3,2,-1,0,0,1,2,2,1,-1,-1,3,3,0,1,0,0,0,2,0,3,3,2,2,0,2,0
1656.58260771,-1,0,-1,2,0,0,2,2,-1,1,1,-1,3,-1,3,3,1,0,-1,2,2,2,1,-1,1,0,2,0,1,0,3,0,3,2,1,1,1,0,0,2,0,0,1,0,1,-1,3,-1,1,-1
1583.76036723,0,0,2,0,0,2,1,0,3,-1,0,1,3,0,2,0,-1,2,1,1,-1,1,-1,1,3,0,3,-1,2,0,2,1,-1,3,-1,0,0,3,2,1,0,2,1,-1,2,-1,1,3,2,1
1461.76755411,1,2,0,-1,2,1,3,2,-1,0,0,2,3,0,2,-1,2,-1,2,1,0,2,-1,1,0,0,2,1,0,-1,0,1,3,3,3,0,2,1,0,2,-1,2,-1,3,1,2,2,-1,-1,1
1433.75900007,2,3,2,3,3,-1,2,1,-1,-1,3,0,1,2,-1,0,1,0,2,2,3,1,3,2,1,-1,2,0,1,3,1,2,0,-1,3,1,-1,3,0,1,1,1,0,0,0,-1,-1,0,0,2
1512.80536368,0,1,0,1,-1,3,3,2,0,1,-1,2,0,1,2,2,1,1,1,0,1,2,2,3,-1,0,2,3,2,2,2,1,1,0,2,3,2,3,-1,2,-1,3,3,3,1,0,0,1,0,2
1635.42058911,2,0,1,3,1,0,0,3,3,1,1,2,-1,1,0,-1,1,2,-1,-1,1,2,3,2,1,3,3,3,0,2,0,-1,0,1,0,0,3,2,1,2,1,1,1,3,0,2,0,-1,0,0
1589.98449034,1,0,1,3,3,-1,2,0,2,2,-1,2,1,2,3,-1,-1,-1,0,0,1,2,-1,0,3,2,2,1,3,1,1,1,0,-1,0,0,2,2,1,2,0,1,0,2,0,1,1,1,2,1
1533.34496997,2,3,-1,2,2,0,-1,1,1,-1,0,1,1,0,1,3,0,2,0,2,2,1,0,0,0,2,1,0,-1,-1,2,0,2,1,0,-1,2,1,3,3,3,3,-1,0,0,1,-1,-1,1,1
1509.69330212,-1,1,0,2,3,1,0,1,3,-1,2,2,1,-1,0,2,0,-1,1,3,2,-1,3,3,0,0,-1,3,1,2,1,2,1,1,2,2,1,2,0,0,2,2,0,1,2,2,-1,0,-1,3
1343.50921486,3,1,0,-1,-1,3,-1,0,2,1,0,0,0,1,3,0,2,0,0,-1,-1,-1,0,1,3,3,3,3,0,1,2,-1,-1,1,0,1,3,2,-1,-1,3,-1,1,2,0,0,3,2,2,2
1382.7211905,-1,2,3,-1,1,-1,1,3,1,0,-1,1,1,3,2,0,2,2,3,-1,0,1,0,2,1,-1,2,1,-1,2,3,-1,3,1,2,-1,2,1,3,1,0,1,2,-1,3,0,2,-1,3,2
1477.95027421,0,-1,3,3,2,-1,3,2,2,1,2,0,3,-1,0,1,1,-1,-1,0,1,1,0,0,3,2,2,3,1,3,2,2,2,2,3,3,2,0,0,3,3,1,2,1,0,2,-1,2,-1,3
1748.69962986,-1,3,0,2,0,1,1,2,2,1,0,3,-1,1,1,1,-1,2,0,2,0,0,-1,2,3,0,3,1,1,2,3,1,1,2,2,1,2,0,-1,0,0,0,2,0,-1,0,2,0,3,1
1504.71400362,0,2,3,-1,2,-1,1,3,3,1,2,0,2,1,0,1,2,1,0,-1,-1,1,2,2,0,0,1,2,1,-1,3,1,2,0,0,3,0,-1,0,0,2,2,3,3,2,-1,3,1,3,2
1601.81032427,0,3,1,0,2,2,-1,2,2,2,-1,0,2,0,0,1,2,0,2,3,0,1,0,2,3,1,1,3,0,-1,3,0,0,1,1,2,3,1,1,0,2,2,-1,0,1,3,-1,3,0,1
1596.20861346,2,1,2,1,2,1,2,0,1,0,2,3,1,0,1,-1,0,1,1,0,2,2,0,0,0,0,2,0,-1,-1,3,0,1,-1,2,3,0,3,2,0,2,1,3,-1,2,2,-1,2,3,1
1511.56053905,2,1,3,2,-1,-1,1,0,-1,2,1,-1,0,2,-1,1,1,0,2,2,-1,2,3,0,0,2,2,1,1,3,1,0,3,0,-1,2,3,3,-1,2,1,0,1,-1,0,2,1,1,1,3
1421.93316615,1,2,0,2,-1,-1,3,1,0,1,1,-1,0,0,0,-1,-1,2,1,-1,3,2,-1,1,2,1,1,3,1,2,2,2,0,-1,2,2,2,3,1,2,3,1,0,2,3,-1,-1,0,0,0
1578.15865642,-1,1,-1,2,2,1,0,2,3,1,-1,1,-1,0,2,1,-1,-1,0,1,0,0,1,0,-1,1,2,1,0,2,-1,1,3,2,2,2,2,2,3,2,1,2,0,1,1,1,-1,0,0,0
1601.81032427,1,2,0,3,2,0,1,2,1,1,-1,2,3,3,0,1,3,2,3,1,0,3,0,3,2,0,2,0,1,3,0,-1,2,3,3,2,1,3,1,-1,0,0,1,0,0,2,0,-1,1,-1
1542.68115464,0,0,2,1,1,-1,1,1,3,0,2,-1,3,0,2,2,1,1,0,2,0,0,0,1,0,-1,3,-1,0,-1,2,0,-1,1,2,2,0,2,3,-1,2,1,-1,0,0,3,1,-1,1,-1
1593.0965519,-1,-1,2,1,0,1,3,-1,3,0,2,1,2,3,-1,3,1,0,2,-1,1,-1,2,1,2,1,1,3,1,2,1,2,3,1,2,0,0,2,1,0,2,2,0,0,0,-1,3,0,2,0
1524.6311976,2,2,2,0,-1,0,2,-1,1,0,2,1,0,3,2,1,1,2,2,2,1,1,1,-1,1,1,0,0,0,3,-1,3,0,0,-1,2,2,3,0,3,-1,3,1,2,0,1,-1,-1,0,3
1546.41562852,3,3,2,1,0,-1,0,0,0,0,2,2,0,1,3,2,1,0,-1,1,0,2,3,3,2,2,3,-1,1,2,1,1,1,2,-1,2,3,-1,0,-1,3,1,3,3,2,3,0,0,1,0
1623.59475518,3,2,0,1,0,2,3,1,2,-1,-1,0,1,0,0,0,0,1,-1,0,-1,2,2,3,2,2,1,2,0,1,1,0,3,2,1,2,0,3,-1,0,1,1,-1,1,-1,-1,2,0,1,0
1703.88594341,3,3,3,0,1,0,-1,0,1,2,1,2,3,2,0,1,2,2,-1,0,3,0,-1,-1,0,2,-1,1,3,1,0,1,2,1,0,2,1,2,2,0,1,2,1,1,2,2,2,0,-1,1
1508.44847749,1,3,0,0,0,2,3,3,2,3,3,0,3,3,3,2,1,1,-1,-1,3,1,2,1,0,-1,0,1,-1,1,2,0,0,2,2,3,3,1,0,-1,0,2,3,0,1,3,-1,2,1,1
1613.01374588,1,1,2,1,2,2,1,0,1,1,0,2,2,0,0,0,-1,1,2,2,0,3,3,1,3,-1,3,1,-1,2,0,2,3,3,0,2,1,2,0,3,-1,0,1,1,3,1,2,0,2,0
1514.0501883,-1,2,1,0,2,1,3,-1,1,1,3,0,2,2,0,2,2,-1,1,1,3,2,-1,1,0,3,-1,1,2,0,3,2,2,0,3,2,-1,3,3,2,0,2,2,3,1,0,0,2,1,-1
1461.14514179,0,-1,-1,1,0,2,1,1,3,2,2,2,0,1,2,2,2,3,0,-1,1,-1,2,1,-1,2,2,2,-1,2,-1,0,3,1,1,0,-1,3,-1,1,0,3,0,1,3,1,0,0,3,3
1471.7261511,0,-1,-1,3,3,3,3,3,0,3,1,2,0,3,0,3,0,2,1,1,2,-1,1,0,2,0,0,1,0,0,2,-1,2,3,2,-1,1,2,0,2,-1,-1,1,-1,1,3,1,2,2,0
1484.79680964,-1,2,2,1,3,1,1,0,0,1,0,2,-1,1,3,-1,3,-1,0,2,-1,2,0,3,0,2,2,1,1,1,0,0,1,2,2,-1,1,-1,-1,2,2,-1,0,0,2,0,-1,2,1,1
1558.24146244,0,1,3,0,0,0,1,3,1,0,2,1,-1,1,1,1,-1,2,-1,2,2,2,3,2,3,-1,3,0,-1,2,1,3,0,2,1,2,0,3,1,2,-1,1,0,-1,1,1,2,0,0,1
1637.91023836,-1,0,3,1,0,1,3,0,1,1,1,0,2,2,3,0,0,0,1,0,1,2,1,2,-1,2,-1,1,2,2,2,2,1,2,2,0,-1,-1,0,1,0,3,3,0,0,-1,1,1,0,2
1505.95882825,-1,0,2,0,-1,3,1,2,1,-1,2,0,1,1,0,-1,2,-1,1,0,1,3,-1,1,-1,3,0,0,1,3,1,1,-1,0,3,2,0,2,2,2,1,0,3,-1,0,1,3,0,1,-1
1622.34993056,2,0,1,0,1,1,2,3,3,0,2,0,0,1,3,1,2,2,2,2,0,2,1,3,-1,0,2,1,1,3,2,1,3,0,3,2,0,1,0,3,0,-1,0,3,1,-1,2,1,3,-1
1604.92238583,1,2,3,3,0,2,-1,-1,2,3,0,3,-1,2,3,-1,2,-1,2,2,0,-1,0,-1,0,2,0,0,0,2,1,1,1,1,-1,3,0,1,0,0,1,3,2,1,2,0,1,1,-1,1
1509.07088981,2,1,3,2,0,1,-1,1,-1,0,2,3,1,1,-1,2,2,1,0,-1,0,3,1,0,0,2,1,1,1,1,2,3,2,0,-1,3,2,1,2,-1,2,0,1,2,3,-1,2,3,-1,1
1440.6055355,3,2,0,1,2,3,1,0,1,3,2,3,1,2,-1,0,2,3,1,1,3,0,1,0,0,-1,0,0,2,0,0,2,1,0,-1,-1,-1,2,1,2,2,3,-1,2,2,2,-1,1,0,-1
1424.4228154,3,0,0,1,-1,1,-1,3,1,2,3,0,-1,1,2,3,1,3,1,1,-1,0,1,2,1,2,-1,0,1,3,2,3,-1,-1,0,2,2,1,3,1,2,-1,1,-1,3,1,2,0,0,3
1435.62623701,0,0,0,3,1,-1,1,2,1,0,-1,-1,0,2,-1,2,2,-1,3,0,3,1,1,-1,3,-1,2,1,3,2,2,0,2,3,-1,2,2,1,1,0,-1,2,2,2,1,-1,0,0,0,2
1602.43273658,1,3,1,0,3,2,-1,3,0,1,0,1,2,3,0,0,3,1,1,3,0,0,0,1,1,0,3,2,-1,2,3,-1,3,-1,2,2,3,-1,1,2,0,0,1,0,0,-1,1,0,-1,1
1526.49843454,2,3,3,1,1,-1,0,-1,2,0,-1,1,2,1,3,3,2,3,-1,2,0,2,3,1,0,1,2,0,3,2,0,1,0,2,0,0,-1,3,2,3,0,3,1,1,0,3,1,3,3,1
1431.26935083,0,2,-1,0,-1,2,2,-1,3,2,2,-1,-1,3,-1,1,2,0,2,-1,-1,1,0,-1,-1,3,1,2,-1,-1,0,1,0,2,0,2,1,0,1,0,-1,0,-1,0,1,1,0,2,0,3
1636.66541373,2,-1,0,-1,2,1,-1,0,2,2,0,2,-1,-1,1,3,1,0,1,0,3,1,1,1,1,3,1,0,-1,0,2,2,1,0,2,3,0,-1,0,2,2,2,3,3,2,1,2,0,2,1
1642.26712454,2,2,1,0,2,0,-1,2,1,-1,2,-1,1,0,1,0,1,0,0,0,-1,-1,1,3,-1,1,0,1,2,2,1,0,1,0,2,-1,3,2,2,1,2,3,0,0,2,3,0,-1,1,0
1413.21939378,2,2,2,1,0,1,0,3,1,0,1,2,1,1,0,-1,-1,-1,-1,0,-1,2,-1,2,2,1,2,3,3,2,1,0,1,-1,-1,3,-1,3,1,2,1,3,2,1,-1,1,3,1,2,2
1569.44488405,-1,0,0,-1,1,1,0,0,0,1,1,1,0,0,0,2,-1,0,2,0,0,1,2,2,0,-1,0,1,3,1,3,2,-1,3,-1,3,3,1,2,-1,3,1,2,2,2,3,1,3,2,2
1494.13299432,-1,-1,2,-1,0,-1,0,0,-1,1,2,1,2,2,2,3,3,-1,0,1,1,2,2,3,3,0,-1,1,1,-1,3,2,0,3,3,3,0,1,2,1,0,0,1,3,-1,2,0,-1,-1,-1
1538.94668077,3,0,1,2,-1,3,0,-1,2,-1,1,1,-1,1,0,0,3,3,2,3,2,0,0,0,2,3,-1,2,0,1,2,-1,0,2,0,0,3,0,3,1,-1,1,2,2,1,2,1,2,1,2
1637.91023836,2,2,2,2,0,3,1,2,0,3,1,1,0,2,-1,-1,3,0,1,2,-1,1,1,1,1,3,2,1,3,0,2,0,3,0,0,3,0,-1,-1,1,0,2,0,0,1,3,3,2,1,2
1572.55694561,3,1,-1,2,2,2,1,3,0,2,1,1,0,-1,-1,3,0,2,1,0,0,1,1,-1,3,0,0,3,0,-1,2,0,1,2,0,2,0,-1,3,0,3,1,1,-1,0,-1,3,2,3,2
1619.86028131,2,2,2,2,3,0,-1,-1,3,3,3,2,1,2,2,0,1,2,1,1,3,1,-1,0,1,0,3,2,-1,1,2,1,0,1,2,0,0,-1,3,0,-1,0,2,1,0,1,0,3,2,1
1476.70544959,0,0,1,1,3,1,2,-1,1,1,-1,0,0,2,3,1,2,0,0,0,1,1,1,0,3,2,-1,0,2,1,3,1,2,0,3,-1,0,2,-1,1,-1,2,-1,3,1,1,2,3,-1,-1
1549.52769008,0,1,0,0,0,0,1,0,1,3,3,0,-1,1,1,1,3,2,0,2,1,3,3,2,1,3,-1,2,-1,1,2,0,1,0,1,-1,2,2,2,2,0,3,0,2,1,1,-1,1,-1,-1
1599.94308733,3,2,2,0,0,-1,2,1,-1,3,2,2,3,0,-1,-1,2,1,1,3,1,0,1,-1,-1,0,0,0,1,2,3,2,1,0,1,2,0,1,0,2,1,-1,2,0,1,1,0,-1,2,3
1327.32649475,0,2,3,1,2,3,0,0,1,0,-1,-1,-1,2,0,2,1,-1,0,-1,2,-1,-1,0,0,-1,1,1,1,-1,2,-1,1,3,0,3,1,1,0,1,2,-1,2,-1,1,1,2,2,-1,3
1490.39852045,2,-1,0,2,0,2,1,0,2,-1,2,1,0,0,-1,2,1,1,0,0,-1,-1,3,1,1,2,2,1,1,0,0,2,2,-1,3,3,2,2,-1,1,1,-1,1,0,0,2,3,3,1,2
1514.0501883,2,-1,1,0,1,2,2,2,1,0,-1,2,-1,1,-1,1,3,1,1,1,1,-1,2,2,0,0,0,1,1,0,3,0,3,3,1,3,0,0,0,3,3,2,2,-1,2,2,3,0,-1,-1
1505.33641593,0,0,1,2,0,1,3,2,0,3,-1,-1,2,1,-1,1,2,3,0,3,2,0,0,1,3,1,-1,2,1,1,2,1,3,0,0,0,-1,1,2,-1,3,2,2,3,1,1,-1,0,1,0
1614.25857051,3,-1,2,0,0,2,1,0,2,0,-1,2,0,2,2,1,1,2,0,-1,1,0,0,3,2,0,3,2,1,2,2,2,2,3,0,3,1,3,1,1,-1,3,1,2,1,0,0,1,1,1
1502.22435438,2,0,0,0,0,-1,3,2,1,-1,0,2,3,1,1,1,2,2,3,1,2,1,0,0,1,1,-1,0,1,2,0,2,0,-1,2,0,2,-1,3,-1,1,2,1,-1,1,0,-1,1,2,-1
1568.20005943,1,0,0,2,0,0,1,3,2,0,1,2,0,-1,2,2,-1,1,3,2,1,3,2,-1,3,1,0,1,0,2,-1,3,0,2,-1,2,1,1,2,1,3,0,3,0,3,2,-1,-1,1,2
1474.83821266,-1,3,0,1,0,-1,-1,-1,2,1,0,2,-1,0,3,3,0,1,2,1,0,1,1,-1,2,-1,2,1,-1,0,0,2,3,3,0,1,3,-1,0,2,-1,0,2,3,-1,2,0,1,0,2
1394.54702443,0,1,3,0,3,-1,1,3,3,2,-1,2,-1,0,2,2,3,1,-1,1,2,2,1,2,0,0,0,1,3,2,0,3,0,2,3,1,1,3,-1,3,0,1,-1,2,2,3,-1,-1,2,3
1662.80673083,1,0,3,2,0,2,1,0,0,1,2,0,1,1,0,-1,-1,2,-1,1,2,1,0,0,1,2,2,2,3,-1,2,0,2,1,0,2,0,0,-1,0,3,2,1,0,2,1,-1,3,3,1
1573.17935792,1,3,-1,3,3,3,3,3,1,0,0,-1,0,1,3,1,1,-1,1,1,2,0,3,-1,3,1,2,1,3,2,2,1,0,0,0,0,1,0,1,2,-1,1,2,2,2,0,3,3,2,-1
1677.122214,3,0,1,1,1,2,3,2,0,0,1,3,-1,0,0,2,1,0,2,2,2,3,2,-1,-1,-1,1,-1,0,1,1,1,1,3,0,0,1,2,2,1,0,0,2,3,1,3,0,-1,0,2
1588.73966572,0,2,2,3,3,2,2,-1,1,2,2,0,1,2,3,-1,3,1,0,0,-1,2,0,0,1,2,1,0,1,-1,0,0,-1,0,1,-1,1,1,3,-1,0,2,1,2,1,3,2,-1,0,2
1492.8881697,-1,-1,1,1,-1,2,3,2,1,0,0,2,2,1,3,0,0,1,-1,-1,3,1,2,1,2,3,-1,1,1,3,1,2,0,2,1,0,3,2,0,0,3,3,2,1,-1,1,-1,2,2,2
1543.92597927,-1,2,1,3,1,3,2,0,3,2,0,2,1,3,-1,2,3,0,-1,0,0,0,-1,2,2,-1,2,1,0,2,0,1,2,3,1,2,3,3,0,1,3,2,1,1,2,0,1,3,-1,-1
1540.81391771,1,1,0,-1,2,0,3,2,2,3,0,-1,0,2,1,1,0,1,3,1,2,0,3,1,-1,3,2,0,3,2,3,1,1,-1,3,2,2,3,0,2,3,0,-1,3,-1,2,1,2,1,2
1555.75181319,2,1,0,2,2,-1,0,0,0,-1,1,2,2,-1,3,2,-1,-1,1,-1,0,3,1,2,1,2,2,0,0,-1,1,1,2,1,2,0,2,1,0,0,2,-1,2,1,0,-1,0,3,0,1
1650.9808969,-1,2,1,3,-1,0,3,0,3,3,1,2,2,2,3,1,0,-1,-1,3,1,1,-1,2,1,-1,0,0,3,0,2,0,1,1,1,-1,0,3,1,0,2,0,1,1,2,2,2,1,2,0
1301.18517765,-1,-1,3,0,-1,-1,1,2,0,3,3,0,1,1,2,0,2,2,0,2,-1,3,1,1,-1,3,-1,2,3,0,3,0,0,0,-1,-1,2,3,2,0,2,3,-1,-1,-1,1,-1,0,0,-1
1615.50339513,2,1,3,0,1,-1,2,0,1,3,2,3,1,2,2,1,2,2,2,2,0,0,0,1,0,1,0,-1,0,1,2,0,1,-1,3,0,1,1,0,2,1,2,1,2,-1,-1,-1,0,1,-1
1504.71400362,-1,1,0,1,2,0,2,1,0,1,-1,1,3,1,1,-1,-1,3,2,3,0,3,0,-1,1,1,1,3,1,2,3,-1,-1,0,2,0,3,3,0,1,1,2,3,0,-1,2,3,2,0,0
1641.64471223,0,3,2,0,1,0,3,2,1,3,1,1,1,2,0,0,-1,3,-1,-1,1,2,2,1,0,3,3,2,-1,2,1,0,1,-1,0,0,1,1,1,2,2,2,0,-1,2,1,0,2,-1,0
1472.34856341,0,-1,0,1,0,0,3,2,0,1,0,0,-1,2,0,2,2,-1,-1,2,3,-1,2,0,2,2,-1,2,0,1,2,-1,-1,-1,-1,-1,0,1,3,1,1,2,3,3,3,0,0,3,3,3
1493.51058201,1,0,0,3,2,0,2,2,1,3,1,3,-1,2,0,-1,1,1,2,2,3,2,1,0,1,0,2,1,-1,1,2,1,0,2,0,-1,2,1,2,-1,1,3,3,3,-1,-1,3,1,-1,1
1576.9138318,2,1,0,-1,3,2,1,2,2,2,3,2,3,3,1,3,2,2,0,1,2,0,1,0,3,0,0,0,-1,-1,0,2,2,1,1,2,1,1,-1,1,-1,2,0,-1,0,-1,0,0,0,0
1423.17799077,-1,0,2,1,-1,3,2,0,1,3,1,0,1,0,2,1,2,3,3,2,1,2,2,-1,1,0,0,1,3,2,0,1,1,0,1,3,-1,-1,1,0,2,3,-1,-1,3,-1,1,2,-1,2
1583.13795491,0,1,1,3,1,2,0,-1,2,0,3,3,-1,2,0,2,1,3,2,0,2,3,0,1,0,0,2,2,3,0,3,3,1,-1,0,3,2,1,1,1,1,-1,1,2,1,2,1,-1,2,2
1598.69826271,3,1,1,1,2,2,2,2,1,0,0,-1,3,3,-1,0,2,3,3,1,0,0,0,1,-1,2,1,2,2,0,1,3,1,2,-1,1,2,1,3,-1,0,2,-1,0,0,1,1,1,-1,2
1387.07807669,0,1,0,2,2,3,1,0,1,-1,1,1,3,0,-1,1,-1,3,0,2,3,2,0,-1,1,-1,0,3,1,3,-1,-1,0,1,-1,3,0,0,1,1,3,-1,-1,2,3,2,-1,3,0,2
1579.40348104,0,3,3,1,2,0,-1,1,2,0,3,1,2,2,3,-1,1,0,1,1,3,2,-1,3,3,2,2,2,2,1,0,0,-1,-1,1,0,-1,3,3,0,2,0,0,0,1,2,0,2,0,1
1654.71537077,1,0,1,0,2,2,0,2,-1,-1,2,-1,2,-1,1,-1,0,1,2,1,-1,2,0,0,3,3,0,2,2,3,-1,2,1,1,1,1,0,2,0,0,1,0,3,2,1,1,3,0,-1,0
1518.40707448,-1,0,0,1,2,0,3,0,2,2,2,3,1,0,3,0,1,2,2,0,1,0,3,-1,-1,-1,1,2,1,0,3,1,1,2,-1,1,3,-1,3,0,-1,2,3,2,3,2,2,0,1,0
1518.40707448,3,0,3,1,1,-1,0,1,-1,1,-1,-1,3,2,1,3,2,-1,2,0,3,0,3,0,1,2,-1,-1,2,0,3,2,3,1,-1,2,2,0,0,3,1,1,0,2,2,-1,2,1,3,0
1647.86883534,2,0,0,1,0,1,3,-1,2,2,1,0,0,1,1,2,3,-1,1,3,0,2,2,2,0,1,0,3,0,1,2,-1,0,2,0,3,-1,2,1,1,2,3,0,1,3,1,1,3,0,1
1644.75677379,3,0,3,2,3,1,-1,1,2,2,2,2,0,1,-1,0,1,1,0,3,0,1,1,1,1,2,1,1,2,1,0,1,0,3,3,3,-1,0,2,2,0,0,-1,3,1,0,0,3,2,2
1544.54839158,1,1,2,3,3,1,2,3,0,2,1,0,1,3,3,0,0,3,0,2,0,1,1,0,0,1,-1,3,2,1,1,0,2,1,3,-1,3,-1,2,-1,2,-1,0,1,0,2,-1,3,0,0
1516.53983755,3,3,3,2,3,2,3,0,0,2,1,1,-1,-1,3,1,1,0,2,-1,0,1,-1,2,3,3,-1,1,3,-1,0,0,0,2,2,1,1,1,-1,2,0,-1,0,2,3,-1,1,1,1,1
1552.63975163,1,3,1,-1,3,0,-1,1,2,0,2,3,1,2,1,2,1,-1,1,0,-1,3,0,0,2,0,-1,-1,2,0,3,3,0,3,1,0,3,-1,0,1,0,2,-1,1,1,2,0,2,2,3
1474.83821266,1,-1,1,0,2,0,-1,2,3,1,2,2,0,-1,-1,1,3,-1,2,1,-1,2,1,1,3,2,2,0,1,2,0,3,-1,1,2,3,-1,0,-1,0,0,0,-1,1,-1,-1,2,3,0,0
1641.02229991,1,1,1,0,2,-1,0,1,1,-1,0,2,2,2,2,0,2,-1,3,1,2,3,3,0,2,3,1,2,1,0,0,2,-1,-1,2,1,1,1,0,0,1,-1,0,2,0,1,0,1,-1,0
1369.02811964,1,2,1,1,-1,2,0,3,1,-1,1,2,3,3,2,1,3,-1,2,-1,1,1,2,-1,-1,3,0,2,0,1,1,1,1,2,3,0,-1,-1,0,2,-1,2,1,3,1,0,-1,2,0,0
1432.51417545,3,1,2,-1,1,0,1,1,1,-1,2,3,1,2,0,0,0,-1,0,-1,2,2,2,1,0,1,-1,0,0,-1,3,2,3,3,2,-1,-1,2,-1,0,2,1,-1,0,0,-1,2,0,1,1
1580.64830567,-1,1,3,-1,-1,1,0,0,2,2,1,1,0,2,-1,2,-1,2,3,-1,0,1,-1,1,1,2,0,0,1,3,3,2,2,2,2,2,0,0,1,0,1,0,-1,3,1,-1,0,0,0,-1
1609.90168432,0,1,2,2,-1,3,2,3,2,0,2,1,2,0,0,1,3,1,0,3,0,3,1,1,2,0,1,3,1,3,-1,1,2,0,2,1,1,-1,2,3,0,0,2,-1,2,3,1,-1,-1,0
1652.84813384,3,2,3,0,-1,2,2,1,1,3,2,2,2,0,3,-1,1,0,-1,1,0,1,1,2,2,0,0,1,0,1,0,2,0,-1,-1,1,0,2,1,2,1,0,2,2,0,3,2,1,3,3
1598.69826271,-1,2,1,0,1,0,1,1,3,-1,2,2,-1,1,1,1,1,3,3,0,0,2,0,3,0,1,1,1,0,-1,3,0,2,0,-1,-1,0,1,-1,-1,0,3,0,3,2,-1,2,-1,1,3
1470.48132647,3,3,3,1,0,1,2,3,2,-1,-1,-1,0,1,2,0,3,0,1,0,3,1,2,2,0,-1,0,2,0,1,2,0,3,1,2,-1,2,3,3,-1,-1,3,0,1,0,0,3,2,3,3
1529.6104961,2,0,-1,2,1,2,0,1,1,3,2,0,1,0,1,2,1,1,-1,0,-1,2,1,2,1,-1,-1,0,0,0,0,2,-1,3,0,-1,0,1,3,-1,2,1,2,0,-1,1,-1,3,-1,0
1537.07944384,0,-1,0,0,2,0,0,1,2,0,1,-1,-1,0,-1,1,0,2,2,-1,1,3,1,2,2,1,2,2,-1,1,0,0,-1,3,3,-1,0,3,1,-1,1,3,2,0,0,1,1,2,2,2
1519.0294868,0,0,2,1,0,1,1,3,2,0,-1,1,2,0,1,1,1,0,0,3,2,-1,2,-1,-1,-1,2,0,2,2,-1,1,1,1,1,0,0,2,-1,3,3,3,3,0,2,1,1,2,2,2
1466.7468526,1,1,3,-1,0,3,2,1,2,0,0,-1,0,1,2,-1,0,1,2,3,-1,1,2,1,0,2,2,2,3,3,-1,2,1,0,0,-1,-1,0,-1,1,2,2,-1,-1,0,-1,1,2,1,1
1565.71041018,3,1,0,1,0,1,0,3,2,2,2,0,3,1,1,3,0,2,1,3,1,0,1,3,-1,1,2,2,0,-1,3,0,-1,2,-1,0,2,0,-1,3,1,0,2,3,3,3,2,3,1,3
1579.40348104,0,2,2,3,0,2,2,3,0,3,1,-1,0,3,3,0,3,3,-1,1,1,3,3,3,-1,-1,2,1,0,-1,1,2,-1,2,0,0,3,3,0,2,0,1,0,1,-1,1,0,1,1,3
1577.53624411,1,-1,1,3,1,3,2,-1,2,2,0,2,-1,-1,3,0,0,3,0,1,0,1,1,0,2,-1,2,2,1,2,-1,0,-1,-1,0,1,1,1,0,1,0,2,3,2,2,-1,-1,0,2,1
1658.44984465,1,1,3,-1,2,2,2,-1,3,-1,2,3,3,3,2,0,0,1,3,2,0,3,1,3,0,0,-1,3,3,3,0,1,0,0,2,-1,1,3,2,0,1,0,0,0,0,1,2,2,3,0
1597.45343809,3,2,1,0,2,0,2,0,2,1,-1,1,-1,0,2,0,3,1,2,1,2,0,3,0,2,-1,-1,2,0,0,2,3,1,-1,0,3,1,2,2,1,-1,1,0,1,-1,1,0,3,0,2
1610.52409663,2,3,3,3,0,2,2,2,0,2,1,2,0,1,1,2,-1,3,3,0,2,0,-1,1,3,1,3,2,2,2,0,3,0,0,1,0,1,3,0,-1,3,2,3,1,3,1,0,1,1,-1
1435.62623701,0,-1,2,1,0,0,-1,1,0,2,0,2,2,0,3,0,0,0,3,0,2,-1,1,-1,1,2,3,1,1,2,-1,-1,2,1,-1,2,3,-1,3,-1,-1,-1,-1,1,2,0,0,0,0,2
1342.26439023,2,1,-1,1,1,2,3,0,0,0,0,2,0,2,3,1,0,-1,1,-1,-1,-1,-1,2,2,2,1,2,-1,2,1,3,-1,0,1,-1,0,2,2,1,-1,-1,3,2,2,0,-1,2,1,0
1604.29997352,3,2,1,2,1,1,2,0,1,1,0,1,-1,-1,0,2,1,0,3,0,0,3,0,1,3,0,1,-1,3,2,-1,3,2,1,1,2,0,2,2,1,3,-1,1,2,2,-1,2,0,2,3
1515.91742524,2,2,2,1,3,1,0,-1,0,1,-1,0,1,0,1,0,0,2,2,2,1,0,1,-1,3,3,-1,3,1,0,2,3,2,0,2,0,0,-1,3,3,3,2,-1,-1,3,0,2,-1,1,0
1591.22931497,2,0,0,2,1,3,1,3,1,0,2,3,1,1,2,0,1,3,3,1,2,0,-1,2,0,2,1,3,-1,0,1,-1,2,0,0,2,1,2,1,1,2,0,0,1,0,3,-1,-1,3,-1
1685.21357405,1,2,0,1,0,0,3,2,1,0,0,1,1,0,1,-1,2,2,3,1,0,0,2,2,3,2,0,3,3,3,2,2,1,0,1,2,-1,-1,0,0,1,2,2,3,1,3,1,1,3,0
1477.95027421,3,0,-1,3,-1,0,-1,2,2,0,3,1,1,0,2,-1,1,0,1,1,-1,3,1,0,-1,0,2,1,2,2,0,2,2,2,3,-1,-1,2,0,0,0,1,3,2,3,2,1,0,1,-1
1562.59834862,0,2,3,0,0,-1,1,1,0,1,0,1,2,0,-1,3,-1,0,2,1,-1,2,2,1,1,-1,0,0,2,0,1,0,2,2,1,2,-1,1,2,-1,0,3,2,2,2,1,2,-1,3,1
1547.66045314,-1,1,0,1,0,0,2,0,2,-1,0,2,1,0,3,-1,3,0,3,1,-1,1,2,1,2,0,2,-1,1,2,-1,1,2,-1,1,0,2,1,3,3,3,2,2,0,0,-1,2,2,3,2
1575.04659486,0,-1,0,0,1,1,-1,-1,-1,2,1,1,0,0,2,1,1,-1,1,-1,3,1,-1,0,1,2,2,3,-1,1,1,3,3,1,0,2,0,0,2,0,-1,2,0,0,2,2,0,3,-1,1
1464.87961567,1,-1,3,3,1,2,1,3,2,1,0,1,3,0,2,0,1,3,1,-1,-1,0,1,0,0,1,-1,2,1,0,0,3,0,1,0,0,2,-1,3,2,-1,-1,3,-1,1,2,3,0,0,2
1657.20502002,0,2,2,3,-1,0,3,2,-1,2,1,3,-1,3,0,2,3,3,3,2,1,0,1,0,3,3,1,-1,0,1,0,2,1,2,0,0,0,1,1,1,2,2,1,1,3,1,0,2,2,-1
1535.83461921,1,0,0,-1,3,0,2,3,1,-1,1,-1,2,0,0,-1,2,0,2,0,1,3,-1,3,1,-1,-1,1,1,-1,2,-1,3,2,1,3,1,0,0,-1,1,1,3,0,1,0,2,2,2,2
1684.59116174,0,3,0,0,0,2,2,2,3,1,1,-1,2,3,1,2,1,0,0,1,3,-1,2,3,-1,1,-1,0,1,2,1,0,0,0,2,1,0,0,2,3,0,2,2,3,-1,2,2,2,-1,0
1587.4948411,1,0,1,3,2,2,0,2,2,-1,1,2,1,0,0,0,-1,3,-1,2,3,2,3,3,-1,1,-1,2,1,3,-1,2,1,1,0,2,1,1,0,1,0,0,1,1,3,-1,3,3,2,3
1456.78825561,-1,2,1,3,1,0,0,3,2,-1,-1,1,2,3,1,1,2,0,0,1,2,1,0,1,2,1,-1,-1,3,0,0,2,1,1,-1,2,0,3,2,2,-1,-1,1,3,2,0,2,-1,-1,1
