$<obj,$x1,$x2,$x3,$x4,$x5,$x6,$x7,$x8,$x9,$x10,$x11,$x12,$x13,$x14,$x15,$x16,$x17,$x18,$x19,$x20,$x21,$x22,$x23,$x24,$x25,$x26,$x27,$x28,$x29,$x30,$x31,$x32,$x33,$x34,$x35,$x36,$x37,$x38,$x39,$x40,$x41,$x42,$x43,$x44,$x45,$x46,$x47,$x48,$x49,$x50
3709.67503656,-1,2,3,1,1,2,2,1,3,1,0,0,0,0,-1,1,0,-1,2,0,-1,2,2,3,1,2,-1,-1,3,-1,1,1,-1,0,0,2,0,3,1,2,2,-1,0,2,1,-1,1,3,3,3
3387.70292713,1,1,-1,1,3,3,3,1,-1,0,2,2,0,-1,-1,1,-1,-1,1,3,0,0,2,1,1,1,2,0,-1,2,0,2,-1,-1,3,3,0,-1,0,1,2,2,2,1,1,-1,-1,0,2,0
3676.65225611,1,2,1,2,0,3,0,2,-1,2,0,0,0,0,2,-1,1,1,-1,2,3,2,1,-1,-1,3,0,1,3,1,2,-1,3,-1,-1,1,2,1,0,0,2,3,-1,2,2,1,3,3,1,0
3382.39569456,2,3,1,2,2,-1,1,2,2,2,0,1,3,-1,3,0,3,2,-1,-1,-1,3,2,3,1,1,3,0,0,2,-1,3,1,0,1,3,-1,2,3,1,0,0,-1,0,2,-1,0,3,2,0
3292.76243333,1,2,1,1,2,2,3,1,3,1,-1,0,-1,-1,-1,-1,2,2,1,0,3,1,0,2,2,2,1,0,-1,-1,1,1,0,0,1,3,-1,-1,2,0,2,3,2,3,3,-1,-1,-1,1,0
3356.4492242,-1,2,2,0,0,2,3,1,1,2,0,0,1,0,-1,-1,2,3,2,-1,3,2,0,3,1,2,0,1,-1,3,1,-1,-1,-1,-1,-1,3,2,0,3,2,1,2,3,2,3,3,1,1,1
3407.1627799,3,-1,-1,1,2,2,3,-1,1,-1,3,0,0,-1,1,-1,2,0,3,1,-1,3,1,0,1,1,3,1,0,2,2,0,0,1,2,2,0,-1,0,3,-1,-1,2,-1,2,2,-1,3,0,2
3288.04489326,2,2,1,-1,-1,0,0,1,3,2,0,3,2,3,1,-1,-1,-1,2,2,-1,2,-1,0,-1,0,1,1,-1,1,0,2,-1,1,0,2,2,2,3,0,2,-1,1,1,-1,-1,-1,-1,0,1
3163.03008154,1,2,0,1,1,-1,1,-1,3,2,3,-1,0,2,3,3,2,0,1,2,2,-1,1,0,1,-1,2,3,0,-1,2,-1,3,2,-1,1,3,-1,0,0,2,-1,0,-1,2,0,1,-1,-1,0
3606.47884764,-1,0,-1,1,1,3,2,1,2,2,2,1,3,-1,-1,3,3,1,3,1,0,3,2,3,0,3,0,1,3,2,0,0,3,1,2,-1,2,0,0,-1,0,2,0,2,0,1,3,-1,1,-1
3255.61180532,0,1,1,2,3,2,-1,-1,3,2,2,-1,1,0,-1,0,-1,-1,3,-1,1,-1,3,2,3,-1,1,1,3,0,1,-1,3,0,2,3,0,0,0,2,2,3,2,0,2,-1,1,2,2,0
3215.51271477,1,-1,2,0,2,-1,-1,-1,0,3,3,3,3,1,2,2,-1,-1,3,1,1,2,0,0,3,-1,2,2,-1,2,-1,0,0,-1,0,1,2,0,3,1,1,1,3,-1,2,-1,0,2,1,3
3385.93384961,0,1,1,2,2,0,2,1,1,1,-1,0,-1,0,0,3,1,0,1,3,2,2,2,-1,-1,-1,-1,2,3,2,-1,0,0,1,0,-1,-1,2,2,3,-1,-1,3,1,-1,-1,1,1,3,0
3702.59872646,1,2,-1,0,0,1,0,0,1,0,1,3,-1,2,2,1,1,2,2,3,3,0,2,3,3,2,1,0,-1,3,3,1,2,-1,0,2,3,1,-1,2,0,0,-1,1,2,-1,-1,0,0,-1
3338.16875645,-1,-1,3,-1,-1,1,3,2,3,1,0,2,-1,-1,-1,1,3,1,0,2,3,2,-1,3,0,0,-1,2,1,1,1,0,-1,2,2,1,1,2,3,3,0,0,0,2,3,2,1,2,-1,1
3625.3490079,2,0,3,2,3,0,0,0,1,1,-1,-1,3,1,0,1,2,-1,2,3,-1,3,-1,3,2,2,1,0,-1,3,1,1,2,2,0,0,0,0,1,1,1,1,2,2,2,-1,3,3,3,3
3763.92674731,3,1,2,1,-1,3,1,0,1,2,0,3,2,2,-1,-1,2,0,1,3,0,1,1,0,2,1,3,-1,1,1,2,2,0,2,2,3,0,2,-1,-1,0,-1,0,0,1,-1,-1,0,2,3
3298.65935841,-1,2,2,0,1,1,0,1,-1,1,3,1,0,2,-1,2,-1,-1,2,0,1,1,3,2,-1,2,2,1,0,1,3,-1,0,-1,-1,2,-1,3,1,0,-1,0,-1,-1,0,3,0,-1,1,-1
3196.64255451,-1,2,0,2,1,1,3,3,2,1,2,1,3,-1,-1,0,1,-1,2,-1,2,3,0,-1,2,1,0,2,3,1,0,0,1,2,3,3,3,1,3,1,-1,-1,0,-1,2,-1,0,-1,3,-1
3390.65138967,-1,1,-1,3,2,0,3,0,-1,3,2,2,1,2,-1,1,1,1,2,1,-1,-1,1,2,0,0,2,3,1,2,1,2,-1,3,-1,-1,3,0,3,0,3,0,3,0,1,0,3,-1,2,3
3437.23709781,3,3,1,1,2,0,2,1,1,2,-1,1,-1,0,2,-1,1,1,0,3,3,2,3,3,1,3,-1,2,1,0,-1,0,2,0,-1,-1,3,3,0,2,2,0,2,-1,0,2,1,-1,1,-1
3381.21630954,1,-1,3,3,3,2,2,2,-1,0,0,3,2,1,2,-1,1,1,2,-1,0,1,3,1,-1,-1,1,-1,2,-1,2,-1,3,1,0,2,0,1,-1,3,0,0,-1,2,1,-1,3,0,1,1
3506.23112126,0,0,2,3,2,3,3,1,2,-1,2,2,-1,2,2,3,1,-1,3,0,1,2,0,1,3,1,0,3,1,0,3,3,3,0,1,-1,-1,1,3,0,1,2,-1,0,-1,0,-1,1,-1,3
3503.28265872,-1,0,1,1,-1,0,-1,0,0,0,0,2,1,1,2,0,1,-1,2,1,2,-1,-1,-1,1,1,2,0,3,1,3,-1,2,-1,1,3,-1,2,3,2,0,2,-1,1,-1,0,0,-1,3,2
3300.42843593,3,-1,0,3,3,3,3,0,1,1,3,2,0,3,0,2,1,-1,0,-1,1,0,-1,0,1,1,2,0,-1,-1,2,1,2,2,-1,1,-1,2,-1,3,2,-1,1,-1,2,0,2,0,1,2
3897.19725414,1,0,3,0,0,2,-1,3,2,1,3,0,2,0,1,1,-1,0,1,-1,3,2,2,0,1,2,1,3,3,1,0,2,1,2,2,-1,2,3,-1,0,1,3,2,3,1,0,0,3,2,-1
3218.46117731,0,2,0,2,2,-1,3,3,2,1,3,-1,1,2,3,2,2,1,1,3,2,-1,0,1,-1,2,0,3,3,1,-1,0,1,3,3,-1,1,-1,0,-1,-1,1,1,2,1,2,-1,0,-1,-1
3313.40167111,2,2,0,0,-1,1,3,2,-1,3,0,-1,3,0,0,-1,-1,1,0,3,2,0,3,2,0,3,2,-1,2,2,3,1,-1,-1,1,0,0,-1,1,-1,-1,1,3,2,3,3,1,-1,3,-1
3147.10838382,-1,-1,2,-1,-1,-1,1,0,2,1,-1,2,0,-1,0,3,2,-1,1,-1,-1,-1,3,2,2,3,2,-1,3,3,-1,1,0,3,1,1,0,0,0,0,3,1,0,0,0,3,3,2,1,1
3665.44809845,1,1,-1,1,0,1,-1,0,3,2,-1,1,1,0,2,2,0,2,3,0,-1,2,-1,0,0,3,1,0,3,1,-1,-1,2,3,-1,2,2,0,2,0,3,3,3,2,1,1,3,0,1,3
3430.75048023,3,1,2,2,-1,2,0,2,3,2,0,-1,2,0,3,-1,1,1,3,2,0,3,-1,-1,0,1,1,-1,0,-1,0,2,3,-1,0,-1,1,3,3,0,0,-1,-1,1,1,3,2,1,1,-1
3302.19751346,1,1,3,2,2,2,-1,0,1,2,-1,-1,0,0,-1,2,3,-1,0,1,0,-1,1,2,1,1,0,0,-1,1,-1,-1,0,-1,2,0,3,1,3,0,1,-1,-1,-1,1,-1,3,2,0,3
3543.38174927,0,3,2,1,0,1,1,-1,2,3,3,3,-1,2,-1,2,-1,0,3,0,-1,1,0,1,0,1,2,3,3,2,2,2,1,1,0,1,-1,2,3,2,-1,-1,-1,3,3,0,1,1,0,2
3449.62064048,0,1,1,3,1,0,3,-1,2,-1,-1,0,-1,0,-1,1,2,-1,1,0,3,2,3,3,2,1,0,-1,2,3,-1,0,0,-1,3,1,1,3,3,-1,1,-1,3,0,2,-1,2,1,2,2
3491.48880856,-1,0,-1,2,1,1,-1,2,3,0,-1,-1,1,1,2,2,3,2,0,0,3,1,2,1,0,3,0,2,0,-1,0,1,-1,2,3,3,1,0,1,0,1,3,1,3,2,-1,-1,2,-1,2
3602.35100008,0,1,3,2,3,1,0,2,-1,1,-1,-1,-1,2,2,0,0,1,1,1,1,-1,0,1,-1,0,-1,3,2,0,2,3,2,3,3,1,0,-1,0,1,3,3,3,2,1,3,0,2,3,2
3717.34103917,0,-1,1,1,3,0,0,0,-1,2,1,-1,0,3,-1,3,1,-1,1,1,0,1,0,3,1,1,0,-1,3,2,2,2,2,3,-1,-1,3,-1,2,3,0,2,2,0,1,1,2,2,1,0
3353.50076166,-1,2,1,0,0,2,1,0,1,-1,2,3,0,0,2,2,-1,3,0,0,-1,3,3,-1,3,2,0,-1,1,1,-1,3,-1,-1,3,3,2,2,2,0,2,3,1,2,3,1,-1,-1,-1,1
3499.15481117,0,1,-1,1,3,3,3,2,1,1,0,0,1,-1,2,0,0,2,-1,2,-1,0,2,-1,-1,0,0,2,3,0,1,0,2,1,-1,-1,-1,3,2,2,-1,1,1,1,2,3,-1,-1,1,1
3290.9933558,1,0,-1,-1,-1,1,2,2,1,0,0,-1,1,0,-1,0,0,3,-1,3,0,0,-1,2,-1,1,3,-1,-1,-1,-1,2,2,3,0,3,2,3,2,1,-1,3,-1,2,-1,2,0,0,2,1
3427.80201768,3,-1,3,0,1,1,2,0,3,-1,1,0,1,2,3,2,2,1,-1,2,-1,2,-1,1,0,2,0,3,0,-1,1,-1,3,2,3,2,2,1,0,-1,1,0,-1,-1,1,-1,1,0,-1,0
3492.66819358,1,2,-1,-1,2,2,1,2,0,0,-1,0,1,0,0,-1,1,3,1,2,-1,1,0,-1,2,2,3,1,-1,0,1,3,3,0,0,2,1,1,3,-1,2,-1,-1,3,2,-1,-1,1,1,-1
3532.76728413,1,2,-1,2,3,0,2,-1,1,0,-1,1,0,-1,2,1,1,0,1,0,3,1,2,3,2,0,3,-1,-1,1,-1,-1,0,2,0,2,3,0,-1,0,1,3,2,2,1,-1,3,2,3,3
3203.7188646,3,0,0,-1,3,3,1,-1,3,2,-1,2,0,-1,-1,0,1,-1,1,0,2,3,2,0,1,3,1,-1,3,-1,2,2,3,2,0,3,1,-1,0,2,-1,-1,3,-1,1,1,2,0,1,0
3385.3441571,0,3,2,0,3,2,-1,0,1,2,-1,-1,1,3,2,-1,0,0,2,2,1,0,0,1,0,3,3,-1,-1,1,-1,-1,0,1,1,3,3,2,3,2,-1,2,-1,1,2,1,-1,2,0,0
3561.66221703,0,1,1,2,3,2,0,1,2,0,-1,2,3,1,-1,3,0,0,1,3,0,3,0,2,2,3,1,3,-1,1,0,1,2,3,-1,-1,-1,-1,2,3,0,-1,3,1,0,1,2,1,0,3
3635.96347305,1,3,2,-1,-1,3,-1,3,1,1,3,1,2,1,-1,3,2,1,-1,3,0,1,2,1,0,0,1,2,2,3,0,-1,0,0,-1,0,2,2,-1,2,1,3,0,0,0,0,3,3,3,1
3571.09729716,-1,2,0,0,2,0,2,-1,1,0,3,3,1,-1,2,2,2,0,1,-1,3,3,-1,0,2,1,2,3,1,-1,0,1,1,1,3,0,0,1,3,-1,0,-1,1,2,0,1,2,-1,-1,3
3601.76130758,2,1,3,1,1,3,2,2,1,0,0,2,2,0,-1,0,1,0,1,3,2,2,0,-1,3,2,-1,1,-1,3,1,-1,1,2,1,-1,0,-1,0,3,-1,-1,0,1,-1,-1,2,3,1,0
3566.9694496,1,-1,-1,0,2,1,-1,2,2,1,1,-1,1,2,-1,2,1,-1,3,0,0,1,0,3,0,2,-1,1,3,1,1,-1,3,3,0,0,2,2,3,3,2,0,1,-1,-1,0,2,1,3,0
3411.29062746,0,0,2,2,3,3,1,3,-1,1,1,3,3,-1,0,2,1,-1,1,2,2,2,0,1,2,1,2,3,2,-1,-1,1,1,0,-1,-1,1,3,0,1,3,-1,3,-1,0,2,3,0,0,-1
3715.57196164,2,1,1,2,1,2,0,2,3,-1,3,2,1,1,-1,3,-1,-1,3,-1,1,1,0,0,0,3,0,1,3,2,3,0,-1,0,1,1,0,1,2,-1,0,-1,0,2,3,2,3,0,2,2
3594.68499748,2,2,2,-1,3,0,-1,2,3,1,2,0,-1,2,0,3,0,-1,1,2,3,3,2,3,0,2,1,0,2,-1,0,1,2,-1,3,0,3,1,1,-1,0,1,-1,0,0,1,3,-1,1,1
3308.68413105,3,0,1,-1,-1,2,0,1,1,1,-1,1,0,0,2,0,1,-1,3,2,3,3,-1,3,2,2,1,-1,3,3,-1,-1,2,3,-1,1,-1,-1,0,3,-1,0,0,0,1,2,1,1,3,0
3273.89227307,0,-1,2,2,-1,0,0,0,-1,3,2,2,1,3,2,-1,1,3,2,1,3,0,1,1,1,1,-1,3,2,3,2,0,-1,-1,-1,3,0,3,3,2,-1,3,0,-1,1,1,-1,1,2,2
3140.62176624,2,2,2,1,2,3,3,1,-1,-1,2,3,3,0,0,-1,2,0,-1,0,3,-1,3,0,1,-1,2,0,-1,-1,1,-1,1,2,-1,0,-1,1,-1,-1,-1,2,0,0,2,3,0,3,2,1
3329.91306134,3,-1,1,2,3,1,-1,0,-1,1,-1,-1,0,0,2,0,1,2,3,1,2,3,-1,3,2,3,1,-1,1,1,0,0,1,3,-1,-1,1,-1,-1,2,3,-1,2,3,3,0,2,1,2,0
3286.86550825,-1,-1,0,0,0,3,2,3,1,2,-1,3,2,1,1,0,1,0,-1,3,0,-1,-1,2,-1,3,0,1,3,0,1,3,-1,-1,0,0,1,-1,2,2,-1,1,-1,1,3,1,2,0,-1,2
3712.6234991,-1,-1,3,0,2,3,2,0,-1,1,1,0,2,3,2,1,-1,2,3,0,1,1,0,0,2,3,3,-1,1,2,0,0,-1,1,1,0,3,-1,3,2,1,-1,2,2,1,3,0,-1,0,2
3270.94381053,-1,0,1,-1,-1,-1,1,2,0,1,2,1,-1,2,0,-1,-1,1,0,3,1,1,1,-1,2,2,-1,0,1,3,3,3,3,0,2,1,2,-1,-1,0,3,0,1,2,2,-1,2,0,3,-1
3310.45320857,0,1,2,2,-1,2,-1,0,1,1,2,3,2,0,-1,0,3,2,1,1,0,-1,2,0,0,0,3,-1,0,-1,1,2,3,2,-1,2,-1,0,1,1,-1,3,0,3,-1,2,1,-1,1,3
3657.78209585,1,0,0,0,1,0,-1,2,-1,0,-1,0,1,3,-1,1,3,3,-1,2,1,1,3,2,3,2,2,3,0,-1,2,1,2,0,-1,2,1,-1,3,0,1,-1,1,0,3,3,0,1,2,2
3411.29062746,2,-1,2,1,2,2,1,0,0,-1,3,0,2,1,3,3,2,-1,0,3,3,0,3,-1,3,1,1,3,-1,1,-1,1,1,2,-1,2,1,0,2,1,3,-1,0,3,-1,1,-1,0,-1,0
3584.07053233,1,-1,0,-1,2,2,3,1,0,-1,0,0,0,3,2,1,3,1,2,2,0,2,0,-1,2,1,2,3,-1,0,0,3,1,3,1,1,2,1,-1,1,3,1,2,0,-1,3,3,-1,1,-1
3275.07165808,3,-1,2,1,-1,2,1,3,-1,0,2,3,1,1,0,3,0,1,0,0,-1,-1,1,-1,1,2,3,0,2,2,0,1,3,-1,2,-1,0,3,-1,0,3,2,-1,0,-1,-1,-1,1,2,2
3256.79119033,2,1,1,2,3,-1,0,0,3,3,3,2,0,-1,-1,1,3,2,3,1,3,3,-1,0,3,1,2,2,0,2,0,-1,-1,3,-1,0,0,3,2,-1,2,1,-1,2,-1,1,1,0,2,1
3165.97854408,3,2,-1,-1,2,2,2,3,1,3,0,-1,3,0,1,0,2,3,-1,0,2,0,-1,1,-1,3,-1,1,0,-1,2,3,-1,-1,-1,3,0,0,3,1,3,1,2,-1,1,2,2,0,0,-1
3687.85641376,1,2,3,3,1,0,-1,1,-1,0,-1,3,2,0,0,2,2,-1,1,2,-1,1,0,0,0,-1,1,3,1,2,1,3,3,2,0,2,2,-1,1,-1,3,-1,0,0,-1,2,1,0,3,3
3443.7237154,0,1,1,1,1,0,1,2,3,2,2,0,0,-1,-1,-1,3,1,-1,2,0,0,-1,0,2,3,1,1,3,2,2,0,1,2,3,2,3,1,-1,-1,-1,3,-1,3,2,-1,0,-1,0,2
3579.35299227,-1,3,0,-1,-1,0,3,1,2,2,0,2,0,2,-1,-1,3,2,1,0,-1,1,-1,2,-1,1,-1,-1,1,0,2,2,1,2,1,0,3,2,-1,0,3,1,2,1,0,3,1,0,-1,0
3250.89426525,2,-1,3,3,0,2,0,-1,3,1,-1,-1,2,1,2,2,-1,0,1,0,-1,2,0,2,-1,2,-1,1,0,1,2,3,-1,-1,1,3,1,-1,0,3,2,-1,-1,1,3,2,0,3,-1,1
3605.29946263,1,3,3,1,2,1,3,2,-1,2,0,-1,-1,0,-1,-1,3,2,-1,1,-1,2,0,1,1,0,2,1,0,-1,3,3,3,0,3,1,1,2,3,1,0,0,3,2,0,-1,2,-1,0,1
3169.51669913,3,1,1,3,2,-1,0,2,3,1,-1,3,-1,-1,0,2,0,1,2,3,0,1,1,3,0,-1,2,1,1,-1,3,2,1,1,-1,0,-1,1,0,3,0,2,2,1,3,-1,3,-1,-1,0
3380.03692453,-1,2,-1,3,0,1,-1,0,0,-1,3,-1,0,-1,1,1,3,2,2,2,2,2,-1,3,0,0,2,-1,3,2,1,3,2,1,1,-1,0,3,-1,1,1,1,-1,0,2,1,3,3,3,2
3382.39569456,2,3,-1,-1,0,2,1,0,2,2,-1,-1,3,1,3,2,1,2,1,1,3,1,0,1,2,1,-1,0,3,1,-1,0,0,3,2,0,-1,2,-1,3,1,2,-1,-1,-1,0,0,-1,3,-1
3543.97144178,2,2,3,2,2,2,1,0,-1,2,1,2,1,-1,2,-1,1,3,0,3,1,0,1,3,-1,-1,-1,1,0,-1,2,0,2,3,-1,2,0,-1,0,3,3,0,3,1,3,1,0,2,1,0
3555.17559944,2,-1,0,-1,2,0,0,1,1,0,3,3,-1,1,0,3,3,1,-1,0,2,3,2,0,0,1,1,0,1,0,2,1,3,-1,2,-1,2,3,2,3,3,2,2,-1,1,3,-1,1,-1,0
3303.96659098,0,3,2,2,2,-1,0,1,2,-1,-1,2,1,1,-1,1,-1,-1,3,0,0,2,3,-1,1,0,3,1,-1,1,3,0,-1,2,2,0,3,1,3,1,1,-1,-1,0,0,2,2,3,3,3
3523.332204,3,2,-1,0,-1,2,0,0,-1,2,0,3,0,-1,2,-1,0,1,3,1,0,3,-1,2,3,0,1,2,1,1,3,1,0,-1,-1,0,3,3,3,0,2,2,2,1,-1,2,-1,1,1,2
3351.73168414,1,0,1,2,2,3,1,-1,2,1,3,2,1,0,1,2,-1,-1,3,2,0,2,2,0,-1,0,0,3,1,-1,2,-1,3,-1,0,2,-1,-1,0,1,-1,0,-1,1,-1,-1,1,3,2,0
3903.68387173,0,2,2,2,3,1,-1,1,2,0,0,-1,1,-1,3,0,1,2,2,2,-1,1,3,1,-1,0,1,0,3,2,3,1,0,1,0,-1,0,-1,3,1,2,3,0,2,3,1,2,3,1,0
3523.92189651,2,0,0,1,3,0,3,1,2,1,-1,-1,1,3,0,1,-1,2,-1,3,-1,1,2,-1,0,-1,3,2,-1,3,1,3,1,2,2,3,0,0,-1,0,1,1,1,0,-1,1,0,2,0,2
3255.61180532,-1,1,0,-1,-1,0,2,2,1,3,2,1,0,-1,-1,0,-1,2,-1,3,1,-1,3,1,0,3,2,3,0,2,0,0,-1,-1,1,0,3,-1,2,1,3,2,3,1,0,0,-1,2,1,0
3181.9002418,-1,0,3,-1,1,0,1,2,1,-1,2,-1,2,0,1,1,-1,0,-1,3,-1,-1,0,1,2,1,-1,3,-1,-1,2,0,0,-1,2,-1,2,3,1,0,2,0,2,-1,0,2,1,-1,-1,-1
3131.77637861,-1,2,-1,3,-1,0,1,-1,2,2,3,3,-1,3,-1,1,-1,3,2,-1,2,1,1,-1,3,1,0,0,0,0,1,2,-1,0,2,1,-1,0,3,1,-1,0,0,1,-1,3,1,-1,2,2
3475.56711084,2,0,0,2,-1,2,1,3,1,2,3,3,0,1,0,2,1,2,-1,3,1,2,0,3,-1,0,2,1,3,1,2,3,-1,-1,3,1,2,0,2,1,-1,-1,2,-1,3,1,0,0,0,-1
3015.60695452,2,-1,-1,2,3,0,-1,-1,0,1,0,2,-1,-1,0,0,1,0,-1,1,2,2,-1,0,2,-1,-1,1,2,-1,-1,-1,-1,0,3,1,3,1,2,3,1,3,3,1,1,2,3,1,3,3
3650.70578575,2,3,2,-1,1,1,-1,0,0,-1,3,1,3,0,1,0,2,-1,1,-1,1,0,0,-1,2,0,2,0,2,1,3,2,0,0,2,2,2,3,-1,-1,3,3,3,1,1,-1,-1,0,2,1
3687.26672125,-1,1,0,2,-1,-1,1,2,3,3,0,3,0,0,-1,2,1,1,3,2,2,1,-1,3,2,3,3,2,1,0,2,0,2,0,3,1,2,0,1,2,3,-1,-1,0,1,3,0,1,0,2
3534.53636165,0,0,1,3,-1,-1,0,3,1,0,0,2,2,2,2,1,1,0,2,-1,3,2,0,1,3,3,-1,-1,2,2,1,-1,0,-1,3,0,3,1,0,-1,1,-1,0,3,1,2,3,2,1,1
3337.57906394,-1,0,1,3,0,-1,-1,2,1,3,1,3,1,-1,3,1,0,2,3,2,1,-1,-1,-1,0,2,0,1,1,0,3,2,2,-1,0,-1,3,-1,3,2,1,2,0,2,1,-1,0,2,-1,2
3771.59274991,-1,3,2,3,0,0,2,2,-1,3,2,1,3,0,1,1,0,1,3,-1,1,1,3,-1,1,1,0,0,2,0,2,2,3,3,2,-1,1,3,0,-1,0,-1,2,3,2,3,2,1,-1,0
3771.59274991,0,0,3,3,0,1,1,-1,1,-1,1,3,2,2,2,1,3,0,3,3,2,1,0,0,3,1,1,2,2,0,0,1,2,-1,3,1,2,1,-1,-1,0,-1,-1,0,2,0,-1,3,3,2
3281.55827567,0,2,2,0,1,0,3,1,1,3,-1,1,0,-1,-1,3,1,-1,3,0,-1,3,1,-1,-1,2,-1,0,-1,2,2,-1,0,3,3,2,-1,0,3,2,1,2,0,0,3,1,1,-1,2,2
3582.30145481,0,1,-1,2,-1,3,2,0,1,3,1,2,-1,2,3,3,1,-1,1,2,3,1,0,2,0,3,2,3,-1,3,1,2,1,0,0,0,-1,-1,0,0,2,0,0,1,2,3,1,3,-1,-1
3597.63346002,1,0,0,0,-1,0,-1,2,3,3,-1,2,1,0,-1,1,2,-1,-1,2,3,0,0,1,0,3,1,-1,-1,2,2,1,0,2,-1,2,1,2,-1,1,1,3,0,-1,2,0,0,-1,2,1
3381.80600205,1,-1,3,-1,1,3,-1,-1,3,3,0,-1,0,3,2,0,0,-1,0,-1,-1,0,3,3,1,1,2,0,1,2,-1,0,1,0,3,2,-1,2,0,2,1,1,3,-1,0,2,2,3,2,2
3541.61267175,2,2,3,1,2,1,0,1,0,1,3,3,2,0,1,0,2,-1,2,-1,-1,1,1,-1,-1,3,1,1,3,2,2,-1,0,0,-1,2,3,1,3,-1,0,-1,1,0,-1,2,0,3,2,-1
3164.79915907,1,3,1,1,-1,0,-1,-1,0,3,-1,-1,1,2,2,1,0,1,0,2,-1,-1,2,0,1,0,2,-1,3,3,3,-1,2,3,-1,0,2,1,1,3,-1,0,1,3,2,3,3,1,1,1
3519.79404895,0,1,1,3,1,1,2,0,2,0,-1,2,1,1,2,1,3,1,0,2,3,3,3,2,1,3,0,-1,1,-1,0,1,0,3,2,-1,-1,2,0,0,-1,-1,0,2,-1,0,3,-1,1,-1
3645.98824569,2,0,0,1,1,0,3,2,3,3,1,-1,1,2,1,2,3,2,-1,1,2,0,0,-1,2,2,3,3,1,0,2,0,2,-1,2,2,0,3,3,-1,1,-1,0,3,-1,-1,1,1,-1,-1
3515.07650888,1,2,3,2,1,-1,3,1,1,2,3,-1,-1,-1,1,-1,2,-1,-1,-1,3,2,1,1,3,0,0,-1,1,0,2,0,2,0,2,2,0,0,3,3,1,0,3,2,2,3,0,2,2,1
3335.22029391,-1,0,0,-1,-1,2,1,2,3,1,-1,2,0,1,-1,2,0,2,0,1,-1,2,-1,-1,2,3,0,-1,1,2,3,3,1,0,2,-1,3,1,0,0,-1,1,2,2,0,-1,1,-1,0,3
3388.29261964,3,0,2,-1,0,2,2,0,3,-1,0,-1,2,0,3,-1,1,-1,-1,2,1,2,3,1,2,1,-1,-1,0,3,1,3,3,0,3,1,2,0,3,-1,-1,-1,2,0,3,2,1,0,1,-1
3634.19439552,1,1,0,1,-1,2,3,0,0,1,3,2,3,1,3,-1,1,1,-1,-1,0,2,0,0,3,1,3,2,2,-1,0,0,2,2,-1,3,2,2,1,3,0,0,1,2,1,1,3,0,2,-1
3313.40167111,1,3,1,1,2,0,0,3,-1,1,3,2,0,0,3,1,2,2,2,0,-1,2,-1,-1,3,-1,1,-1,0,-1,1,1,2,-1,2,2,1,2,1,0,3,0,1,-1,3,-1,3,-1,-1,3
3239.10041509,1,3,2,3,0,-1,-1,-1,1,2,0,2,1,0,2,-1,0,0,-1,-1,2,-1,-1,0,1,3,3,1,-1,1,2,-1,2,1,0,1,3,3,3,-1,0,2,2,2,-1,0,-1,1,2,-1
3382.39569456,2,3,0,2,-1,-1,0,1,-1,0,2,3,2,1,2,2,2,3,0,1,-1,2,2,2,2,1,0,3,1,3,0,-1,3,-1,0,3,1,0,-1,1,-1,0,0,1,-1,-1,1,1,-1,-1
3299.83874343,0,3,2,2,0,3,0,3,0,1,1,-1,1,-1,-1,1,1,-1,3,3,3,3,-1,0,1,-1,2,0,3,-1,2,2,0,1,1,0,2,-1,2,3,1,1,-1,-1,1,3,-1,0,0,0
3506.23112126,3,1,0,2,2,3,-1,2,1,-1,1,2,1,1,0,3,-1,2,3,2,3,1,0,0,-1,3,0,-1,0,-1,0,0,1,-1,1,3,-1,3,2,1,0,-1,-1,0,1,2,2,-1,3,2
3351.14199163,-1,2,0,2,-1,2,0,2,3,1,3,1,-1,-1,2,3,3,0,1,3,-1,2,1,1,-1,1,1,3,3,3,-1,2,3,2,1,-1,2,0,-1,-1,1,3,1,0,-1,2,0,2,0,0
3266.22627046,0,2,0,1,2,-1,3,2,0,1,-1,1,0,1,-1,0,3,1,1,2,3,-1,2,3,1,-1,3,2,-1,-1,0,3,2,2,3,0,1,0,2,0,3,1,2,0,3,-1,0,3,-1,3
3699.06057141,1,0,0,-1,-1,1,-1,3,3,1,2,1,0,3,1,2,3,1,1,3,3,-1,1,3,2,0,3,-1,-1,0,2,1,-1,2,0,0,3,3,0,2,2,2,0,2,0,2,1,2,1,0
3703.77811148,-1,1,1,0,2,1,0,0,-1,1,0,2,2,0,3,3,2,2,1,2,3,0,1,-1,0,1,3,1,0,3,2,0,3,-1,-1,2,-1,1,-1,1,-1,-1,0,2,3,1,2,0,3,2
3214.33332975,2,0,-1,0,-1,3,-1,0,3,-1,2,0,-1,3,3,3,0,2,2,-1,1,-1,1,1,2,3,0,-1,2,2,0,2,1,0,1,-1,2,1,0,2,-1,-1,-1,3,3,3,3,0,0,1
3404.21431736,-1,1,1,2,-1,0,-1,1,-1,0,-1,2,0,0,1,3,0,0,0,2,-1,0,2,-1,3,3,3,2,-1,0,2,0,3,2,-1,2,3,1,-1,0,3,3,1,1,3,-1,-1,2,0,1
3556.35498445,0,0,1,-1,2,0,1,1,0,1,1,2,3,2,1,-1,1,-1,0,0,3,1,3,2,2,0,2,3,-1,3,2,-1,-1,3,2,2,1,1,3,0,-1,1,0,2,0,-1,3,3,3,-1
3578.17360725,-1,0,-1,1,1,3,2,1,-1,1,2,1,-1,1,3,-1,3,2,-1,3,2,0,-1,3,3,3,-1,0,1,2,3,-1,2,0,2,0,2,3,3,1,2,0,1,0,0,3,1,-1,0,0
3677.83164112,-1,3,-1,2,2,1,2,1,-1,2,2,2,2,0,0,3,0,2,2,1,1,0,3,-1,-1,3,0,3,0,-1,1,1,-1,1,1,2,3,-1,0,1,1,3,3,0,0,2,3,0,-1,-1
3637.14285806,-1,0,3,3,3,0,-1,0,0,1,2,1,2,3,1,2,3,2,-1,2,1,1,0,3,1,2,0,2,3,0,0,3,1,2,-1,2,-1,-1,0,-1,2,-1,1,1,2,0,-1,0,-1,1
3693.75333884,0,0,3,0,1,0,-1,1,0,2,-1,2,3,0,3,-1,1,-1,2,0,3,2,-1,1,3,-1,1,3,1,-1,1,-1,3,0,0,2,1,2,2,2,0,3,2,2,3,1,1,3,0,2
3482.05372843,0,3,0,1,2,0,2,1,-1,1,3,3,3,1,-1,0,0,3,1,-1,1,-1,2,3,0,-1,3,0,2,-1,1,3,0,2,0,3,0,0,-1,1,1,0,-1,2,2,-1,2,3,1,1
3497.38573364,0,1,2,3,1,3,3,-1,0,1,3,3,-1,2,3,1,1,2,-1,3,0,-1,1,2,-1,0,-1,2,1,0,0,0,2,2,3,-1,1,2,3,-1,2,2,3,0,0,0,-1,1,1,1
3229.66533496,2,0,1,0,-1,3,0,3,2,2,-1,1,3,0,3,1,2,1,3,2,-1,-1,1,3,0,2,2,-1,0,-1,-1,1,-1,1,-1,0,1,2,1,-1,-1,0,-1,3,0,2,2,2,3,1
3480.28465091,1,0,3,1,2,2,3,1,0,0,2,1,-1,0,-1,1,2,0,-1,3,3,3,0,3,-1,3,0,0,-1,2,3,1,2,2,1,-1,3,2,1,1,-1,0,1,2,2,-1,-1,-1,0,1
3640.0913206,0,1,-1,3,3,3,2,0,0,1,2,-1,3,3,1,2,0,0,3,0,2,2,2,3,-1,3,0,1,-1,0,2,1,3,2,2,1,2,1,0,0,-1,1,3,0,1,1,-1,1,-1,3
3472.6186483,-1,0,0,-1,2,3,0,1,3,2,1,-1,0,3,-1,0,-1,1,1,2,3,0,-1,2,3,-1,-1,2,0,2,2,1,0,0,1,1,-1,1,-1,2,1,-1,0,1,-1,0,3,3,0,2
3607.65823266,3,0,1,0,3,2,1,1,0,3,1,3,3,-1,2,3,0,-1,2,-1,-1,1,0,3,1,1,-1,1,0,0,2,2,0,2,2,2,-1,3,1,2,0,0,-1,0,1,2,3,3,-1,1
3474.38772583,0,1,1,0,3,0,-1,2,3,2,-1,3,-1,2,1,3,2,0,1,2,-1,0,1,3,2,-1,-1,1,-1,0,1,2,1,0,2,1,2,0,1,0,2,-1,1,3,3,-1,3,0,2,3
3405.39370238,0,0,0,0,1,-1,0,0,1,2,0,2,-1,3,2,3,0,2,3,1,3,3,1,-1,2,-1,-1,-1,2,1,0,-1,1,2,1,3,1,0,2,1,3,-1,3,1,3,2,-1,-1,3,2
3643.62947565,-1,3,3,2,2,3,1,2,2,0,0,2,3,-1,3,1,1,1,0,1,3,2,-1,-1,0,1,0,1,0,2,-1,-1,0,0,2,1,2,3,1,-1,-1,3,-1,0,0,0,-1,1,2,1
3673.11410106,3,-1,-1,0,1,1,-1,1,-1,1,0,2,1,3,0,0,3,3,0,0,1,1,-1,0,2,3,1,2,2,-1,-1,0,1,1,1,-1,2,2,2,-1,2,-1,1,0,2,-1,2,3,3,0
3211.97455972,3,-1,1,0,2,3,-1,1,0,3,0,1,-1,-1,2,2,2,2,1,0,3,-1,3,1,-1,0,-1,3,0,1,0,1,2,1,3,-1,2,2,0,0,-1,2,3,2,-1,3,-1,1,1,2
3185.43839685,0,1,2,2,1,3,-1,2,3,1,2,2,0,1,0,-1,1,-1,2,-1,1,2,-1,0,0,3,0,-1,2,-1,3,2,3,3,-1,2,3,0,1,3,3,2,1,0,3,-1,-1,3,0,-1
2905.92414801,-1,-1,2,2,-1,2,-1,2,1,3,-1,1,0,-1,1,-1,-1,-1,3,2,2,0,1,1,3,0,2,0,3,1,2,3,0,3,-1,0,-1,2,2,0,3,1,-1,3,0,-1,-1,0,3,-1
3516.2558939,-1,-1,-1,0,3,2,0,1,-1,0,3,-1,2,3,0,1,2,1,-1,2,0,0,0,2,-1,-1,1,1,2,1,-1,2,-1,2,3,0,2,2,3,2,0,3,-1,1,0,0,3,3,1,1
3584.07053233,2,3,1,1,2,3,0,-1,3,2,0,1,2,-1,3,2,3,2,0,1,-1,1,1,-1,1,0,0,2,0,2,1,-1,0,3,1,3,1,0,-1,2,3,3,2,-1,2,-1,-1,0,0,1
3568.73852712,3,2,1,1,2,2,1,2,1,3,-1,2,1,0,2,-1,-1,-1,0,3,0,2,0,0,-1,1,0,3,1,1,1,-1,3,1,3,-1,0,-1,-1,-1,2,2,3,3,0,0,-1,0,2,1
3707.90595904,1,0,3,2,3,1,2,2,-1,0,-1,3,2,0,2,0,-1,0,-1,-1,3,0,-1,2,0,0,2,-1,1,-1,1,-1,1,0,1,1,2,2,0,-1,0,1,2,1,1,2,3,1,-1,0
3259.73965287,3,0,-1,0,-1,-1,-1,2,-1,0,-1,3,2,2,0,1,-1,3,0,2,-1,-1,1,0,3,2,1,-1,1,2,-1,1,1,3,2,1,-1,2,0,1,0,-1,2,1,0,1,-1,-1,0,2
3434.87832778,0,0,1,2,1,2,-1,2,3,2,-1,0,1,0,0,2,1,0,2,0,-1,-1,1,2,0,3,3,2,3,2,1,1,-1,-1,-1,3,1,0,-1,1,3,-1,0,2,-1,3,1,-1,1,2
3078.11436038,-1,0,-1,-1,-1,3,2,-1,0,1,3,2,3,3,0,2,1,-1,0,1,-1,-1,1,2,2,1,0,2,2,3,1,-1,-1,2,0,1,-1,3,3,1,0,2,-1,1,2,1,-1,1,-1,-1
3619.45208282,2,2,2,3,2,3,1,3,3,0,-1,3,2,1,0,-1,-1,0,3,3,0,2,0,1,0,1,1,3,-1,2,0,1,2,-1,2,2,1,0,-1,1,1,3,-1,2,0,-1,0,0,3,1
3351.14199163,-1,2,0,-1,1,-1,1,2,-1,1,3,-1,2,0,1,0,2,-1,-1,2,2,3,3,3,0,0,1,1,0,-1,2,2,2,2,3,1,-1,1,3,0,3,1,0,0,-1,3,3,0,0,-1
3753.31228216,0,0,-1,0,2,1,1,1,0,1,0,1,2,2,3,-1,1,0,2,1,0,1,-1,2,2,0,2,0,1,-1,-1,1,1,2,2,3,-1,3,3,-1,3,-1,3,-1,-1,0,3,2,0,0
3460.23510563,-1,3,0,0,-1,1,-1,2,3,1,2,0,-1,1,0,0,-1,3,0,2,0,3,1,-1,2,1,2,2,3,3,0,3,2,-1,2,3,0,2,3,0,2,-1,3,1,0,1,-1,3,-1,1
3362.34614928,0,1,-1,2,-1,1,2,0,0,-1,-1,-1,2,0,3,-1,3,-1,-1,3,0,-1,3,1,2,0,-1,2,3,1,2,2,0,3,1,1,3,2,1,2,0,0,1,3,1,1,3,-1,1,2
3600.58192256,0,1,0,2,3,0,-1,3,3,0,2,1,0,3,3,1,2,-1,2,2,0,3,-1,1,1,0,3,0,2,3,2,-1,2,1,1,1,0,2,0,1,-1,-1,1,0,-1,3,3,-1,2,2
3293.94181834,0,-1,0,2,-1,2,2,0,2,3,0,-1,2,-1,1,0,-1,2,-1,0,3,0,-1,1,0,2,-1,1,1,0,3,1,1,3,-1,1,0,3,0,2,2,2,2,1,2,-1,-1,-1,1,-1
3560.48283201,-1,1,0,1,3,3,1,2,1,3,1,-1,2,0,0,2,0,-1,2,0,1,3,1,2,-1,3,1,-1,-1,2,0,3,3,0,3,2,2,2,-1,2,1,0,-1,-1,3,0,3,1,0,1
3500.33419618,1,-1,3,0,2,1,-1,0,1,1,3,1,3,-1,0,1,3,3,3,-1,2,-1,3,2,-1,0,-1,1,3,0,-1,0,2,0,1,1,2,1,-1,-1,0,0,2,0,3,1,3,2,3,0
3496.20634863,2,0,3,0,-1,2,-1,1,0,2,0,-1,-1,0,2,0,0,1,3,2,1,-1,0,2,0,2,-1,2,-1,1,3,1,3,0,3,1,3,2,1,3,3,-1,2,1,1,2,3,-1,0,3
3265.63657795,0,3,1,0,2,3,3,1,0,0,1,-1,1,-1,2,-1,3,0,-1,-1,2,1,1,-1,-1,0,1,-1,1,0,1,-1,-1,0,-1,2,0,1,0,2,0,2,3,2,-1,-1,-1,3,2,2
3768.64428737,2,0,-1,-1,3,0,-1,2,0,2,0,-1,1,1,0,0,2,1,3,2,1,2,2,1,0,2,2,1,3,3,2,3,3,2,2,3,1,-1,0,-1,3,0,1,0,-1,1,3,0,3,1
3244.99734017,1,1,-1,3,-1,1,-1,1,0,3,1,-1,1,0,3,2,-1,2,0,2,0,-1,3,1,2,0,2,-1,0,3,3,-1,-1,1,1,2,-1,3,0,1,-1,0,3,-1,1,2,2,2,3,0
3519.79404895,2,3,1,-1,-1,0,3,-1,-1,0,0,2,1,3,0,3,3,0,2,0,1,2,2,2,3,0,2,1,0,2,0,1,1,2,3,-1,-1,-1,1,1,1,-1,1,3,1,3,3,-1,3,-1
3240.86949261,1,2,3,2,-1,3,0,2,0,2,-1,3,-1,2,1,2,1,3,2,1,1,0,-1,1,1,2,0,3,3,2,0,-1,-1,1,3,1,-1,0,-1,2,0,1,-1,0,-1,-1,3,3,0,0
3411.88031997,1,3,-1,2,2,0,-1,0,0,-1,3,2,1,0,3,-1,-1,2,-1,3,-1,1,1,2,0,-1,1,3,2,0,-1,-1,1,2,2,1,-1,3,1,2,0,1,-1,1,2,-1,0,1,2,0
3433.69894277,-1,-1,3,0,3,-1,-1,1,1,2,3,2,2,0,1,0,2,0,1,0,1,1,3,2,3,2,2,1,-1,-1,1,0,0,0,3,0,-1,0,0,1,2,2,-1,2,-1,3,-1,1,2,3
3620.04177533,0,0,3,3,3,-1,3,0,3,1,0,-1,2,2,0,3,1,3,2,0,3,3,1,2,-1,3,0,1,2,1,1,-1,2,3,1,1,1,1,2,0,-1,2,-1,0,2,0,-1,0,2,-1
3462.00418316,1,2,2,-1,2,0,2,1,1,3,-1,2,-1,1,0,2,3,0,1,1,0,0,2,-1,0,0,1,2,1,-1,-1,3,-1,-1,1,3,3,3,3,3,-1,1,0,0,-1,-1,0,0,2,3
3420.13601508,0,1,2,0,2,2,1,-1,2,-1,2,1,3,0,2,-1,3,2,-1,0,0,3,-1,-1,0,-1,-1,3,0,2,-1,0,1,2,3,3,3,0,1,0,-1,1,1,1,2,3,1,0,2,3
3523.92189651,-1,-1,2,0,-1,0,0,1,-1,1,0,-1,2,1,2,1,-1,1,1,1,1,2,0,2,0,0,-1,3,1,2,1,0,3,2,2,2,3,1,-1,3,-1,0,0,2,-1,0,-1,2,3,-1
3281.55827567,2,0,3,-1,0,2,3,-1,1,-1,1,1,0,3,2,2,1,2,1,3,-1,2,-1,1,0,2,-1,-1,0,3,1,2,0,1,1,0,2,0,-1,3,-1,-1,-1,3,-1,3,-1,0,1,1
3471.43926328,2,1,0,0,0,2,1,1,2,3,-1,0,2,3,-1,2,0,-1,3,-1,0,-1,3,2,-1,-1,-1,2,0,1,2,1,1,3,2,0,2,1,3,1,3,1,1,3,0,1,3,0,0,2
3421.3154001,3,-1,3,2,2,0,-1,1,1,0,3,2,2,1,-1,2,-1,0,1,0,0,0,-1,2,-1,-1,3,0,0,-1,0,-1,3,3,3,3,1,1,2,1,2,-1,2,1,0,-1,1,0,2,1
3646.57793819,0,2,2,0,2,0,0,1,-1,1,2,0,2,1,0,3,3,-1,0,-1,1,-1,3,1,2,3,2,3,-1,3,0,-1,0,2,1,2,3,1,1,3,0,3,1,3,-1,0,1,2,3,-1
3574.6354522,1,0,2,3,2,0,3,3,2,0,3,1,3,1,-1,3,3,0,1,2,-1,-1,1,0,2,2,-1,2,1,1,0,2,3,-1,-1,1,0,3,0,2,1,0,0,0,3,-1,-1,2,0,2
3446.08248544,1,0,1,2,2,3,1,-1,-1,3,1,3,-1,3,-1,1,2,1,-1,2,2,2,3,-1,2,2,0,0,0,1,3,-1,1,2,0,0,0,2,3,1,3,-1,0,-1,3,1,-1,0,-1,2
3682.54918119,1,1,0,1,3,1,3,1,-1,1,3,2,3,0,3,2,3,2,2,-1,-1,2,1,-1,2,2,0,-1,1,-1,0,0,3,3,0,1,1,-1,2,0,0,2,0,-1,3,3,1,3,0,2
3457.8763356,1,3,-1,3,0,0,1,3,-1,-1,-1,3,-1,1,-1,0,3,0,2,2,-1,3,-1,1,-1,3,0,2,2,1,3,2,2,1,-1,2,1,0,2,3,1,0,0,0,1,0,1,2,3,-1
3377.08846199,1,2,2,-1,-1,1,1,0,1,2,0,0,2,-1,2,2,0,0,-1,2,-1,-1,3,0,2,2,3,0,3,-1,2,0,-1,1,0,-1,2,1,1,0,2,-1,3,1,1,0,-1,-1,1,3
3496.20634863,2,0,-1,3,-1,0,0,1,0,2,1,0,3,2,2,1,0,3,1,-1,1,3,1,2,-1,2,2,3,1,0,2,3,2,-1,1,3,3,0,2,3,0,1,0,-1,-1,-1,-1,-1,2,0
3588.19837989,3,1,2,3,2,1,-1,2,2,0,0,1,0,0,0,-1,3,0,-1,0,0,-1,2,2,1,3,3,-1,-1,-1,3,0,1,1,2,-1,3,-1,1,3,-1,3,0,1,1,-1,1,1,0,2
3495.02696361,0,3,1,0,0,1,1,1,0,2,-1,1,0,0,0,2,2,-1,-1,3,2,2,-1,-1,-1,1,2,3,1,2,-1,2,2,2,-1,2,0,-1,3,-1,-1,1,1,1,0,-1,-1,1,2,0
3456.10725807,3,3,1,3,3,-1,-1,2,0,0,-1,1,1,-1,3,2,0,2,0,1,3,1,-1,2,0,0,1,0,2,-1,-1,2,2,3,1,0,3,1,2,1,0,-1,1,1,0,2,3,2,-1,3
3265.63657795,0,3,1,0,3,0,1,0,0,3,2,-1,1,3,0,2,-1,1,2,1,1,-1,2,3,2,1,1,3,0,1,2,3,-1,0,-1,2,-1,1,2,3,-1,0,2,-1,-1,-1,0,2,1,-1
3273.30258056,2,2,2,2,3,0,3,0,1,0,-1,0,1,3,3,0,2,1,0,-1,2,-1,0,-1,0,2,1,2,-1,1,3,1,0,1,-1,3,2,1,-1,2,-1,1,-1,3,2,1,-1,3,2,-1
3585.83960986,2,1,1,1,2,3,0,3,3,1,-1,0,0,2,3,0,-1,0,1,-1,-1,2,3,3,2,3,1,3,-1,2,1,2,3,0,0,0,0,-1,-1,2,2,-1,0,2,3,-1,1,2,1,1
3495.02696361,-1,1,-1,-1,0,1,-1,3,1,3,1,-1,2,2,0,3,1,-1,2,0,0,3,2,1,2,0,2,2,1,3,0,0,2,3,3,2,0,3,-1,-1,-1,-1,3,2,3,1,0,3,-1,2
3482.05372843,-1,0,1,1,2,-1,1,0,-1,1,2,0,1,1,3,1,1,0,3,-1,-1,0,0,-1,3,0,-1,-1,-1,-1,-1,3,0,-1,3,3,0,2,1,2,-1,3,2,2,0,3,2,2,0,0
3524.51158901,-1,0,3,3,-1,1,1,2,1,0,2,0,2,-1,2,-1,-1,3,-1,3,0,1,0,2,0,1,-1,-1,3,0,1,2,-1,0,0,1,3,1,1,2,1,2,3,2,0,0,-1,2,2,3
3518.61466393,0,-1,1,0,0,0,2,-1,2,2,3,-1,0,3,1,-1,0,-1,0,2,2,3,1,3,1,0,3,3,2,0,2,1,1,2,0,3,1,0,-1,2,-1,1,3,2,-1,3,3,-1,0,-1
3490.30942354,0,0,2,-1,0,1,-1,0,0,2,1,2,-1,1,1,0,1,3,2,-1,3,1,1,-1,1,-1,2,-1,2,-1,2,-1,0,0,3,-1,0,1,1,0,1,3,2,2,2,3,0,-1,-1,-1
3440.77525286,2,0,2,0,-1,1,0,-1,-1,0,3,-1,1,1,3,2,1,0,-1,-1,2,3,2,0,1,1,2,0,1,2,0,0,-1,0,-1,3,2,-1,0,3,-1,1,0,3,1,3,-1,2,2,1
3374.72969195,-1,1,1,0,-1,3,1,-1,-1,2,0,2,0,2,1,-1,2,2,0,0,0,1,-1,0,-1,3,1,2,3,2,1,1,-1,-1,1,-1,1,3,3,2,2,0,0,-1,2,3,3,3,-1,3
3749.77412711,0,0,0,2,1,0,2,0,-1,3,3,3,2,-1,0,1,2,0,1,1,2,1,-1,3,1,2,1,3,0,0,2,2,1,-1,3,-1,2,0,1,-1,1,-1,1,2,3,2,0,-1,3,2
3321.06767372,3,3,1,3,-1,2,1,1,2,-1,-1,-1,0,3,0,-1,3,2,-1,2,-1,-1,2,3,-1,1,2,0,1,1,1,0,2,0,0,2,1,1,0,2,3,0,1,0,-1,-1,-1,3,0,0
3555.17559944,2,0,2,0,2,3,-1,0,0,1,0,0,2,1,-1,2,2,3,0,3,1,1,-1,2,-1,3,2,2,0,-1,0,3,1,3,3,1,-1,-1,2,3,-1,1,0,-1,3,1,2,0,1,1
3477.33618837,3,-1,-1,-1,0,-1,2,1,-1,2,3,1,3,2,0,-1,2,1,1,-1,2,0,0,2,-1,0,-1,2,2,0,1,-1,3,1,1,2,3,1,0,2,1,1,3,0,0,-1,3,1,-1,0
3548.68898185,-1,2,-1,1,0,1,0,2,0,2,3,2,0,0,-1,-1,3,1,1,2,2,3,2,2,1,-1,1,1,3,-1,-1,-1,1,0,-1,0,1,3,-1,0,2,1,1,3,-1,0,2,0,1,3
3136.49391868,2,1,0,1,0,3,0,3,-1,-1,-1,2,-1,1,1,2,1,-1,3,-1,3,2,3,1,3,0,0,3,3,-1,0,2,2,1,2,1,-1,-1,0,2,1,-1,-1,-1,3,3,-1,1,2,1
3392.4204672,0,3,3,2,3,-1,3,2,1,1,-1,3,2,-1,1,2,1,-1,2,-1,-1,3,0,1,1,2,2,2,1,0,0,0,2,3,1,3,1,-1,0,0,0,0,-1,-1,3,0,3,1,3,1
3375.31938446,0,2,2,1,1,-1,-1,2,3,-1,2,-1,0,3,0,0,-1,2,-1,-1,0,0,0,1,1,3,2,1,2,0,-1,-1,-1,2,1,2,1,1,0,3,0,1,0,-1,3,2,3,-1,1,3
3298.0696659,-1,3,3,-1,3,0,-1,0,-1,-1,1,0,3,0,1,2,-1,3,2,0,-1,-1,2,3,0,3,2,2,0,3,1,-1,3,1,2,2,2,1,3,-1,-1,2,0,3,0,1,0,-1,2,-1
3516.2558939,-1,1,1,1,3,1,2,1,1,3,0,2,1,3,-1,1,0,2,1,1,2,3,2,0,2,2,0,2,-1,1,0,1,-1,-1,3,0,-1,0,-1,-1,0,3,2,-1,0,0,-1,2,2,3
3341.11721899,0,-1,1,-1,1,-1,2,0,2,-1,2,2,3,1,2,1,1,1,0,-1,1,0,0,-1,0,-1,-1,2,0,-1,1,1,0,1,2,0,3,2,3,0,2,3,3,-1,-1,-1,0,3,2,1
3423.08447762,2,2,3,1,0,3,2,0,1,3,2,1,1,2,3,-1,3,3,0,-1,-1,3,1,0,2,3,0,1,0,-1,0,3,2,3,-1,1,-1,1,-1,1,-1,3,0,3,1,2,0,1,2,2
3461.41449065,3,-1,1,1,3,2,1,2,-1,2,0,0,0,1,1,2,2,2,-1,0,2,-1,1,3,2,3,1,0,3,-1,0,3,3,3,-1,-1,2,0,-1,3,-1,1,2,0,1,1,0,0,-1,2
3445.49279293,3,3,3,0,2,-1,0,1,0,1,3,-1,1,2,2,1,0,-1,3,3,-1,-1,1,2,2,-1,0,1,2,1,3,2,1,-1,1,3,0,1,2,1,-1,0,0,3,0,2,-1,0,0,3
3523.332204,3,2,1,1,2,1,0,0,1,2,0,2,1,0,-1,2,2,0,-1,3,-1,-1,-1,0,3,2,3,1,3,2,1,1,3,1,3,-1,2,-1,1,-1,1,2,0,0,-1,2,-1,-1,0,1
3572.27668217,0,1,2,3,3,2,1,-1,1,2,-1,2,2,-1,1,0,1,3,0,2,3,1,2,1,0,3,1,0,-1,2,-1,1,0,3,3,0,0,0,3,1,2,-1,-1,2,0,0,1,2,-1,-1
3518.61466393,0,-1,2,-1,3,-1,0,2,2,2,1,1,1,1,3,3,0,0,1,1,0,3,0,-1,0,3,1,0,2,2,2,-1,-1,3,2,3,3,3,-1,2,1,0,0,0,2,1,-1,3,-1,1
3660.73055839,3,0,1,0,-1,1,0,0,3,3,2,-1,3,-1,3,2,1,3,2,0,-1,-1,3,3,1,0,2,1,0,1,3,2,3,1,2,1,2,3,0,2,2,0,2,0,1,1,1,3,2,-1
3099.34329067,-1,2,0,3,3,3,2,2,0,-1,2,1,-1,3,0,2,1,2,-1,1,3,-1,1,3,2,0,-1,-1,-1,1,0,2,1,0,-1,3,-1,1,0,1,2,-1,0,0,-1,1,-1,3,3,3
3727.3658118,-1,2,2,1,3,2,-1,1,0,0,1,2,2,3,1,-1,2,0,3,0,-1,-1,3,0,1,2,2,-1,3,-1,0,2,1,0,3,2,1,1,3,2,1,-1,0,1,1,3,0,0,2,0
3658.37178836,2,3,-1,2,3,-1,1,2,-1,0,1,2,0,1,0,2,-1,3,1,0,0,3,3,-1,1,2,1,2,0,3,0,2,0,2,3,-1,2,3,-1,0,1,1,2,0,1,-1,3,1,2,3
3401.85554733,3,3,2,1,2,-1,3,0,1,1,-1,0,3,1,0,0,2,3,3,-1,1,2,3,2,0,2,-1,-1,-1,0,1,0,1,0,0,3,2,-1,1,-1,-1,-1,2,1,1,-1,2,3,0,3
3233.20349001,-1,2,3,2,-1,2,0,0,1,2,-1,0,0,-1,1,-1,3,1,2,1,0,-1,3,1,1,-1,2,0,2,3,3,3,-1,2,2,3,3,1,-1,1,-1,1,0,2,0,2,0,3,3,0
3261.5087304,0,3,0,0,2,-1,2,0,2,0,-1,-1,2,1,-1,3,3,-1,-1,0,1,1,0,3,-1,0,2,-1,-1,0,2,2,2,2,-1,0,-1,-1,1,1,1,2,3,1,2,-1,-1,1,1,1
3487.95065351,0,-1,2,1,-1,0,1,3,0,1,-1,-1,3,2,1,3,2,1,-1,-1,-1,0,0,3,0,1,-1,0,0,-1,1,0,1,1,0,2,2,-1,3,2,-1,0,1,2,2,1,2,2,3,2
3762.74736229,3,3,2,2,1,0,-1,2,3,0,0,0,0,3,1,1,3,3,2,-1,0,1,3,1,3,2,1,2,1,2,0,0,1,1,2,-1,3,2,-1,3,2,-1,2,0,0,3,-1,0,0,-1
3150.64653887,-1,-1,0,1,-1,3,3,1,2,2,3,-1,2,2,0,2,2,0,0,-1,3,3,0,2,-1,1,2,1,3,1,0,2,-1,-1,1,2,-1,1,0,3,1,0,1,1,-1,1,-1,2,-1,3
3425.44324765,3,-1,2,0,-1,0,1,0,-1,3,-1,3,3,-1,2,0,1,2,1,1,3,1,0,-1,2,-1,1,1,2,1,-1,0,3,-1,0,2,0,-1,2,0,-1,3,1,3,2,2,2,1,1,0
3556.94467696,0,2,2,3,3,3,-1,-1,0,-1,2,3,3,-1,0,2,0,3,-1,0,-1,0,0,1,1,-1,1,2,1,2,0,2,1,1,3,3,0,-1,3,1,1,0,1,-1,1,1,2,2,0,3
3385.93384961,1,2,-1,2,1,-1,2,1,1,3,2,-1,0,3,-1,2,0,0,0,3,-1,-1,1,-1,0,-1,0,1,1,1,0,-1,0,2,1,2,0,0,2,-1,0,1,-1,0,2,-1,-1,3,3,3
3432.51955775,3,0,0,1,2,1,2,0,2,0,2,-1,0,-1,1,2,2,1,-1,-1,3,-1,0,-1,0,1,-1,1,0,2,-1,2,3,3,-1,1,0,2,3,-1,1,1,1,-1,3,1,0,2,2,3
3456.10725807,3,1,3,2,1,0,2,2,1,2,1,0,1,-1,1,3,2,2,-1,0,3,3,3,0,1,-1,0,-1,2,0,3,2,2,0,-1,-1,3,0,-1,2,-1,1,2,-1,3,2,1,1,3,0
3745.05658705,0,1,2,3,2,0,2,2,1,0,1,0,0,0,3,1,-1,2,-1,3,2,1,3,1,1,1,3,1,-1,3,0,0,2,-1,-1,-1,0,3,-1,-1,2,3,1,2,2,3,2,0,1,1
3428.39171019,0,1,1,2,0,1,0,1,-1,-1,1,2,-1,3,2,2,2,-1,0,1,1,3,2,2,-1,0,3,3,3,0,-1,2,-1,-1,-1,0,3,2,3,2,1,0,1,3,1,-1,3,1,3,0
3281.55827567,-1,0,1,1,2,3,-1,0,3,1,-1,-1,1,0,-1,-1,3,2,1,-1,1,3,0,1,0,1,0,1,0,2,-1,-1,3,3,3,2,-1,0,2,-1,-1,-1,1,3,0,0,3,2,1,1
3742.69781701,1,3,-1,0,2,-1,3,1,-1,0,-1,2,2,0,1,2,1,3,2,3,1,2,2,-1,-1,1,0,2,3,0,1,3,1,0,0,0,3,0,-1,-1,0,3,1,-1,1,2,1,-1,0,2
3402.44523984,2,0,1,-1,-1,3,0,0,2,-1,-1,2,3,0,2,0,1,0,1,3,-1,0,-1,2,0,2,2,-1,0,1,0,-1,3,1,3,3,3,1,1,1,1,2,3,0,1,-1,-1,3,-1,0
3385.93384961,0,-1,2,2,-1,1,3,3,3,0,1,1,-1,-1,3,-1,3,1,-1,2,0,3,0,0,2,-1,0,1,2,3,1,1,2,1,2,-1,0,2,0,2,1,1,1,-1,2,3,-1,0,0,2
3727.3658118,1,3,3,2,2,0,3,1,3,2,3,3,2,0,2,0,2,2,-1,-1,3,2,0,1,0,3,1,0,1,0,-1,2,1,2,3,-1,0,2,0,0,1,1,0,1,1,-1,-1,3,1,-1
3347.60383658,3,-1,1,3,2,1,-1,1,1,3,0,-1,-1,0,-1,1,1,0,1,-1,2,3,2,2,3,3,-1,-1,-1,2,3,1,2,-1,0,2,3,-1,2,-1,0,3,2,1,1,0,0,3,0,1
3826.43415317,3,1,3,2,-1,0,2,2,0,0,1,0,0,0,2,-1,1,1,2,-1,2,1,1,0,1,-1,0,-1,3,2,-1,1,1,2,3,3,3,3,3,1,1,3,3,2,-1,0,2,1,0,0
3444.90310042,2,-1,1,2,2,3,3,0,3,0,-1,3,3,0,2,1,0,-1,-1,2,0,3,3,0,2,2,1,-1,2,1,-1,3,1,0,-1,0,1,-1,-1,1,-1,0,0,1,1,2,2,-1,-1,0
3261.5087304,1,2,-1,-1,-1,3,0,1,0,0,1,0,0,-1,2,-1,0,1,-1,-1,0,0,3,-1,0,2,0,3,1,3,3,0,-1,-1,1,3,-1,3,3,1,-1,2,1,2,1,2,-1,2,2,1
3362.93584179,1,3,1,-1,2,2,-1,-1,1,3,2,2,-1,-1,3,1,0,2,1,0,-1,-1,2,1,1,0,3,0,0,3,3,3,1,0,2,3,0,2,-1,-1,1,0,0,-1,-1,0,-1,1,2,1
3411.88031997,2,2,-1,1,3,0,2,0,2,1,1,0,1,-1,2,-1,3,1,-1,-1,3,-1,0,0,3,0,-1,2,2,1,3,0,2,1,1,0,-1,1,1,1,-1,-1,3,3,0,3,2,0,-1,3
3411.29062746,-1,2,0,0,2,1,1,0,2,-1,3,0,-1,2,-1,-1,2,0,-1,3,1,2,1,-1,0,3,1,1,0,0,3,3,3,1,3,2,2,2,2,-1,2,-1,0,-1,0,-1,3,1,3,1
3474.97741833,2,0,-1,2,3,-1,2,3,2,3,2,2,1,-1,-1,0,-1,1,1,2,1,1,0,-1,1,0,0,1,-1,3,-1,0,0,0,2,3,-1,-1,-1,1,3,1,3,1,-1,0,0,2,1,2
3142.39084376,2,0,0,1,-1,3,-1,2,1,3,3,-1,0,1,-1,2,-1,1,0,3,-1,-1,1,3,3,1,2,2,0,0,-1,-1,-1,3,2,0,1,-1,2,2,-1,-1,-1,0,-1,1,0,2,3,0
3329.91306134,1,-1,0,-1,-1,2,-1,3,2,3,1,-1,1,3,2,2,-1,2,-1,0,-1,3,2,1,0,1,1,0,1,0,0,1,1,1,-1,2,0,-1,3,1,3,-1,0,0,-1,2,2,-1,3,3
3554.58590693,1,2,3,2,-1,1,2,2,0,2,1,3,2,2,1,1,-1,1,3,3,-1,1,-1,0,1,0,0,1,0,3,1,1,-1,2,2,3,3,-1,-1,0,0,-1,1,-1,0,2,2,-1,0,3
3645.39855318,0,3,1,-1,2,0,-1,0,1,0,2,-1,2,-1,-1,2,1,2,1,-1,-1,3,3,3,0,2,2,1,2,3,1,2,1,-1,0,2,0,3,1,1,0,0,3,3,2,0,1,0,0,1
3561.07252452,1,2,-1,2,-1,0,1,0,-1,0,2,2,-1,1,1,0,-1,-1,-1,2,3,3,0,1,-1,0,3,1,0,2,3,3,1,3,3,0,-1,2,3,1,1,3,-1,1,3,0,2,3,1,0
3336.39967893,2,3,2,3,-1,1,0,1,0,0,2,2,0,3,0,-1,-1,2,-1,0,1,0,-1,3,2,3,2,0,-1,1,2,1,2,0,-1,-1,-1,0,1,0,2,1,-1,-1,2,2,-1,1,1,1
3772.18244242,2,2,-1,2,0,1,2,2,2,-1,1,1,0,2,1,-1,2,3,0,3,0,2,2,-1,-1,0,0,2,3,-1,-1,0,0,0,2,1,3,3,3,1,0,3,3,1,3,1,-1,-1,1,0
3470.84957078,2,0,0,0,3,3,-1,0,0,-1,3,0,0,-1,-1,1,3,-1,1,2,-1,0,1,2,1,2,3,1,1,0,0,1,3,2,2,1,3,3,2,1,1,2,2,-1,3,3,0,3,-1,-1
3347.01414407,2,2,1,-1,2,0,3,3,2,3,-1,-1,3,1,2,-1,1,1,0,3,0,1,2,2,3,3,0,1,-1,2,1,-1,-1,0,0,1,0,-1,0,-1,-1,2,1,-1,1,0,3,-1,-1,1
3615.32423526,-1,-1,1,0,3,3,1,3,1,2,3,-1,-1,0,1,-1,0,0,0,1,1,1,2,-1,2,-1,2,0,-1,2,1,3,0,0,0,2,0,3,3,1,0,2,1,-1,2,2,-1,2,1,2
3520.38374146,1,1,1,2,-1,0,-1,-1,-1,2,-1,1,2,2,-1,0,-1,0,3,2,0,0,1,-1,0,3,-1,0,1,3,2,0,2,3,1,2,-1,2,-1,0,1,3,0,2,1,1,0,2,2,0
3132.36607112,2,-1,0,0,-1,1,3,-1,1,3,1,-1,0,2,-1,0,0,-1,2,1,-1,-1,0,3,2,0,3,-1,-1,1,2,3,2,1,1,3,-1,3,2,0,-1,-1,-1,2,0,3,2,0,0,2
3265.63657795,-1,-1,-1,2,3,2,-1,-1,3,3,1,0,1,-1,1,2,0,1,3,0,2,3,-1,3,-1,-1,-1,-1,1,-1,2,2,1,0,1,2,1,3,-1,2,0,2,3,0,2,0,1,1,2,2
3407.1627799,2,1,0,2,2,2,0,2,0,1,-1,0,2,2,-1,-1,2,-1,-1,3,1,1,-1,1,2,3,-1,-1,1,2,0,3,0,-1,2,1,0,0,3,1,1,-1,2,1,3,0,3,1,-1,3
3189.56624441,2,3,3,-1,0,0,-1,1,-1,0,-1,3,2,-1,-1,1,1,3,1,3,3,-1,-1,2,0,1,-1,-1,0,0,3,-1,0,0,3,2,1,0,2,2,1,-1,3,2,0,-1,2,1,1,3
3655.42332581,2,0,-1,0,1,-1,-1,0,1,3,2,2,0,2,1,2,0,3,3,3,2,0,-1,2,1,1,-1,1,1,1,0,-1,2,3,2,0,0,-1,-1,-1,3,0,3,1,0,3,-1,1,0,2
3403.62462485,3,1,2,0,0,1,0,0,1,2,1,2,3,-1,-1,-1,2,-1,1,2,0,1,-1,0,-1,3,-1,-1,2,0,1,0,2,2,-1,3,1,3,-1,-1,-1,1,1,0,3,2,2,0,0,-1
3352.32137665,3,2,0,3,-1,1,2,2,0,3,-1,3,1,3,2,0,1,1,2,2,-1,1,3,0,1,-1,-1,2,1,3,-1,1,0,-1,2,0,3,2,1,-1,0,-1,-1,1,0,-1,2,0,0,0
3211.38486721,0,-1,0,-1,-1,2,0,3,3,-1,-1,1,-1,0,2,1,0,-1,0,2,-1,3,1,3,0,2,1,2,2,1,2,0,-1,-1,-1,-1,1,3,0,3,2,2,2,3,3,0,1,-1,1,1
3533.94666914,2,2,2,3,2,0,-1,1,-1,3,0,0,0,1,1,1,1,2,0,-1,2,1,-1,3,2,-1,3,3,2,3,1,1,-1,-1,0,1,0,2,2,3,0,-1,-1,2,0,-1,0,3,1,-1
3641.86039813,-1,0,-1,3,0,1,2,2,0,-1,-1,0,1,3,0,0,3,1,1,1,0,0,3,2,2,3,1,1,3,2,2,3,3,0,0,-1,1,-1,-1,1,2,3,2,1,1,-1,2,3,-1,3
3282.73766069,2,2,1,2,-1,-1,1,2,1,-1,3,3,3,0,-1,0,3,1,-1,0,0,-1,3,-1,-1,2,3,-1,0,1,3,1,0,0,2,-1,2,-1,1,0,3,1,3,-1,2,2,0,3,0,1
3748.00504959,3,-1,1,1,1,1,-1,2,0,1,-1,2,-1,0,0,2,0,-1,1,0,3,0,3,-1,2,3,2,3,-1,0,1,1,0,1,3,2,3,2,1,3,2,2,2,1,2,3,0,0,1,3
3223.17871737,0,1,-1,3,-1,2,-1,-1,2,3,-1,0,1,0,2,1,1,3,2,-1,1,-1,0,0,0,0,-1,1,-1,-1,0,3,1,3,2,-1,1,0,-1,2,0,-1,-1,0,-1,3,1,2,1,1
3207.84671216,2,-1,-1,3,-1,2,0,-1,1,3,-1,0,1,-1,1,2,0,0,3,3,2,3,0,0,3,1,1,2,3,-1,1,2,-1,-1,0,3,-1,0,1,1,0,2,0,2,3,1,1,-1,-1,2
3479.10526589,2,0,2,0,1,2,1,0,-1,-1,1,2,-1,0,3,-1,3,2,2,0,0,0,-1,1,1,1,3,2,-1,-1,0,0,-1,-1,3,-1,-1,-1,1,-1,1,2,3,0,2,0,3,2,0,2
3188.38685939,-1,3,-1,1,3,1,1,3,-1,0,2,-1,1,2,2,0,-1,1,-1,3,0,-1,-1,0,1,-1,-1,0,2,-1,3,1,3,3,0,2,-1,0,1,-1,0,0,2,1,2,1,0,-1,2,2
3839.40738834,2,0,2,3,0,1,3,1,1,1,2,-1,0,1,3,3,1,0,3,2,3,1,-1,3,0,2,-1,3,2,1,1,0,2,1,2,2,-1,1,3,0,1,-1,2,0,-1,0,0,2,3,0
3553.99621442,0,1,2,-1,-1,3,-1,1,0,2,0,-1,3,-1,3,1,3,0,3,2,0,2,1,1,0,2,1,1,0,2,2,3,0,0,-1,1,2,1,3,2,3,-1,1,1,2,3,0,2,0,-1
3400.0864698,-1,0,2,0,0,3,3,-1,2,3,0,2,-1,-1,-1,2,0,-1,3,2,1,0,3,3,1,1,-1,1,1,3,2,-1,2,2,3,1,2,0,1,-1,3,1,3,0,2,-1,1,1,0,0
3430.16078772,1,1,0,1,2,2,3,1,1,0,0,0,0,2,3,-1,-1,2,1,2,0,1,-1,-1,1,2,-1,-1,1,0,1,0,-1,0,0,-1,1,-1,-1,1,2,3,-1,-1,0,-1,2,-1,-1,-1
3399.4967773,1,2,0,0,2,2,2,3,-1,-1,1,0,1,-1,2,3,2,3,3,0,0,2,-1,1,0,-1,-1,-1,2,3,1,2,1,-1,3,1,0,-1,-1,3,1,1,0,3,0,0,-1,2,2,2
3402.44523984,3,1,3,2,-1,3,3,0,1,1,-1,3,3,0,-1,1,2,1,1,2,-1,3,3,2,1,3,-1,2,1,2,0,0,-1,0,2,2,-1,0,0,0,0,2,3,1,0,2,0,1,-1,-1
3184.84870434,1,-1,-1,0,-1,2,-1,0,0,2,0,-1,1,-1,3,3,2,3,-1,-1,0,3,3,-1,2,2,3,3,0,3,1,1,3,1,0,0,1,1,0,3,1,-1,-1,2,2,1,-1,0,-1,1
3490.89911605,3,3,0,0,-1,3,1,3,1,0,-1,1,-1,1,2,2,-1,0,2,2,2,-1,1,3,-1,-1,2,2,0,3,1,3,0,0,0,0,0,-1,1,3,2,2,-1,3,1,3,1,0,3,2
3806.9743004,0,1,2,1,1,1,1,1,2,3,0,3,0,3,2,0,3,0,3,0,1,3,-1,3,0,1,-1,-1,-1,0,1,0,3,1,2,0,3,-1,2,3,2,3,0,2,2,2,-1,2,1,1
3486.18157599,1,1,1,1,3,2,1,1,2,0,3,0,3,2,2,-1,2,0,0,-1,0,-1,-1,2,0,2,0,2,1,2,3,-1,0,3,0,3,-1,3,1,1,1,3,1,-1,0,-1,-1,2,1,3
3667.21717598,-1,1,1,1,2,2,3,1,0,1,2,1,2,2,3,1,2,1,1,2,3,0,-1,3,3,2,1,1,-1,-1,0,0,3,0,0,-1,3,0,0,-1,-1,-1,0,3,0,2,0,2,1,-1
3487.360961,2,3,0,3,-1,3,-1,-1,1,0,3,2,1,0,1,3,2,3,2,-1,2,3,2,1,3,2,3,1,3,0,1,0,0,0,-1,2,1,1,1,1,2,2,0,-1,0,-1,3,-1,1,0
3626.52839292,-1,1,0,1,3,1,0,-1,-1,0,3,-1,2,1,0,-1,-1,1,-1,3,1,3,3,2,1,1,-1,2,3,1,2,0,2,2,3,-1,0,2,2,2,2,1,0,-1,0,1,0,0,2,0
3185.43839685,1,3,0,-1,3,3,-1,1,-1,0,2,1,-1,1,-1,-1,2,0,-1,0,2,-1,2,-1,-1,-1,-1,2,3,0,0,-1,1,2,0,1,3,0,2,1,-1,2,3,1,0,1,3,1,1,2
3409.52154993,1,0,0,-1,0,2,-1,0,1,2,-1,1,3,-1,-1,0,0,2,1,0,1,0,0,2,1,2,1,1,2,-1,2,3,3,3,2,3,0,0,2,2,-1,3,3,-1,1,3,3,-1,0,-1
3117.62375842,2,0,3,-1,0,2,2,2,1,2,2,1,1,2,-1,3,2,0,-1,-1,0,3,3,1,-1,-1,0,3,-1,1,1,3,3,-1,1,2,-1,3,3,-1,3,1,1,2,-1,-1,2,0,0,3
3575.81483722,1,3,-1,3,1,-1,2,1,2,3,-1,0,2,0,1,1,3,-1,2,0,3,0,-1,1,-1,0,3,0,1,3,-1,0,2,2,1,2,-1,3,0,-1,2,1,2,2,0,3,-1,2,0,0
3275.07165808,2,2,1,2,-1,3,1,3,1,2,-1,3,1,-1,2,-1,2,3,3,0,-1,2,0,2,2,0,0,-1,0,-1,2,2,0,-1,0,1,3,2,1,2,3,-1,3,3,1,-1,0,0,-1,3
3427.80201768,3,0,2,3,0,0,3,-1,-1,1,3,-1,2,-1,2,0,3,2,3,1,2,2,-1,2,0,1,0,0,1,1,0,3,2,-1,-1,1,-1,2,-1,0,-1,2,1,0,-1,1,0,1,2,1
3597.63346002,2,1,-1,1,1,1,3,1,3,-1,0,2,1,2,2,1,0,0,0,2,2,2,0,0,2,3,1,-1,1,-1,3,3,3,2,3,-1,3,-1,0,1,-1,1,3,3,0,3,2,0,0,-1
3281.55827567,1,3,-1,0,-1,1,2,-1,3,-1,-1,-1,1,2,2,-1,-1,2,-1,0,1,-1,-1,2,3,1,3,0,0,-1,0,2,-1,2,0,2,3,0,1,1,1,2,1,0,1,0,3,1,0,0
3602.94069259,3,0,3,0,1,2,3,2,1,0,3,0,-1,-1,-1,3,0,0,2,2,1,1,-1,0,1,2,0,3,3,-1,2,3,1,1,2,3,1,-1,-1,0,2,-1,1,1,0,2,3,2,0,-1
3415.41847501,1,-1,3,1,0,1,-1,3,0,2,-1,3,1,-1,1,2,-1,2,-1,2,2,3,0,1,1,1,2,2,0,0,1,3,3,0,0,3,3,-1,0,2,1,-1,0,-1,2,2,-1,0,1,-1
3469.08049325,3,2,1,2,0,-1,2,0,-1,3,1,-1,2,2,2,1,-1,0,0,-1,2,1,1,1,2,-1,2,-1,0,3,3,-1,3,2,1,3,0,-1,2,3,0,1,1,3,0,3,-1,0,1,1
3675.47287109,0,1,3,2,2,0,0,0,-1,0,0,0,-1,1,2,3,3,-1,1,2,2,1,-1,-1,-1,1,1,0,2,1,1,0,-1,-1,2,3,0,1,3,3,-1,2,1,3,2,-1,1,2,-1,0
3500.92388869,2,2,0,2,3,-1,-1,0,0,3,2,3,0,0,1,2,-1,-1,-1,2,0,0,1,-1,1,1,1,-1,3,-1,0,-1,2,2,2,3,3,-1,1,0,0,2,1,2,-1,1,0,3,1,3
3231.43441248,1,0,0,3,-1,3,2,3,0,-1,-1,-1,-1,-1,1,2,1,2,-1,-1,1,0,-1,2,1,1,3,3,0,1,2,0,2,2,1,-1,1,3,3,-1,2,0,3,0,2,1,0,-1,3,2
3849.43216098,3,3,2,2,3,1,1,1,3,1,1,0,-1,1,2,0,0,3,-1,-1,3,-1,1,1,1,3,0,0,2,0,2,0,0,0,0,-1,0,2,-1,3,1,-1,2,2,2,3,2,2,3,1
3625.3490079,3,2,0,2,1,2,0,2,-1,3,-1,-1,0,1,2,3,1,2,3,-1,-1,1,0,-1,2,-1,0,-1,3,1,1,2,0,-1,0,1,0,-1,-1,0,2,1,1,0,3,0,3,1,3,1
3248.53549522,1,2,2,1,-1,0,0,1,2,-1,1,2,2,0,3,3,0,-1,0,-1,2,-1,3,-1,1,-1,1,2,3,-1,2,0,1,-1,0,1,3,-1,-1,1,1,3,1,0,2,2,-1,-1,-1,2
3455.51756557,1,1,2,2,0,2,3,1,3,2,-1,1,1,0,0,0,-1,3,-1,3,0,-1,1,1,1,0,3,0,3,0,3,3,-1,2,2,2,2,2,2,-1,0,0,2,-1,3,1,-1,-1,3,-1
3210.7951747,2,3,2,1,-1,2,2,-1,3,0,3,-1,0,-1,-1,1,1,0,0,3,1,0,2,2,-1,1,3,2,1,-1,3,0,0,0,-1,2,-1,1,0,3,3,2,2,-1,0,-1,1,3,3,1
3789.28352516,-1,0,0,0,2,1,0,0,3,1,0,-1,2,1,2,2,3,1,3,-1,3,2,0,-1,3,1,2,3,3,3,2,2,-1,2,3,0,1,-1,1,1,0,0,1,-1,1,3,1,2,2,0
3567.55914211,1,1,1,2,-1,2,1,2,-1,0,1,0,-1,2,-1,0,0,0,0,3,2,1,3,3,0,0,1,-1,0,-1,0,3,2,1,2,2,-1,2,3,2,-1,2,1,0,-1,-1,1,-1,0,1
3864.76416619,-1,0,-1,3,1,1,0,3,2,0,0,3,2,2,0,3,3,-1,1,1,2,0,1,0,1,3,0,0,2,3,1,3,2,1,0,3,3,0,2,-1,1,-1,3,2,2,-1,2,-1,1,1
3636.55316556,-1,0,2,3,-1,2,1,1,-1,3,0,-1,-1,0,0,3,1,3,0,2,-1,1,-1,0,-1,1,2,-1,2,1,2,2,0,1,1,0,3,-1,2,-1,3,2,0,1,2,3,1,0,-1,3
3686.08733624,0,0,1,0,2,3,1,1,-1,0,0,3,0,2,-1,1,1,3,2,3,-1,1,2,1,-1,2,-1,3,1,3,0,0,-1,-1,2,-1,2,-1,0,-1,2,2,2,3,0,0,1,1,0,1
3260.91903789,2,0,1,0,0,-1,-1,-1,1,2,-1,-1,1,0,1,2,2,-1,2,3,-1,1,2,3,-1,3,2,1,0,0,0,-1,-1,1,0,1,2,3,1,1,3,2,3,1,3,-1,2,2,-1,-1
3424.85355514,2,2,-1,1,1,3,2,2,-1,3,1,-1,2,3,3,2,2,3,-1,2,1,3,0,0,1,2,2,-1,0,3,1,3,3,1,0,0,-1,0,1,2,1,0,-1,1,3,3,0,1,-1,-1
3193.69409197,2,3,0,-1,0,1,0,1,-1,-1,1,-1,2,-1,0,-1,3,2,2,3,-1,1,-1,1,2,-1,-1,2,3,3,-1,1,2,2,3,1,2,0,0,2,3,0,0,3,1,3,1,0,-1,2
3392.4204672,1,-1,3,1,3,1,0,3,-1,-1,1,2,2,-1,-1,3,0,0,0,2,1,0,-1,1,2,0,2,1,-1,3,2,3,1,-1,0,3,2,1,2,0,3,2,2,-1,0,1,3,2,-1,3
3518.02497143,-1,3,2,3,2,0,2,-1,3,3,2,2,1,-1,2,2,1,-1,0,3,1,1,1,1,0,-1,2,-1,0,-1,3,0,1,1,1,0,0,1,-1,-1,0,-1,1,3,0,-1,0,2,0,-1
3250.30457274,2,-1,1,0,2,2,2,0,2,2,-1,3,2,2,-1,1,-1,-1,1,3,0,-1,-1,3,-1,0,0,0,-1,1,0,2,1,-1,-1,1,3,3,2,1,0,3,1,3,0,1,2,3,0,-1
3586.42930237,1,0,-1,-1,1,0,2,2,0,1,1,-1,2,3,-1,-1,-1,2,3,-1,1,2,-1,0,2,2,0,0,2,0,3,3,0,1,0,3,0,1,-1,0,2,2,-1,2,3,3,3,1,1,2
3542.20236426,0,0,-1,3,1,0,2,1,2,0,0,3,2,0,1,2,2,2,0,1,0,2,-1,3,1,-1,-1,2,1,2,3,-1,-1,-1,1,0,1,2,-1,1,1,-1,-1,2,-1,0,-1,3,3,0
3474.97741833,2,1,0,2,-1,-1,-1,1,3,0,2,-1,0,0,1,1,1,-1,1,0,2,3,-1,2,2,3,1,3,-1,3,-1,1,0,2,3,-1,0,0,-1,2,3,0,2,2,3,0,2,3,3,0
3444.90310042,1,2,0,2,1,3,2,0,3,0,1,1,-1,-1,2,1,1,2,0,-1,2,1,-1,0,-1,0,3,0,-1,3,0,0,1,2,-1,-1,3,0,1,3,1,2,2,0,1,-1,2,-1,-1,2
3518.02497143,3,2,3,1,-1,0,2,1,-1,2,3,3,-1,-1,0,2,3,3,3,2,-1,2,1,1,2,3,0,0,1,1,0,1,0,1,-1,0,-1,3,3,2,1,-1,2,0,2,1,2,0,2,3
3505.64142876,3,1,3,-1,1,-1,3,0,-1,-1,1,-1,-1,0,2,0,3,-1,1,3,1,0,1,0,0,2,0,1,2,2,1,-1,1,2,-1,0,2,-1,2,1,0,-1,3,2,3,0,2,3,1,-1
3496.20634863,3,1,-1,-1,-1,-1,1,0,0,3,0,2,0,1,2,1,0,3,2,-1,3,-1,0,-1,1,1,3,-1,3,3,1,2,0,1,1,2,2,-1,3,3,0,-1,-1,2,2,1,2,0,0,3
3461.41449065,2,2,0,1,-1,0,-1,-1,-1,1,1,2,1,2,1,1,1,-1,0,-1,-1,0,0,2,-1,2,3,1,1,-1,-1,0,3,2,3,1,3,0,3,-1,0,2,2,0,0,-1,-1,0,0,2
3551.04775188,2,0,1,2,-1,0,3,-1,2,-1,0,-1,-1,1,1,1,-1,2,-1,0,0,1,3,3,3,1,3,0,1,0,0,3,2,1,0,2,2,1,3,0,3,1,2,2,0,-1,-1,2,-1,2
3377.6781545,1,0,0,3,1,1,3,2,0,3,0,1,-1,1,-1,1,1,1,-1,-1,2,1,-1,0,2,0,-1,2,-1,0,-1,2,-1,0,-1,-1,-1,3,2,1,2,2,3,2,0,1,0,-1,2,2
3443.7237154,3,3,3,1,0,2,-1,0,3,1,0,3,1,2,2,-1,1,2,-1,3,1,0,2,0,0,2,1,-1,-1,-1,0,-1,2,1,-1,1,0,2,3,2,-1,3,3,-1,1,0,-1,2,2,0
3434.87832778,2,2,3,-1,0,-1,3,1,-1,1,-1,0,-1,1,0,1,2,-1,3,1,1,2,0,2,2,3,1,1,0,1,3,-1,3,2,1,2,0,2,-1,3,0,0,2,-1,3,-1,3,3,2,3
3436.64740531,-1,-1,1,2,1,0,3,-1,2,1,1,0,3,-1,2,0,0,0,3,1,0,-1,1,0,0,1,3,3,3,0,1,-1,-1,0,1,2,1,2,2,3,3,0,-1,2,3,-1,-1,2,1,2
3289.22427828,2,2,2,1,-1,-1,0,3,-1,1,3,1,3,-1,1,0,2,1,2,-1,2,1,-1,0,0,0,1,1,0,-1,0,-1,3,0,0,-1,3,0,3,0,1,1,2,-1,2,2,3,-1,1,-1
3679.01102614,2,3,3,-1,-1,1,0,2,3,-1,3,-1,2,2,2,2,0,1,1,1,-1,1,1,3,0,0,2,1,0,-1,1,1,0,3,2,-1,0,-1,-1,1,0,-1,0,0,2,3,0,-1,1,2
3718.52042418,0,0,0,0,2,1,2,1,0,3,1,1,0,3,2,2,0,-1,1,3,2,3,0,0,1,3,0,3,1,2,-1,1,3,1,1,-1,2,1,3,2,0,3,2,-1,0,2,-1,-1,-1,-1
3696.70180138,3,0,-1,0,-1,3,1,2,1,0,0,2,0,1,3,1,2,0,0,-1,3,2,0,0,3,3,2,2,-1,-1,3,1,2,3,0,1,1,1,3,2,3,1,0,2,-1,2,-1,2,2,1
3549.27867436,1,0,0,-1,3,2,3,3,-1,2,2,3,1,-1,1,0,1,3,3,-1,0,0,3,0,1,2,-1,0,-1,2,2,0,1,1,3,2,-1,2,1,0,1,1,2,3,2,0,0,3,2,2
3283.91704571,-1,2,1,1,3,2,3,0,0,2,3,1,3,-1,0,2,3,1,0,2,2,-1,-1,-1,-1,-1,1,3,-1,1,-1,2,3,-1,0,3,0,3,2,0,0,1,3,1,1,-1,0,0,-1,1
3322.24705873,3,-1,1,0,-1,3,1,1,-1,-1,3,1,2,0,1,0,-1,2,0,2,0,3,-1,2,2,3,-1,0,2,3,1,0,-1,1,3,0,2,2,2,1,3,-1,1,0,-1,0,1,2,-1,3
3335.80998642,1,2,-1,3,1,3,-1,-1,3,0,-1,-1,2,3,1,0,2,1,0,1,3,0,-1,3,-1,2,0,-1,1,2,1,2,2,0,-1,-1,2,0,0,1,3,1,3,2,-1,2,1,3,2,0
3599.40253754,0,-1,3,1,0,1,-1,-1,3,0,0,-1,1,0,3,0,2,0,-1,-1,-1,0,1,2,3,1,2,1,1,2,-1,1,-1,2,3,1,2,1,2,2,3,0,0,3,0,2,3,3,-1,2
3377.08846199,2,-1,1,0,2,2,3,3,-1,-1,1,-1,1,0,-1,-1,0,0,1,2,2,0,-1,-1,2,2,3,0,1,-1,3,3,0,-1,0,1,3,2,3,3,2,3,1,1,-1,2,1,-1,2,1
3774.54121245,2,2,3,1,3,-1,1,-1,-1,1,1,1,0,0,0,3,0,2,2,-1,-1,0,-1,3,3,0,1,-1,3,-1,2,2,3,3,2,0,0,1,2,1,0,3,3,1,0,2,0,2,2,2
3250.30457274,0,2,-1,1,3,0,0,0,3,2,1,1,0,-1,3,3,2,0,0,-1,0,-1,1,2,0,2,-1,2,-1,-1,-1,-1,1,2,0,0,1,2,-1,1,-1,1,2,-1,-1,-1,1,2,3,2
3619.45208282,-1,0,2,0,1,0,1,0,1,-1,2,0,0,-1,-1,0,2,0,1,1,1,0,2,3,0,-1,2,1,-1,-1,0,0,1,-1,3,2,2,3,2,-1,2,2,0,1,1,-1,3,3,0,-1
3441.36494537,0,-1,3,1,2,-1,3,2,3,2,0,1,1,2,0,-1,-1,0,-1,3,-1,1,3,2,0,1,1,2,2,-1,3,0,-1,2,-1,-1,0,2,0,2,3,1,-1,1,1,0,0,-1,3,0
3630.65624047,1,3,2,0,-1,1,2,0,-1,2,3,2,3,2,0,-1,2,2,-1,2,3,2,0,1,2,3,0,0,0,-1,3,1,1,3,1,0,-1,1,-1,1,3,1,1,2,0,1,0,3,3,-1
3347.01414407,0,-1,2,-1,3,1,-1,2,1,2,1,1,2,1,2,2,0,-1,0,3,2,2,3,0,1,1,3,-1,3,1,-1,0,0,-1,-1,0,2,0,-1,1,2,2,3,-1,3,3,3,-1,1,1
3611.78608021,2,1,-1,2,1,1,2,1,1,1,-1,0,3,0,2,3,1,2,3,-1,0,-1,1,3,-1,0,1,3,0,0,2,1,2,2,3,-1,0,2,-1,3,-1,0,-1,1,1,3,0,3,3,3
3344.65537404,3,1,0,0,2,0,2,-1,0,3,3,0,3,-1,2,2,-1,-1,0,3,1,0,2,-1,-1,3,3,1,1,3,-1,2,-1,2,0,0,-1,3,-1,0,2,3,0,1,2,-1,1,1,1,1
3400.0864698,2,-1,2,0,3,-1,-1,0,0,3,3,2,-1,-1,1,1,2,3,1,0,2,2,1,3,2,0,3,3,1,2,3,3,1,0,2,0,2,-1,0,1,-1,2,1,-1,3,3,0,1,0,-1
3438.41648283,1,2,2,2,1,3,1,1,2,2,1,-1,2,2,2,0,0,-1,-1,0,1,0,-1,-1,1,2,-1,3,-1,1,0,2,2,3,0,3,-1,1,0,1,-1,-1,3,1,0,2,-1,3,0,0
3246.17672519,2,-1,-1,2,-1,2,-1,3,-1,2,0,0,3,2,1,0,2,0,3,1,1,0,-1,1,1,-1,-1,0,-1,-1,1,-1,2,1,-1,0,3,0,2,-1,2,0,3,0,1,1,3,-1,2,0
3506.82081377,-1,2,1,3,0,1,0,2,2,1,-1,2,3,1,3,3,1,1,0,0,0,0,-1,1,0,1,-1,1,3,2,0,2,2,-1,2,3,-1,-1,0,2,2,-1,-1,0,3,2,3,-1,0,3
3190.74562943,-1,0,1,1,-1,3,-1,2,3,3,2,-1,1,3,0,-1,2,0,2,-1,3,3,3,-1,0,-1,1,2,1,0,0,2,0,-1,0,1,2,2,0,-1,-1,-1,3,-1,2,1,0,0,3,-1
3430.75048023,2,-1,0,0,2,1,2,1,1,0,0,3,0,2,3,1,1,3,-1,3,1,-1,-1,3,3,-1,-1,-1,0,2,2,1,-1,3,0,3,-1,2,0,3,1,2,2,2,0,1,0,1,3,1
3373.55030694,1,0,0,1,-1,-1,-1,0,-1,1,1,3,1,-1,1,2,1,-1,-1,1,0,2,3,2,-1,1,0,0,1,0,2,2,3,-1,3,2,-1,2,2,0,-1,0,3,3,1,3,2,0,2,0
3551.63744439,0,1,0,1,0,1,1,-1,0,1,2,1,-1,-1,3,3,-1,-1,0,1,2,2,-1,-1,1,3,2,1,0,2,2,-1,1,3,3,2,0,2,3,2,1,0,0,1,2,0,3,-1,-1,2
3480.28465091,-1,-1,-1,2,0,2,2,-1,1,3,-1,3,2,3,-1,1,0,2,3,0,0,1,2,-1,1,1,2,1,0,-1,-1,1,3,0,0,2,-1,3,3,2,0,2,1,0,1,-1,2,0,1,1
3351.73168414,0,1,-1,2,2,0,0,-1,-1,-1,3,3,0,1,2,-1,0,2,1,2,0,3,0,1,3,1,1,-1,-1,1,2,2,2,2,-1,3,-1,1,2,3,1,3,3,-1,0,2,1,3,-1,-1
3252.66334278,3,0,1,1,-1,3,0,-1,3,2,-1,-1,2,3,2,0,3,1,0,0,-1,1,1,3,0,3,2,-1,2,1,1,0,1,2,1,2,-1,-1,2,1,-1,2,-1,-1,2,-1,0,1,3,1
3586.42930237,0,2,1,2,3,1,-1,3,3,0,2,2,1,3,1,0,1,-1,2,3,3,2,3,0,-1,2,-1,2,-1,0,1,2,2,1,0,-1,3,0,-1,0,1,0,2,3,-1,0,1,1,1,2
3336.39967893,-1,2,1,1,1,3,-1,1,0,-1,2,2,1,3,2,-1,0,3,2,0,0,0,-1,-1,1,3,-1,0,-1,-1,-1,-1,0,3,0,2,1,0,-1,2,-1,2,2,3,0,1,3,2,0,1
3292.76243333,-1,0,0,2,-1,3,0,2,2,3,0,-1,0,-1,3,-1,3,1,1,1,3,3,0,-1,2,1,1,1,2,-1,0,0,-1,2,2,3,-1,0,2,2,1,1,2,1,-1,2,0,-1,1,-1
3164.79915907,-1,2,0,0,2,-1,0,0,-1,2,2,-1,2,1,3,2,0,3,2,-1,1,-1,-1,3,-1,0,3,3,-1,3,-1,1,-1,1,3,1,1,-1,0,-1,0,-1,1,2,1,3,2,-1,1,1
3615.32423526,0,0,-1,1,-1,2,1,3,2,0,1,1,-1,1,1,3,3,-1,1,1,2,3,0,0,3,0,0,-1,-1,-1,1,2,0,2,2,3,0,-1,3,0,-1,3,2,2,-1,0,2,2,-1,3
3610.01700269,-1,0,3,1,0,1,-1,1,2,-1,0,1,0,3,0,-1,2,0,-1,3,-1,2,1,-1,2,2,-1,2,3,3,-1,-1,0,3,-1,0,0,2,3,2,1,1,0,1,-1,0,1,1,1,3
3398.31739228,-1,0,1,-1,1,0,1,0,-1,3,3,1,0,-1,2,-1,0,1,3,2,3,3,0,-1,3,0,2,-1,-1,3,3,0,0,3,1,-1,1,0,1,2,2,2,3,1,-1,-1,1,2,-1,-1
3290.9933558,2,1,1,-1,3,0,3,1,-1,3,3,0,1,-1,-1,0,2,1,0,2,1,3,0,1,0,2,-1,-1,0,-1,1,2,1,1,-1,2,2,0,3,1,-1,3,0,0,-1,2,2,3,3,-1
3198.41163203,1,1,2,3,-1,0,-1,-1,3,-1,-1,1,1,3,0,0,0,2,3,3,2,3,3,-1,-1,0,1,2,1,0,2,1,-1,0,2,0,2,3,3,-1,-1,1,2,-1,-1,0,-1,1,-1,0
3779.25875252,0,2,1,2,0,0,3,1,2,1,0,3,0,1,2,-1,1,3,-1,3,-1,1,0,-1,-1,0,3,0,3,2,-1,-1,0,2,0,-1,-1,-1,-1,3,1,1,2,1,1,1,3,0,1,2
3296.30058838,0,-1,0,1,0,-1,0,2,-1,0,1,1,3,2,3,3,3,3,0,0,-1,-1,3,1,2,2,-1,2,3,2,2,-1,1,0,-1,2,0,1,1,-1,-1,-1,3,0,2,3,-1,2,1,1
3862.40539616,-1,0,3,0,1,0,1,3,1,1,0,3,-1,1,1,0,3,-1,3,0,2,0,-1,3,3,0,2,2,3,1,-1,1,2,2,-1,-1,2,3,0,2,2,3,0,1,2,1,2,0,-1,0
3366.47399684,0,0,2,1,3,1,2,3,0,0,2,-1,1,-1,1,3,1,0,2,-1,-1,0,-1,3,0,1,2,0,1,-1,2,-1,1,2,3,-1,-1,1,2,1,3,0,1,0,0,3,-1,3,2,3
3239.10041509,-1,-1,1,-1,1,3,0,1,3,-1,-1,0,1,3,1,2,0,2,-1,0,3,0,2,0,2,3,-1,1,2,3,1,2,2,0,-1,2,3,0,-1,-1,-1,0,1,1,-1,1,2,1,-1,2
3265.63657795,3,0,1,2,2,0,1,2,0,-1,3,1,1,1,-1,0,2,-1,-1,3,2,1,0,-1,-1,2,0,0,0,-1,3,0,-1,2,3,-1,-1,0,1,2,3,1,1,3,-1,-1,3,2,1,2
3442.54433039,2,0,1,3,3,1,-1,2,0,1,0,-1,3,1,1,2,2,3,3,-1,-1,1,2,-1,-1,0,3,1,0,-1,1,-1,3,0,-1,2,-1,1,0,3,1,2,2,2,1,0,3,1,0,2
3467.90110824,-1,0,0,3,3,2,2,0,0,2,2,0,3,1,1,1,1,-1,-1,2,-1,-1,3,1,2,1,2,0,-1,0,2,3,-1,1,-1,2,3,0,3,0,3,1,0,2,1,-1,0,3,1,3
3148.28776884,-1,1,1,-1,-1,2,0,2,-1,0,2,-1,3,2,1,0,2,1,2,2,-1,1,3,-1,-1,2,-1,3,1,3,0,2,-1,1,2,-1,3,-1,0,0,1,1,1,-1,-1,1,-1,2,0,0
3058.0648151,2,-1,3,0,1,0,0,1,2,3,2,-1,-1,3,-1,3,-1,2,1,0,0,3,-1,-1,2,-1,1,2,-1,2,3,3,0,-1,-1,0,2,2,-1,2,3,3,-1,0,1,1,-1,2,1,0
3240.27980011,3,1,2,-1,3,1,1,1,-1,1,2,3,2,3,0,2,-1,1,1,-1,2,2,-1,2,-1,0,0,-1,-1,-1,-1,0,3,0,-1,3,2,0,1,3,0,2,1,2,1,0,-1,-1,2,-1
3407.1627799,2,2,1,2,0,0,1,-1,1,1,1,-1,3,-1,1,-1,2,1,-1,-1,3,2,3,2,1,0,1,1,0,-1,3,2,-1,3,0,-1,0,0,3,2,1,0,0,-1,0,3,-1,2,3,2
3560.48283201,-1,2,1,-1,0,2,-1,0,2,3,1,1,2,0,0,3,2,2,1,0,3,2,2,3,3,2,3,-1,2,3,-1,1,1,0,1,1,3,2,-1,3,-1,1,3,1,0,-1,0,-1,3,-1
3324.01613626,3,0,2,0,2,-1,-1,-1,-1,-1,1,2,-1,1,1,1,1,1,0,3,3,-1,0,2,2,3,0,1,-1,2,3,3,-1,3,2,3,-1,2,0,0,1,0,1,0,2,-1,3,0,0,1
3485.00219097,-1,0,-1,0,1,1,-1,1,3,3,0,2,3,2,1,3,0,2,2,-1,1,-1,0,3,1,3,2,2,0,1,0,-1,1,-1,3,2,0,0,1,2,-1,0,2,-1,0,-1,3,1,3,2
3598.22315253,2,-1,2,0,3,1,-1,0,-1,-1,1,2,2,3,3,2,2,-1,-1,2,2,1,-1,0,0,1,0,-1,0,2,3,1,1,-1,1,2,0,0,-1,2,3,1,0,1,1,0,0,-1,-1,3
3759.79889975,1,0,-1,0,1,0,3,1,2,2,0,-1,3,1,2,-1,1,3,2,1,0,1,0,2,3,3,-1,3,2,-1,2,1,0,1,3,-1,2,-1,1,0,0,3,1,3,0,0,3,-1,-1,2
3680.78010366,-1,0,0,0,1,2,2,3,-1,1,1,2,0,3,-1,2,3,2,3,0,1,2,2,0,1,-1,-1,2,1,3,1,3,3,1,1,-1,-1,2,2,3,0,3,1,0,0,1,0,0,3,3
3569.91791214,2,3,-1,3,0,0,1,0,-1,3,3,-1,1,0,-1,1,2,0,-1,-1,3,1,2,2,3,1,-1,1,-1,0,2,0,0,-1,1,-1,1,1,-1,3,2,-1,1,-1,0,2,0,0,2,1
3050.3988125,3,3,3,-1,2,-1,2,-1,0,-1,1,1,1,-1,1,3,-1,3,1,0,2,0,3,0,-1,-1,-1,3,0,-1,2,1,3,2,1,-1,-1,0,1,3,0,0,2,0,-1,3,2,3,2,1
3610.01700269,-1,3,2,3,1,2,0,0,2,0,0,3,-1,0,1,2,1,-1,-1,-1,-1,1,-1,2,-1,3,1,0,1,3,2,3,2,3,0,2,3,-1,3,0,2,0,1,-1,2,1,2,1,0,0
3484.41249846,-1,0,-1,-1,2,0,2,2,3,2,0,3,3,1,3,0,0,2,3,2,1,3,1,1,2,3,-1,0,-1,-1,0,1,0,2,1,3,2,-1,-1,2,-1,1,1,1,3,1,3,-1,2,2
3622.40054536,1,1,3,0,3,-1,2,0,3,0,2,1,2,3,0,2,3,1,-1,1,2,-1,-1,1,3,3,0,0,3,1,3,0,1,0,3,-1,-1,-1,0,2,0,2,0,3,1,2,1,2,-1,2
3714.39257663,1,1,2,-1,0,1,0,0,1,1,1,3,1,1,2,3,3,3,3,2,0,2,3,2,-1,2,2,3,3,-1,-1,0,1,0,3,1,2,0,-1,-1,0,2,-1,-1,3,2,0,1,3,0
3464.9526457,3,3,3,2,1,2,1,2,2,2,3,1,-1,2,1,0,2,1,0,1,0,2,-1,-1,1,2,3,2,3,0,2,3,-1,0,3,3,3,0,1,0,3,2,-1,1,0,-1,0,-1,-1,0
3265.04688545,2,-1,2,0,-1,0,1,0,3,-1,3,1,1,3,-1,1,3,2,-1,1,0,2,0,1,-1,0,-1,-1,-1,2,0,0,3,0,-1,2,3,-1,1,3,2,-1,-1,2,2,0,3,3,1,1
3485.00219097,-1,2,-1,2,-1,1,2,2,0,3,2,3,-1,3,1,3,1,0,3,0,0,-1,3,0,-1,1,2,-1,1,-1,2,1,1,3,2,0,0,-1,0,1,0,0,3,1,2,1,-1,-1,2,2
3423.67417013,2,0,3,3,3,2,0,2,3,0,-1,-1,0,-1,-1,2,2,1,1,0,1,2,1,1,1,0,0,3,1,-1,2,0,2,-1,3,0,-1,3,1,0,1,2,-1,3,1,0,-1,-1,3,2
3320.47798121,-1,3,2,1,1,-1,3,2,0,2,3,1,1,0,0,3,2,-1,-1,3,1,2,-1,2,1,-1,-1,2,3,3,0,2,0,2,-1,3,2,1,2,0,1,0,3,1,2,0,-1,-1,1,0
3908.9911043,0,0,-1,1,3,0,-1,1,-1,0,1,0,2,3,3,-1,0,1,1,0,0,1,3,2,0,3,3,2,-1,2,2,1,1,-1,2,2,0,2,0,1,3,1,2,2,3,1,3,1,0,3
3378.267847,-1,2,0,2,0,3,-1,1,3,3,-1,2,1,3,1,2,1,1,2,-1,0,1,3,2,0,0,-1,2,0,2,2,3,-1,0,-1,0,-1,1,2,0,0,1,1,3,1,1,-1,-1,2,1
3566.9694496,-1,3,1,-1,1,2,3,0,1,-1,0,0,3,0,1,0,2,0,-1,3,3,-1,-1,1,-1,0,3,2,2,-1,-1,0,1,1,0,0,-1,-1,2,2,1,2,2,1,2,2,3,-1,1,0
3326.37490629,1,-1,-1,1,0,1,1,-1,3,1,2,3,2,0,-1,2,2,0,2,2,3,1,0,-1,0,-1,3,1,0,0,0,-1,3,2,-1,3,3,2,0,1,-1,3,1,3,3,-1,-1,0,1,1
3600.58192256,0,3,3,-1,1,-1,3,2,3,1,0,-1,0,2,1,-1,3,3,-1,0,3,0,1,1,0,2,-1,3,-1,1,1,0,2,1,0,0,1,3,2,2,3,0,-1,1,-1,0,2,3,2,-1
3559.8931395,-1,1,0,-1,2,2,1,0,2,-1,2,1,3,0,1,2,0,-1,3,-1,-1,0,-1,1,2,1,-1,-1,2,3,2,3,0,2,0,1,0,3,2,1,0,0,-1,-1,1,0,-1,3,3,1
3692.57395383,0,3,2,0,-1,0,1,3,3,-1,1,0,1,1,3,-1,1,1,3,2,0,1,-1,2,0,1,-1,2,0,1,2,0,2,0,3,1,2,2,-1,3,2,0,2,-1,-1,0,1,-1,2,3
3529.81882159,1,-1,-1,1,2,2,2,1,2,0,3,-1,0,1,2,0,2,0,0,0,1,-1,3,1,3,3,0,-1,-1,3,1,0,2,3,3,-1,-1,0,3,0,1,2,1,3,0,1,2,2,-1,1
3473.79803332,-1,3,1,-1,0,3,1,3,3,0,0,2,-1,3,-1,2,-1,0,1,1,3,2,3,3,-1,2,0,-1,1,1,-1,2,1,0,2,2,1,1,0,0,2,2,2,2,0,-1,-1,3,0,-1
3506.23112126,0,1,2,2,0,0,0,2,0,-1,1,2,-1,0,-1,3,2,2,1,0,1,-1,-1,0,3,-1,0,1,-1,3,0,3,2,1,3,1,1,1,3,2,2,1,2,3,-1,3,2,2,-1,3
2945.43354605,1,-1,2,2,2,0,2,2,1,0,-1,0,-1,-1,1,1,2,3,1,2,0,-1,-1,3,2,3,-1,0,2,2,-1,1,-1,3,3,-1,3,0,0,1,-1,3,3,1,-1,0,3,3,1,2
3431.92986524,1,-1,-1,1,-1,0,-1,0,-1,2,0,2,2,1,-1,3,-1,1,1,-1,0,1,3,0,0,3,0,3,1,0,-1,2,2,-1,3,0,2,1,3,3,2,0,3,-1,1,-1,2,1,1,1
3624.75931539,-1,1,3,2,-1,0,3,0,2,1,0,1,-1,2,-1,-1,1,3,3,-1,3,0,3,1,1,-1,2,0,0,-1,1,3,1,1,1,2,2,0,1,-1,0,0,1,0,-1,0,2,2,2,3
3599.99223005,3,3,0,1,3,2,0,-1,-1,1,2,1,3,0,-1,-1,1,0,3,2,2,2,3,-1,3,0,3,1,-1,0,0,-1,0,2,1,0,1,1,2,1,-1,3,0,2,1,-1,-1,2,0,1
3678.42133363,3,0,-1,0,1,-1,-1,0,-1,0,2,2,1,-1,2,2,0,3,3,3,0,1,2,-1,0,3,0,1,1,-1,2,1,1,2,3,1,0,3,0,-1,2,0,2,3,1,1,2,0,-1,3
3469.67018576,2,0,1,2,-1,1,2,1,1,0,3,0,1,2,-1,-1,-1,0,3,3,1,3,0,2,2,2,3,-1,0,2,0,1,3,-1,1,-1,1,0,-1,1,2,1,3,3,2,3,0,3,2,-1
3207.84671216,1,0,-1,0,3,-1,0,3,2,3,0,0,3,-1,1,0,1,2,0,-1,1,3,3,-1,-1,1,2,-1,3,3,1,3,2,1,-1,0,-1,-1,1,0,2,1,-1,2,1,-1,0,3,1,-1
3391.24108218,0,2,-1,3,2,2,1,1,0,1,0,0,-1,-1,0,-1,-1,1,3,0,1,-1,0,3,2,1,-1,3,1,2,-1,2,-1,-1,0,2,2,1,0,-1,1,1,3,2,-1,1,3,2,2,3
3345.83475906,0,2,2,2,2,2,0,3,-1,2,-1,-1,2,0,1,0,-1,1,3,1,2,-1,-1,1,3,3,2,-1,1,-1,2,3,0,1,1,3,-1,0,0,3,0,3,3,-1,3,1,0,2,3,0
3347.01414407,0,2,0,1,0,3,2,2,0,0,1,-1,2,2,-1,1,1,2,2,2,0,1,-1,-1,-1,0,-1,-1,3,-1,1,3,-1,-1,1,2,1,0,0,0,1,1,3,0,2,-1,3,2,-1,3
3588.7880724,1,1,0,-1,2,1,2,2,-1,3,3,-1,2,0,1,-1,1,3,2,3,1,0,3,0,-1,0,0,-1,3,2,2,1,-1,1,-1,3,-1,2,1,3,2,0,0,3,0,0,1,2,1,3
3378.85753951,0,3,-1,1,0,3,2,3,2,1,2,0,-1,3,2,2,3,1,-1,0,0,1,1,3,2,-1,0,2,0,2,1,1,3,1,-1,0,1,3,-1,-1,-1,-1,2,-1,1,2,1,3,-1,-1
3649.52640073,1,1,2,0,2,2,2,-1,0,0,2,1,3,1,-1,3,0,0,3,-1,0,1,3,2,1,-1,1,-1,3,3,-1,1,2,3,1,0,-1,-1,0,0,0,0,2,2,3,1,2,1,1,3
3549.86836686,3,2,2,1,1,0,0,-1,3,3,2,0,-1,2,-1,1,3,2,0,1,0,1,1,0,-1,-1,1,2,3,0,1,1,3,0,3,2,1,2,2,-1,3,3,2,3,-1,0,-1,1,2,-1
3439.00617534,-1,2,2,-1,0,1,-1,-1,1,0,1,3,0,1,2,0,-1,2,2,0,3,2,0,-1,-1,1,1,-1,1,-1,-1,3,3,0,2,2,3,2,3,1,0,-1,-1,0,-1,2,2,1,3,3
3297.47997339,-1,0,1,0,-1,0,3,-1,2,1,2,-1,2,-1,3,0,1,0,2,-1,1,3,1,-1,3,1,2,1,3,-1,-1,3,3,-1,0,0,-1,0,-1,0,3,3,2,2,1,1,0,1,0,0
3557.53436947,3,0,0,1,0,0,2,1,0,1,1,3,0,1,2,-1,-1,2,-1,0,1,0,3,2,3,0,-1,-1,3,-1,3,0,-1,2,2,3,-1,3,-1,0,1,3,3,1,1,1,-1,-1,2,1
3517.43527892,2,3,-1,-1,2,0,3,2,0,1,0,0,2,1,1,0,2,2,1,1,-1,2,3,0,-1,1,-1,1,-1,0,2,3,3,-1,2,1,-1,2,0,-1,0,2,0,1,1,-1,-1,3,-1,2
3242.63857014,2,1,1,-1,3,3,-1,2,2,-1,-1,-1,3,0,1,0,0,1,1,3,2,-1,1,3,1,3,-1,0,2,0,2,2,3,-1,1,0,-1,3,-1,1,2,-1,0,2,1,0,3,1,1,2
3500.92388869,0,2,2,2,-1,0,-1,1,-1,2,-1,3,2,0,1,0,0,3,2,1,3,0,1,-1,3,1,-1,2,-1,3,0,0,-1,0,0,-1,-1,3,2,3,0,0,2,1,1,2,-1,1,1,3
3618.2726978,0,2,3,2,-1,0,2,1,3,-1,-1,1,0,2,2,-1,2,3,2,-1,3,0,0,3,1,2,-1,2,-1,1,0,1,1,0,1,-1,2,0,1,1,3,-1,0,1,-1,2,0,0,0,1
3895.42817662,2,1,2,0,0,1,1,2,-1,2,1,0,0,1,3,-1,0,0,-1,2,2,2,3,3,2,3,0,2,1,3,3,1,2,0,1,-1,1,0,3,1,0,2,0,-1,2,3,3,-1,1,-1
3724.41734926,1,0,1,0,1,1,2,3,1,2,1,3,2,0,2,3,2,-1,1,-1,2,3,-1,-1,3,1,3,-1,0,0,0,3,3,3,0,1,0,-1,0,3,1,-1,2,2,2,3,2,2,-1,0
3171.87546917,2,-1,3,1,-1,-1,3,2,1,0,2,-1,1,-1,-1,-1,0,0,-1,3,-1,-1,0,3,0,2,-1,0,0,2,0,2,-1,3,1,0,2,-1,1,-1,1,0,3,1,0,2,1,1,2,2
3477.33618837,0,2,3,0,2,3,2,1,-1,2,2,-1,-1,1,0,3,0,2,2,-1,-1,3,-1,-1,2,3,3,2,-1,-1,3,1,3,0,0,0,0,0,1,1,2,-1,1,-1,1,1,0,1,2,0
3295.12120336,3,-1,0,3,-1,3,1,-1,2,-1,0,-1,1,2,-1,0,1,2,2,2,3,2,2,1,1,-1,1,3,0,0,1,3,2,1,0,3,2,3,0,-1,-1,3,0,3,2,0,1,-1,3,-1
3273.30258056,-1,3,-1,1,-1,3,2,2,-1,-1,1,1,0,1,-1,2,1,3,0,3,0,-1,1,-1,0,-1,0,0,0,3,-1,0,3,1,-1,2,3,0,2,0,3,2,0,3,1,1,2,-1,3,2
3381.21630954,3,3,3,2,3,2,1,0,1,0,-1,3,1,1,1,-1,-1,1,2,-1,3,1,-1,1,0,1,0,2,-1,0,1,3,3,2,-1,-1,0,-1,2,1,0,2,0,2,2,-1,2,-1,3,3
3155.36407894,-1,1,0,2,3,-1,3,-1,-1,1,-1,-1,0,-1,1,2,-1,1,2,3,-1,2,-1,0,-1,2,2,1,0,0,0,1,-1,2,3,2,3,1,2,3,3,2,2,0,-1,1,0,1,1,0
3384.75446459,1,-1,0,0,0,2,1,3,-1,0,-1,3,2,2,0,2,3,3,1,3,3,-1,2,3,0,1,0,2,-1,2,2,1,3,-1,-1,-1,2,2,2,0,0,-1,1,-1,3,1,0,0,1,3
3167.74762161,3,2,0,3,-1,3,3,1,0,1,2,0,-1,-1,2,-1,1,0,0,3,0,1,-1,1,-1,1,-1,3,1,0,1,2,-1,3,2,-1,0,2,1,-1,1,0,-1,-1,2,1,2,-1,-1,3
3546.91990432,-1,2,1,2,0,2,-1,2,0,1,0,-1,-1,1,3,0,3,3,1,-1,1,3,2,3,-1,1,2,1,2,3,-1,-1,-1,0,1,3,3,2,0,2,0,1,3,0,1,2,2,1,0,0
3541.02297924,-1,1,2,3,-1,1,2,1,-1,1,3,1,0,2,0,1,1,0,-1,2,-1,1,3,1,2,0,0,3,1,0,-1,-1,2,3,3,3,2,2,0,-1,0,3,-1,1,3,2,3,-1,-1,2
3479.6949584,0,-1,1,2,3,-1,3,2,1,2,2,1,-1,-1,2,1,-1,-1,2,-1,-1,3,2,0,0,2,0,2,3,0,0,0,1,-1,1,0,1,3,0,3,2,3,1,1,2,1,3,3,0,0
3256.79119033,-1,2,0,1,-1,-1,-1,0,2,0,3,-1,1,0,3,-1,2,0,-1,3,1,0,1,-1,2,0,-1,1,-1,1,2,1,3,-1,-1,1,1,1,2,0,2,0,2,0,-1,2,-1,3,1,2
3219.05086981,1,3,2,-1,0,1,1,2,0,2,2,-1,3,3,-1,2,1,-1,-1,-1,-1,-1,0,-1,1,3,3,2,0,3,-1,3,0,2,2,3,1,2,3,-1,-1,-1,0,0,0,1,3,0,1,0
3350.55229912,0,3,-1,-1,2,3,3,-1,0,2,-1,0,2,3,0,-1,2,0,3,-1,-1,1,-1,1,3,-1,2,0,1,2,3,2,0,0,3,1,1,3,1,0,-1,-1,1,2,0,2,1,-1,1,0
3427.21232518,3,0,0,1,-1,0,2,1,2,2,3,0,-1,3,-1,2,0,3,3,-1,1,0,1,1,3,-1,1,-1,1,0,3,3,0,-1,2,3,1,-1,3,-1,0,2,2,-1,0,2,-1,2,3,0
3505.64142876,0,2,0,-1,2,-1,1,0,2,-1,3,0,-1,1,-1,0,2,0,-1,0,2,3,2,1,-1,1,2,1,3,1,2,3,3,3,0,3,3,3,1,0,0,-1,-1,2,1,2,3,1,3,0
3203.7188646,0,1,-1,-1,2,-1,2,3,0,0,1,0,0,3,2,-1,-1,1,3,3,-1,-1,3,2,3,-1,2,3,2,0,0,3,2,2,-1,0,1,0,-1,3,1,1,2,-1,-1,-1,1,1,1,0
3496.20634863,1,2,2,0,2,1,2,3,-1,3,0,-1,2,0,1,-1,-1,0,1,-1,1,3,1,-1,2,2,1,2,2,-1,2,0,0,1,-1,3,1,-1,0,2,1,3,3,3,0,3,3,-1,-1,0
3616.50362028,1,1,0,0,-1,0,0,1,-1,1,3,2,2,0,-1,3,0,3,2,2,1,1,2,1,1,1,0,2,3,2,2,-1,3,-1,3,-1,1,1,0,0,3,3,2,3,-1,1,3,-1,0,2
3617.6830053,-1,3,0,1,1,3,0,0,1,0,-1,1,1,-1,3,0,0,2,2,1,3,1,2,-1,1,1,-1,-1,0,-1,2,2,2,2,0,3,2,0,2,3,0,2,3,2,3,1,1,3,0,-1
3485.00219097,-1,0,0,-1,0,3,3,0,0,2,0,2,1,-1,1,-1,3,2,2,0,1,0,1,-1,2,2,1,2,3,-1,1,0,0,2,1,2,3,3,-1,0,3,1,-1,1,-1,-1,-1,2,0,-1
3579.35299227,3,1,2,-1,0,-1,2,-1,1,-1,1,2,1,2,-1,-1,1,1,2,3,0,3,3,3,1,1,3,3,0,2,1,2,0,0,3,0,1,3,-1,1,0,1,0,0,3,-1,2,0,3,-1
3473.20834081,1,2,0,1,-1,1,3,0,1,3,1,2,0,-1,1,-1,3,-1,-1,2,0,1,2,0,1,2,-1,3,2,-1,0,0,3,-1,3,-1,0,3,2,2,0,2,1,1,2,3,3,1,1,0
3306.91505352,2,-1,-1,1,2,0,3,1,0,2,2,3,2,-1,-1,-1,2,1,1,-1,-1,3,3,2,-1,-1,0,2,2,1,2,0,3,1,0,-1,0,1,0,1,1,3,-1,0,0,2,-1,1,0,-1
3437.82679032,3,0,1,3,0,1,-1,-1,1,0,2,-1,0,1,0,0,-1,-1,1,-1,0,0,2,-1,-1,2,3,0,2,1,1,2,1,3,-1,2,3,0,-1,1,3,2,2,3,2,2,-1,3,0,1
3450.21033299,2,0,2,3,-1,1,-1,1,3,0,-1,2,3,1,-1,2,2,1,2,-1,1,0,0,-1,0,-1,-1,0,0,1,3,-1,3,0,1,1,2,-1,1,2,0,-1,2,0,3,1,2,0,-1,3
3216.69209978,2,-1,-1,0,-1,1,1,0,2,-1,-1,-1,3,2,-1,1,0,1,1,0,-1,2,-1,1,-1,-1,0,3,2,2,2,2,2,-1,-1,-1,0,-1,3,1,0,3,3,0,1,2,1,1,0,1
3151.23623138,-1,1,0,1,3,1,3,3,0,2,1,1,2,-1,2,-1,-1,0,-1,-1,-1,-1,0,-1,2,-1,0,0,0,1,1,1,3,-1,2,0,2,2,2,1,3,-1,-1,-1,2,2,1,0,2,3
3385.3441571,0,1,1,1,3,2,-1,0,-1,1,3,-1,-1,2,2,2,2,3,1,3,-1,1,-1,2,-1,2,1,0,0,2,3,-1,-1,-1,0,3,-1,0,3,0,0,2,1,2,1,0,1,0,0,-1
3414.82878251,0,3,0,-1,3,2,0,-1,1,2,2,3,2,0,2,-1,0,0,-1,1,0,3,2,-1,3,2,-1,0,3,0,2,-1,3,1,-1,1,-1,2,0,3,1,3,3,0,2,2,3,1,1,1
3480.28465091,1,0,2,3,0,2,1,1,3,3,3,0,-1,1,1,2,0,2,0,-1,1,3,-1,-1,1,2,2,0,1,0,-1,3,0,-1,2,2,3,-1,-1,-1,0,0,-1,3,-1,-1,2,0,1,2
3455.51756557,2,-1,2,1,2,3,3,1,0,-1,-1,0,0,0,1,2,1,1,0,2,-1,3,-1,0,0,-1,3,3,3,0,-1,1,1,3,2,-1,2,3,1,1,1,3,-1,1,0,2,-1,0,1,2
3527.46005156,2,1,-1,0,0,3,-1,2,2,-1,0,-1,0,3,0,0,3,3,1,2,1,2,-1,-1,0,1,-1,1,3,1,3,0,0,1,3,0,2,1,2,3,3,-1,3,2,2,-1,0,2,1,-1
3374.72969195,2,1,1,-1,1,1,3,0,3,1,-1,3,0,2,2,3,2,2,-1,0,1,1,3,0,3,-1,1,-1,-1,2,-1,-1,0,2,3,-1,3,0,0,0,3,0,3,0,1,1,-1,-1,1,2
3768.64428737,2,0,2,0,-1,2,1,1,1,1,2,3,0,0,0,0,2,3,3,1,-1,1,0,0,2,3,0,2,-1,1,-1,3,2,3,3,2,2,1,0,1,3,2,1,-1,3,1,-1,3,0,3
3576.40452973,1,-1,1,-1,0,1,3,0,2,0,0,2,1,3,3,-1,-1,1,1,3,0,1,2,1,3,-1,2,1,0,2,3,0,-1,-1,1,3,0,0,2,1,-1,-1,3,2,0,3,2,0,2,1
3697.29149389,3,0,-1,-1,-1,2,-1,1,-1,1,3,1,2,0,3,1,2,0,-1,3,2,0,0,2,3,0,1,2,-1,1,-1,1,-1,0,0,-1,0,1,0,2,1,-1,-1,2,3,0,2,1,2,1
3737.98027695,-1,0,3,3,-1,1,1,0,0,3,3,1,3,1,2,3,-1,1,2,1,0,0,2,2,0,-1,1,-1,3,1,1,0,0,0,-1,2,0,-1,-1,3,2,3,2,2,1,-1,2,0,1,0
3413.05970498,1,1,1,3,-1,0,-1,0,-1,3,3,0,0,2,3,2,-1,0,0,3,2,2,1,1,-1,2,2,-1,-1,1,-1,2,-1,2,1,2,1,-1,3,0,-1,0,-1,2,2,1,0,1,0,-1
3099.34329067,-1,0,2,0,3,2,1,0,3,1,1,1,2,1,3,1,2,2,-1,-1,-1,1,-1,3,-1,-1,0,-1,-1,-1,3,1,3,3,3,0,-1,1,3,2,2,0,-1,2,-1,0,2,-1,1,3
3375.90907697,1,0,2,0,-1,3,3,0,2,0,3,-1,2,1,3,3,-1,2,-1,1,2,2,0,-1,1,3,-1,2,3,-1,1,0,1,1,-1,2,1,2,0,1,2,3,-1,1,0,1,0,2,-1,-1
3677.24194861,1,3,1,3,3,1,2,1,3,1,3,0,1,-1,3,-1,2,0,2,2,0,2,0,2,0,0,-1,3,-1,1,2,2,1,3,2,3,0,-1,1,1,0,3,-1,-1,1,-1,0,1,0,0
3619.45208282,-1,3,1,0,3,3,3,1,-1,1,0,1,0,-1,-1,0,-1,-1,1,1,-1,0,2,3,1,3,3,1,1,3,2,0,0,2,0,1,2,0,2,-1,2,0,3,2,-1,0,2,2,2,3
3584.66022484,2,3,2,-1,1,1,3,2,3,3,1,0,2,-1,0,-1,1,1,2,3,-1,-1,2,1,-1,0,0,-1,2,0,2,2,2,0,0,-1,-1,2,3,-1,0,-1,3,0,1,0,1,1,-1,1
3405.39370238,-1,1,2,2,-1,1,3,3,0,0,1,-1,3,3,3,-1,2,2,2,1,3,0,0,-1,1,0,0,3,2,1,1,2,2,-1,-1,-1,0,1,-1,2,1,-1,3,0,-1,3,1,1,2,-1
3362.93584179,1,-1,3,0,-1,2,0,0,0,-1,-1,3,1,1,2,1,0,1,3,0,1,1,2,3,2,2,-1,2,3,1,2,1,3,-1,0,2,2,2,2,1,3,3,-1,0,3,1,-1,-1,1,-1
3327.55429131,-1,2,2,2,-1,-1,1,1,1,1,0,-1,3,-1,2,0,2,3,0,3,2,2,3,-1,3,-1,-1,2,0,2,3,1,0,-1,0,-1,2,2,0,1,1,3,1,3,0,0,1,1,-1,1
3384.75446459,0,1,0,2,-1,1,0,3,2,3,-1,-1,-1,3,2,3,3,1,2,1,3,0,0,-1,2,1,1,-1,2,-1,-1,2,1,0,0,3,2,-1,1,2,-1,-1,2,0,-1,-1,0,0,0,1
3193.10439946,1,3,-1,1,-1,0,0,-1,1,-1,3,2,1,-1,3,3,-1,0,0,3,3,-1,0,0,-1,2,3,2,-1,2,1,-1,0,1,2,1,3,-1,0,1,-1,0,0,1,2,1,-1,1,3,2
3358.21830173,3,3,2,1,-1,1,3,0,-1,1,1,1,2,1,-1,0,2,0,2,2,0,1,-1,3,-1,2,1,3,0,-1,1,0,-1,2,0,-1,-1,-1,1,-1,3,2,-1,3,2,1,2,0,2,3
3468.49080074,2,3,1,-1,-1,3,0,2,2,3,-1,-1,0,-1,3,0,0,0,1,-1,0,0,1,3,1,0,2,2,1,1,1,0,3,2,1,0,3,-1,3,1,2,0,2,1,2,2,-1,1,2,-1
3292.76243333,0,-1,0,-1,-1,0,2,3,2,-1,1,0,3,-1,2,-1,2,-1,0,0,-1,2,-1,-1,-1,2,2,1,0,0,1,0,3,1,1,0,3,-1,1,-1,1,2,-1,2,1,1,2,-1,1,-1
3453.15879553,0,1,2,-1,3,2,3,1,1,-1,0,2,2,0,1,-1,-1,1,1,-1,3,-1,3,0,3,0,2,-1,0,-1,-1,2,1,0,2,0,3,2,2,2,0,3,1,3,-1,-1,0,1,-1,1
3441.36494537,-1,1,2,-1,2,2,-1,1,-1,2,0,-1,-1,2,0,3,3,1,2,1,0,0,3,2,-1,-1,1,3,3,1,2,1,0,2,1,1,-1,2,0,2,-1,3,1,0,0,3,-1,-1,0,1
3416.59786003,3,1,0,2,3,2,0,3,-1,3,1,1,0,0,2,-1,-1,2,2,1,1,1,-1,1,3,0,1,2,0,-1,3,2,-1,-1,-1,2,-1,3,2,1,-1,2,0,0,0,-1,3,0,1,2
3211.38486721,3,-1,1,-1,2,-1,3,3,-1,2,0,2,3,3,0,0,3,2,1,-1,1,0,0,2,-1,-1,3,0,-1,2,0,3,0,0,1,-1,-1,1,1,3,1,1,-1,2,3,3,2,2,2,2
3420.13601508,2,1,0,2,2,2,3,1,3,-1,1,-1,2,3,0,1,1,3,0,1,0,0,1,1,2,-1,1,2,0,1,2,0,-1,3,2,-1,3,3,2,3,-1,2,3,0,-1,-1,0,-1,0,-1
3444.31340791,0,-1,-1,0,3,2,2,-1,0,3,2,1,-1,-1,3,0,1,2,3,1,2,2,0,1,1,0,-1,-1,1,-1,1,0,3,-1,2,3,0,1,2,3,0,0,3,3,-1,1,1,2,2,0
3773.95151994,-1,-1,-1,1,1,2,2,2,3,3,0,2,1,1,2,0,3,3,-1,2,0,2,0,1,2,1,0,0,3,1,2,-1,-1,0,2,3,0,3,0,3,0,-1,3,3,1,2,1,1,1,-1
3408.34216492,-1,3,-1,2,1,1,3,0,3,0,-1,2,-1,2,0,3,3,2,0,-1,1,1,3,1,1,3,2,3,0,-1,2,0,2,1,1,2,3,0,-1,0,3,-1,-1,0,0,2,1,-1,1,-1
3576.99422224,0,-1,2,1,-1,-1,3,3,-1,-1,-1,3,2,1,1,3,0,3,0,0,1,1,-1,1,2,1,2,-1,3,0,0,2,2,0,0,1,2,-1,1,1,2,2,2,3,3,2,0,3,2,0
3191.92501444,3,2,3,2,3,3,-1,0,3,0,0,3,2,-1,2,2,-1,2,0,-1,-1,2,0,3,2,3,0,0,1,3,1,1,-1,3,1,-1,-1,2,-1,-1,3,2,0,1,0,1,-1,-1,2,0
3470.84957078,1,-1,0,1,2,1,-1,1,-1,1,3,-1,0,-1,3,0,1,3,2,0,-1,0,0,3,2,-1,1,0,-1,1,2,1,-1,3,2,2,-1,-1,0,1,1,3,0,0,0,2,2,1,2,3
3081.06282292,3,-1,0,1,3,-1,3,2,1,1,2,-1,1,3,-1,2,-1,2,0,-1,2,1,0,0,0,3,0,-1,3,-1,2,-1,2,2,1,3,2,0,-1,0,2,1,3,1,2,-1,1,-1,0,-1
3533.94666914,-1,2,-1,3,3,0,3,2,0,2,-1,-1,1,0,0,0,0,2,3,-1,1,1,0,-1,3,1,0,1,2,1,2,2,1,-1,3,3,1,-1,-1,1,-1,1,3,2,2,0,-1,0,2,1
3565.79006458,1,-1,1,0,2,0,1,1,3,0,3,-1,2,-1,0,-1,0,0,2,3,0,-1,0,2,-1,0,-1,1,2,2,-1,-1,3,1,2,3,1,3,-1,3,1,2,1,0,1,2,3,1,1,0
3708.49565154,0,0,0,-1,0,1,0,0,-1,-1,2,-1,1,-1,2,1,2,1,3,1,3,1,2,0,3,0,1,2,-1,0,1,3,3,2,-1,0,1,2,1,-1,0,-1,3,2,1,2,3,3,1,2
3069.26897275,1,-1,1,3,-1,-1,1,0,2,-1,2,1,-1,-1,2,2,0,3,2,3,0,2,-1,3,0,1,-1,0,2,-1,3,3,0,-1,3,-1,3,0,1,0,0,1,3,0,-1,2,1,2,1,2
3371.78122941,-1,0,0,2,3,3,2,1,3,3,0,-1,-1,2,-1,3,2,2,1,3,-1,1,-1,2,3,0,1,-1,-1,0,1,3,2,0,2,1,0,-1,0,0,-1,1,1,-1,2,-1,0,-1,3,1
3541.61267175,3,2,0,1,3,-1,0,2,2,2,-1,3,1,3,0,2,2,2,-1,-1,0,2,-1,1,1,0,0,0,3,-1,3,1,1,3,2,1,1,3,0,-1,1,2,1,1,1,3,-1,0,0,2
3510.35896882,1,2,1,1,3,-1,-1,1,1,0,2,3,2,2,-1,0,2,1,-1,2,0,0,-1,1,3,1,0,3,1,3,2,-1,1,2,3,-1,1,2,2,-1,0,3,0,0,3,0,-1,1,3,-1
3378.267847,3,2,-1,3,3,2,1,-1,0,3,-1,0,1,-1,1,-1,1,0,3,2,0,3,-1,3,0,3,0,0,-1,0,1,0,1,2,3,2,-1,2,1,0,3,-1,1,3,1,0,2,2,-1,1
3147.69807633,0,3,2,-1,1,0,2,3,1,3,-1,2,-1,-1,1,0,2,0,2,1,3,1,3,2,2,-1,-1,0,3,-1,0,0,0,1,-1,1,-1,-1,3,2,0,3,0,-1,-1,1,3,2,2,2
3645.98824569,1,-1,3,0,3,3,2,0,3,0,-1,1,1,2,1,2,3,0,0,0,1,2,3,1,1,0,2,2,0,3,2,-1,2,3,1,0,2,2,-1,-1,-1,0,2,1,1,3,-1,0,1,-1
3388.29261964,0,-1,1,3,-1,0,3,3,0,0,-1,1,0,2,1,0,2,-1,3,1,1,0,3,2,1,-1,-1,2,1,0,3,3,-1,1,0,2,-1,2,-1,1,2,-1,3,0,2,2,0,2,3,3
3355.8595317,1,2,1,1,0,-1,3,0,1,2,3,3,1,0,-1,0,-1,2,0,-1,-1,-1,2,2,2,0,-1,0,3,1,2,-1,2,-1,1,-1,2,3,0,0,1,2,1,1,-1,-1,0,2,3,1
3555.76529194,3,1,2,1,3,0,2,1,0,0,2,2,3,-1,3,2,1,3,3,1,-1,1,3,2,0,-1,3,1,-1,0,-1,2,2,-1,0,0,3,1,-1,3,-1,0,1,0,3,0,2,2,1,1
3530.9982066,-1,2,0,0,0,2,2,0,-1,2,-1,3,1,0,2,3,-1,0,1,1,0,1,-1,2,1,1,3,3,1,1,1,1,3,-1,0,-1,3,2,1,0,2,0,2,-1,3,-1,3,3,3,2
3599.40253754,1,0,2,3,-1,1,2,-1,3,2,2,0,-1,1,3,1,1,0,0,3,2,-1,3,1,0,2,2,3,1,2,2,0,0,-1,0,-1,2,0,-1,1,1,3,0,0,3,-1,-1,1,0,2
3771.59274991,0,-1,0,0,2,2,1,2,1,1,3,0,0,1,1,3,0,2,3,2,2,0,-1,1,2,0,-1,1,3,1,0,-1,0,0,2,0,3,-1,-1,3,1,3,1,3,-1,3,2,-1,3,2
3677.83164112,0,0,3,1,0,-1,0,3,1,-1,0,3,2,2,2,1,2,0,0,1,3,2,1,3,1,0,-1,3,-1,2,1,0,3,2,-1,-1,2,-1,2,3,2,3,1,-1,1,3,1,0,0,0
3597.63346002,0,3,0,3,3,1,3,2,2,2,1,-1,0,1,2,3,3,2,1,0,-1,0,-1,0,3,0,2,1,-1,-1,-1,1,-1,3,2,2,1,-1,1,-1,2,3,3,1,2,0,3,1,1,0
3656.60271083,0,-1,0,2,0,2,1,0,-1,0,1,0,-1,0,-1,0,3,2,3,3,1,1,3,2,0,1,3,0,2,1,2,3,-1,3,1,2,1,1,1,2,3,2,2,-1,3,3,2,0,3,-1
3342.29660401,2,1,0,0,-1,0,2,3,0,-1,1,-1,3,1,0,3,2,2,-1,2,1,1,2,1,0,-1,2,-1,3,2,3,1,0,1,-1,-1,-1,0,1,3,0,3,2,-1,2,3,1,0,2,-1
3497.97542615,-1,1,1,3,2,2,2,-1,3,1,3,0,-1,1,-1,0,1,0,0,-1,0,2,3,1,0,2,-1,-1,1,2,3,1,3,1,-1,2,1,0,3,2,2,1,0,-1,3,0,2,0,0,3
3335.22029391,3,2,-1,-1,1,2,1,1,0,2,1,-1,2,0,0,-1,-1,0,-1,0,2,2,-1,-1,-1,-1,0,-1,-1,3,2,0,-1,1,3,2,2,3,-1,1,2,2,0,1,3,2,1,-1,0,1
3336.98937144,3,-1,0,0,-1,3,-1,0,1,1,0,-1,1,2,2,1,-1,-1,2,1,-1,0,0,0,2,0,3,3,3,3,-1,2,-1,2,0,-1,3,2,0,2,2,2,1,-1,0,1,3,-1,-1,1
3417.18755254,0,2,-1,2,-1,-1,3,2,1,-1,-1,0,1,0,0,1,-1,-1,3,-1,1,0,3,3,2,3,0,3,3,1,2,0,2,-1,3,2,1,0,2,1,1,-1,2,1,1,2,2,2,3,0
3579.94268478,3,0,1,1,-1,-1,1,0,-1,0,3,0,1,0,-1,-1,2,1,1,0,-1,2,1,0,1,-1,2,3,0,2,-1,0,2,-1,3,1,3,0,1,2,2,3,2,-1,1,2,2,3,0,2
3380.62661704,1,-1,2,0,1,2,0,3,1,-1,-1,-1,2,2,3,3,0,1,1,-1,3,2,-1,1,0,0,2,3,3,1,1,1,2,3,2,2,0,3,3,0,0,-1,-1,-1,0,2,3,2,0,-1
3419.54632257,-1,3,1,1,3,2,1,-1,0,-1,3,0,1,0,1,2,-1,0,2,2,3,-1,-1,0,1,3,-1,-1,2,3,2,1,2,-1,3,0,3,3,2,0,3,1,0,2,1,0,1,2,0,2
3214.92302226,-1,2,3,3,0,-1,-1,-1,3,2,-1,2,2,0,0,1,-1,-1,3,0,-1,3,3,1,2,1,-1,-1,2,-1,-1,1,-1,2,1,1,2,0,0,2,1,2,1,-1,1,0,3,2,0,0
3425.44324765,1,2,-1,1,0,0,2,-1,1,3,3,-1,1,-1,1,3,-1,0,0,2,0,-1,1,0,1,-1,2,-1,0,1,2,-1,0,1,2,2,1,2,-1,2,3,3,3,2,0,1,-1,0,-1,0
3507.41050628,0,1,-1,2,3,1,1,1,0,1,3,0,3,0,3,2,1,1,1,-1,2,2,-1,2,3,1,3,3,0,-1,0,0,3,2,-1,2,-1,-1,3,3,0,0,2,0,1,-1,1,-1,-1,1
3763.92674731,1,0,3,3,0,0,-1,2,3,2,-1,2,-1,2,3,0,0,2,0,3,2,1,0,3,1,2,3,1,-1,1,0,2,2,1,-1,2,1,3,0,3,1,0,1,0,3,1,-1,1,1,2
3295.12120336,2,2,1,0,2,-1,3,0,2,0,-1,1,0,-1,3,2,0,1,1,3,-1,-1,3,2,-1,1,2,3,-1,1,2,1,3,-1,0,-1,-1,1,1,1,1,0,0,-1,2,0,-1,0,2,0
3576.40452973,1,2,0,0,0,0,2,1,1,3,1,-1,1,0,3,-1,0,-1,2,3,2,0,0,-1,1,-1,2,2,-1,0,0,0,2,-1,1,3,-1,0,1,-1,-1,3,2,2,3,-1,1,2,1,1
3025.04203465,3,-1,-1,3,2,-1,-1,0,-1,1,-1,2,0,1,-1,-1,3,2,0,0,1,2,-1,1,3,0,2,-1,2,2,3,1,-1,1,2,-1,2,0,3,0,-1,3,-1,-1,1,1,-1,1,1,0
3356.4492242,1,1,1,0,2,1,1,2,0,1,1,0,3,3,3,-1,0,0,2,-1,3,2,2,-1,0,0,-1,2,3,3,1,1,-1,2,2,2,1,1,-1,-1,-1,0,1,3,-1,-1,-1,2,0,3
3427.21232518,3,1,-1,3,2,0,2,1,0,0,1,3,2,2,1,3,0,2,-1,0,1,-1,-1,-1,0,0,2,-1,1,-1,1,2,3,-1,2,0,1,2,3,0,2,3,1,-1,2,1,-1,3,3,-1
3379.44723202,3,2,3,2,1,-1,3,0,3,1,2,-1,3,2,0,0,1,-1,2,-1,0,2,0,3,2,3,0,1,-1,0,0,3,2,-1,3,1,-1,1,0,1,1,-1,3,2,1,0,3,-1,-1,1
3557.53436947,1,0,2,0,-1,0,1,-1,-1,1,1,2,0,-1,2,2,1,2,3,3,0,-1,2,1,-1,2,0,2,-1,1,1,2,-1,0,3,3,-1,-1,-1,0,0,1,1,0,3,0,1,0,2,3
3484.41249846,3,1,3,3,2,1,1,0,3,3,1,0,2,-1,-1,-1,1,2,2,0,0,0,1,1,3,1,3,0,0,2,-1,3,2,3,2,-1,0,1,0,-1,2,-1,3,2,-1,-1,-1,2,1,3
3088.13913301,0,1,-1,0,2,3,2,0,1,-1,0,-1,1,-1,1,0,1,3,-1,-1,-1,1,2,3,1,0,2,3,3,-1,-1,-1,1,2,-1,2,1,3,1,2,-1,0,-1,-1,2,1,0,2,-1,-1
3317.52951867,0,0,1,3,2,0,3,-1,3,0,0,-1,-1,-1,-1,-1,1,2,1,2,1,3,3,2,-1,0,1,0,2,2,1,0,2,3,-1,3,1,-1,-1,1,2,-1,3,1,-1,1,2,-1,0,3
3833.51046326,-1,1,3,3,0,1,1,0,0,0,1,2,0,2,0,1,2,3,-1,-1,-1,2,1,0,2,2,0,1,-1,1,1,1,2,0,2,3,1,3,3,0,2,3,0,-1,2,3,3,-1,2,3
3230.25502747,3,3,3,2,-1,-1,0,0,0,0,3,2,-1,2,-1,-1,0,3,1,-1,0,2,0,0,0,-1,1,3,2,1,1,2,3,-1,3,3,1,-1,0,1,2,1,3,1,2,2,-1,2,0,-1
3207.25701965,3,2,1,1,1,2,3,2,2,1,-1,0,-1,-1,-1,1,0,0,-1,3,0,-1,3,3,2,0,0,3,0,1,2,2,3,-1,2,0,-1,1,0,1,2,-1,0,-1,-1,1,-1,2,3,1
3330.50275385,2,0,2,2,1,3,-1,-1,1,0,1,-1,-1,2,2,2,0,1,2,2,-1,-1,-1,3,-1,-1,0,0,-1,3,1,2,1,1,0,1,3,0,3,0,2,-1,3,1,3,1,-1,0,0,2
3470.25987827,1,-1,3,2,-1,-1,1,0,0,3,0,1,1,0,3,0,2,0,-1,-1,2,0,-1,0,1,2,-1,-1,2,0,2,2,0,2,2,0,1,-1,-1,2,3,1,3,1,-1,-1,1,3,3,2
3125.28976102,3,1,2,3,-1,2,1,2,-1,1,-1,3,-1,2,0,3,0,-1,-1,-1,3,1,0,-1,2,1,0,-1,-1,1,-1,-1,-1,3,1,1,1,1,1,0,3,2,3,0,-1,0,3,0,2,-1
3315.76044114,-1,2,1,2,1,-1,0,1,-1,1,-1,0,-1,2,0,1,2,2,2,3,1,-1,-1,-1,1,-1,-1,0,-1,1,2,0,0,0,2,2,1,1,-1,2,0,2,3,-1,0,-1,3,0,1,0
3682.54918119,0,0,-1,2,-1,2,3,1,0,0,3,2,0,-1,0,1,3,3,1,2,-1,2,1,2,3,0,1,1,1,0,1,1,-1,0,2,3,-1,-1,3,2,2,3,1,3,1,2,0,0,2,-1
3509.76927631,1,1,-1,2,1,2,0,2,3,0,0,0,-1,-1,1,2,3,0,1,1,3,2,-1,2,1,2,2,2,-1,-1,1,3,3,-1,0,3,3,3,1,0,2,2,3,1,-1,-1,0,0,2,1
3336.98937144,3,0,2,3,0,0,2,1,2,-1,-1,0,1,1,3,-1,-1,-1,-1,-1,3,2,-1,0,2,2,3,1,0,1,2,0,3,1,1,3,2,0,2,-1,-1,1,0,-1,2,3,-1,3,0,0
3467.31141573,-1,0,2,3,2,2,1,2,-1,1,2,0,0,2,3,1,-1,0,3,2,0,-1,3,-1,2,2,0,1,-1,2,3,0,-1,1,-1,0,1,1,3,1,1,-1,1,0,-1,0,-1,3,0,-1
3259.14996037,2,0,-1,0,-1,3,0,-1,3,3,0,1,3,-1,-1,0,0,1,-1,2,-1,-1,-1,1,0,1,2,0,2,2,-1,1,-1,1,3,0,1,2,0,1,1,3,2,-1,3,2,3,1,-1,1
3531.58789911,0,2,-1,-1,3,0,1,2,3,1,0,-1,2,2,1,0,2,-1,1,-1,-1,0,2,2,2,1,2,3,0,1,1,-1,2,-1,1,3,0,3,0,1,-1,-1,2,3,0,3,-1,0,1,2
3417.18755254,0,0,1,0,2,1,-1,1,1,2,2,2,1,-1,3,2,-1,2,0,0,1,-1,1,-1,-1,2,3,2,0,2,0,2,-1,2,-1,1,1,0,-1,-1,0,-1,-1,1,3,0,1,3,0,-1
3705.547189,2,2,-1,3,2,0,2,1,2,0,1,3,1,3,0,-1,0,3,3,-1,3,1,0,2,0,0,-1,1,0,3,1,3,1,-1,-1,1,0,2,1,2,3,1,0,0,-1,-1,1,2,2,2
3371.19153691,0,2,-1,1,3,-1,3,3,0,-1,0,1,3,3,-1,1,1,3,2,-1,-1,1,3,-1,2,3,0,2,2,2,0,1,-1,3,2,0,2,0,0,0,2,-1,3,2,1,0,1,-1,2,1
3480.28465091,-1,2,3,0,0,3,1,1,2,-1,3,1,2,3,1,-1,0,2,2,3,-1,3,3,-1,-1,1,1,1,2,0,0,3,2,1,-1,2,0,1,3,0,2,0,-1,0,2,2,-1,1,3,3
3643.03978314,1,3,1,1,1,0,3,0,-1,2,3,2,2,0,2,2,1,2,1,3,0,0,3,2,-1,-1,1,3,-1,0,2,0,3,2,2,-1,0,1,0,1,3,2,-1,0,0,-1,-1,1,1,-1
3591.14684243,3,1,-1,-1,0,2,-1,1,2,1,-1,2,0,2,0,-1,1,3,1,1,0,3,3,0,1,0,1,-1,2,2,2,2,2,2,-1,1,0,-1,3,1,1,3,-1,0,3,-1,0,1,2,-1
3243.81795515,2,2,0,2,3,1,-1,0,0,0,-1,-1,-1,3,1,0,-1,2,0,-1,1,2,0,3,3,1,2,-1,1,0,1,1,2,-1,-1,1,3,0,2,3,3,0,1,2,3,-1,2,0,-1,3
3280.96858317,0,3,1,2,3,-1,1,3,-1,1,2,0,-1,1,1,2,2,-1,-1,0,-1,2,-1,3,2,3,-1,0,3,0,-1,1,1,-1,3,1,-1,0,0,2,3,2,-1,0,3,1,0,2,1,2
3292.17274082,0,2,0,3,-1,2,0,1,2,3,-1,2,1,0,3,1,3,2,-1,1,1,-1,-1,0,0,1,3,1,2,0,-1,1,-1,-1,1,-1,3,2,0,3,3,3,0,2,0,-1,1,1,3,-1
3421.9050926,2,-1,-1,0,1,1,3,2,3,1,-1,-1,0,0,2,-1,2,0,-1,0,1,2,0,3,2,-1,0,2,3,1,-1,-1,0,2,-1,-1,3,3,-1,1,2,-1,3,2,1,0,0,2,0,3
3391.83077469,-1,1,2,2,-1,-1,1,3,1,-1,3,1,1,0,0,-1,1,3,-1,3,2,3,1,3,1,2,0,2,-1,3,2,-1,1,0,0,1,1,-1,-1,0,2,2,0,3,-1,2,3,-1,0,2
3377.6781545,2,2,-1,0,-1,-1,2,0,0,-1,2,1,0,0,-1,3,-1,2,-1,1,0,2,0,3,2,3,3,1,1,3,2,1,0,2,1,3,-1,-1,1,1,0,0,2,-1,-1,2,3,3,3,2
3393.59985221,-1,3,3,1,-1,0,1,0,1,1,2,3,0,1,1,2,2,0,1,0,0,2,3,3,3,2,2,2,1,2,1,-1,-1,2,-1,3,-1,0,3,0,-1,-1,3,3,0,0,-1,3,1,2
3419.54632257,1,1,-1,0,3,3,1,2,0,2,2,0,1,0,1,1,3,2,3,3,0,2,3,0,2,2,-1,2,1,0,-1,-1,-1,3,3,2,-1,0,-1,1,-1,-1,2,0,-1,1,2,1,1,2
3286.27581574,-1,1,0,0,3,3,1,2,-1,1,2,-1,0,-1,1,1,1,-1,0,1,2,0,3,2,0,3,-1,0,-1,-1,1,3,0,-1,2,2,3,0,2,2,0,1,-1,-1,0,3,3,2,0,-1
3597.04376751,2,0,1,1,-1,3,3,2,0,0,1,2,1,2,3,1,3,3,-1,2,3,1,3,3,1,-1,0,-1,-1,0,0,-1,-1,1,0,1,2,2,1,2,1,-1,0,3,-1,0,0,-1,1,0
3023.86264963,-1,3,1,2,-1,1,3,1,0,-1,0,-1,2,2,3,2,3,2,3,2,3,-1,-1,0,2,1,-1,3,1,0,3,-1,2,1,1,0,3,-1,1,3,-1,1,-1,0,3,-1,2,2,1,-1
3420.13601508,-1,1,3,2,3,3,2,0,-1,2,0,2,3,1,1,3,0,2,-1,-1,-1,-1,-1,2,1,2,0,-1,-1,0,0,1,0,0,3,1,1,2,0,3,-1,1,-1,3,0,-1,2,1,1,3
3414.23909,2,1,-1,1,-1,-1,0,0,1,0,2,3,3,0,-1,-1,-1,1,0,-1,2,0,2,-1,2,1,1,3,3,1,0,0,0,1,2,2,2,3,-1,1,3,3,3,2,-1,0,-1,-1,-1,2
3457.8763356,3,2,0,1,-1,1,0,1,-1,2,0,2,1,2,-1,-1,1,1,2,1,0,2,1,2,1,2,-1,2,-1,1,3,3,-1,3,0,0,1,2,3,1,0,2,3,0,0,-1,-1,-1,-1,-1
3558.12406198,2,2,0,-1,0,-1,1,1,1,2,1,-1,2,0,3,2,3,0,0,1,1,-1,2,0,1,0,-1,-1,2,2,-1,0,1,-1,0,2,0,3,-1,3,1,-1,0,-1,3,1,3,2,-1,3
3590.55714992,2,-1,3,2,-1,0,-1,0,0,-1,0,1,2,3,1,0,-1,2,2,2,1,1,0,1,2,3,0,1,3,3,2,-1,0,2,2,-1,3,-1,-1,2,1,0,0,3,1,0,-1,1,2,1
3360.57707176,-1,0,2,3,0,3,0,-1,0,2,2,1,-1,1,-1,2,2,3,1,0,1,-1,-1,3,1,1,-1,1,-1,-1,0,2,0,0,1,3,3,2,2,3,0,1,3,-1,2,3,2,2,-1,1
3442.54433039,2,0,2,2,2,2,1,-1,3,-1,3,-1,0,0,1,-1,-1,-1,1,-1,3,1,-1,0,2,0,1,1,0,-1,2,0,2,2,2,0,1,2,1,3,-1,-1,2,1,3,-1,0,1,-1,0
3666.62748347,0,2,1,3,-1,3,2,2,0,-1,0,3,1,2,-1,2,1,0,-1,0,3,1,2,2,1,2,0,3,0,1,2,3,1,3,-1,3,3,0,-1,1,0,2,0,2,3,1,1,1,1,-1
3389.47200466,2,-1,3,1,2,0,1,-1,1,1,-1,2,1,-1,2,-1,0,0,2,1,3,1,-1,3,2,-1,3,0,1,-1,2,1,0,-1,3,-1,0,0,1,3,0,2,2,1,2,0,3,3,-1,0
3319.8882887,2,2,0,3,2,2,-1,3,2,-1,1,3,-1,1,-1,0,-1,3,-1,1,1,0,3,-1,1,2,-1,-1,1,-1,2,0,1,-1,-1,2,1,0,1,2,0,0,0,2,3,2,0,-1,0,1
3535.12605416,-1,2,1,3,3,3,1,2,-1,3,0,2,-1,-1,0,2,0,-1,2,0,-1,0,3,2,3,3,1,-1,0,3,2,0,2,1,3,1,1,0,2,0,2,-1,0,3,-1,1,1,1,-1,1
3643.03978314,-1,1,3,1,-1,2,1,0,2,3,2,0,0,3,3,-1,-1,1,2,0,0,0,3,0,2,3,3,1,0,0,2,0,2,-1,-1,1,3,3,1,1,1,1,2,1,3,2,-1,2,2,2
3846.48369844,3,1,3,1,1,-1,3,2,1,1,3,-1,3,3,0,-1,0,1,0,2,2,0,1,2,1,0,2,0,2,2,-1,3,3,1,1,2,2,0,-1,-1,0,3,2,3,0,1,0,-1,1,0
3084.01128546,2,2,2,2,-1,-1,1,1,1,3,1,2,0,-1,3,2,-1,0,-1,0,-1,-1,3,3,-1,1,-1,2,2,-1,1,3,3,2,2,0,3,0,3,0,1,0,1,2,1,1,-1,0,3,-1
3499.74450367,0,0,1,1,0,0,3,2,0,-1,-1,3,3,0,2,0,2,-1,-1,1,2,2,1,-1,0,2,3,-1,-1,-1,1,3,2,2,1,-1,1,3,3,2,2,-1,0,0,-1,3,1,1,0,2
3497.38573364,-1,0,1,2,0,3,2,0,1,3,3,0,-1,2,-1,-1,2,0,1,3,0,2,3,-1,1,1,-1,3,0,-1,1,-1,0,0,0,1,2,3,-1,0,3,1,2,-1,1,-1,1,2,1,2
3579.94268478,3,1,2,0,0,-1,3,-1,-1,2,3,1,3,-1,2,-1,3,3,-1,0,1,2,2,0,1,1,3,1,1,1,0,2,1,3,2,0,1,0,3,3,1,0,2,-1,0,3,-1,0,0,2
3503.87235123,0,1,1,-1,2,3,-1,1,-1,3,2,0,1,1,-1,3,1,2,-1,-1,2,0,1,-1,2,1,1,3,-1,3,2,2,2,1,0,0,0,3,3,-1,0,-1,-1,0,2,2,-1,-1,2,0
3566.37975709,2,2,2,-1,2,-1,1,-1,1,0,3,0,3,-1,2,1,3,1,2,1,3,3,3,-1,2,0,2,1,2,1,-1,0,0,-1,3,1,3,2,0,0,0,-1,1,0,0,3,0,3,1,-1
3335.80998642,0,-1,3,2,1,3,1,-1,0,0,2,-1,2,1,1,-1,-1,-1,-1,2,-1,1,-1,0,0,0,-1,-1,0,3,2,0,2,2,3,1,1,2,2,1,1,1,-1,-1,3,2,3,0,3,0
3194.28378447,1,2,0,1,-1,0,0,3,3,-1,-1,0,-1,-1,3,3,0,1,-1,2,-1,2,-1,1,1,2,-1,2,3,2,2,-1,0,2,-1,1,1,0,3,0,1,2,1,0,-1,3,0,2,-1,1
3112.31652585,0,-1,-1,0,-1,1,2,2,1,-1,3,0,1,0,-1,1,1,2,2,3,3,-1,3,0,1,-1,1,-1,2,1,0,0,-1,0,-1,-1,3,2,3,0,2,3,0,2,-1,-1,1,1,2,-1
3331.68213886,3,-1,-1,1,3,-1,2,-1,2,-1,1,0,0,-1,1,0,3,1,-1,2,2,3,3,1,2,1,0,3,3,0,2,-1,1,0,1,-1,2,3,0,-1,-1,1,1,2,-1,0,2,-1,1,0
3621.81085285,-1,0,1,0,2,-1,2,2,1,1,1,3,2,2,2,1,2,1,1,3,-1,0,3,1,1,-1,-1,-1,0,0,0,0,2,0,3,-1,1,-1,-1,2,0,3,-1,0,-1,0,3,1,1,2
3461.41449065,2,1,0,2,-1,3,2,0,-1,0,1,0,1,1,-1,2,-1,1,0,0,3,0,-1,-1,-1,2,-1,2,3,0,1,-1,1,0,-1,-1,0,2,3,2,-1,-1,-1,2,0,1,1,2,3,1
3598.22315253,3,1,1,1,1,-1,0,2,1,0,-1,3,0,3,2,2,0,0,-1,1,2,3,3,2,3,1,3,1,0,-1,0,2,2,2,1,-1,3,2,0,1,0,0,1,3,-1,3,0,-1,3,2
3662.49963591,-1,1,2,-1,3,1,2,0,0,1,0,-1,0,1,3,1,2,3,2,3,-1,-1,0,0,3,3,2,2,2,-1,2,1,1,-1,1,-1,1,3,1,-1,0,2,0,3,0,3,1,0,0,2
3361.16676427,0,2,1,3,1,0,-1,-1,3,0,3,3,3,1,2,1,2,0,2,1,1,0,1,-1,3,-1,1,2,1,-1,0,2,0,0,-1,2,-1,3,0,2,0,3,-1,-1,2,3,-1,-1,2,2
3567.55914211,3,0,3,2,2,3,0,1,1,0,2,0,0,0,-1,2,-1,-1,0,2,1,3,-1,2,1,1,2,-1,3,1,2,-1,2,0,3,0,3,-1,1,1,3,-1,0,-1,3,-1,1,0,2,2
3518.61466393,1,2,-1,1,1,0,0,0,-1,2,0,0,3,1,-1,2,3,2,0,3,1,2,-1,1,-1,1,3,2,0,-1,1,-1,0,3,3,-1,3,2,2,-1,1,2,3,3,3,-1,2,1,0,2
3610.6066952,3,1,2,2,0,-1,2,-1,3,2,2,-1,0,3,-1,-1,-1,3,0,1,-1,2,0,3,1,3,-1,0,1,3,2,0,1,1,2,1,0,2,2,0,0,1,1,2,3,0,1,3,0,-1
3652.47486327,2,0,1,-1,-1,0,2,3,1,1,2,0,1,3,-1,0,1,2,0,3,-1,2,0,2,1,0,-1,2,-1,3,-1,0,0,1,3,0,2,-1,3,1,1,0,-1,3,3,3,1,1,1,2
3158.90223399,0,1,3,-1,0,-1,-1,3,2,-1,3,3,0,-1,-1,1,-1,1,1,0,2,-1,3,2,3,2,2,0,-1,1,0,0,-1,2,3,3,0,-1,3,-1,-1,0,2,1,1,0,1,0,-1,2
3357.03891671,1,0,-1,2,-1,-1,0,2,1,2,3,-1,2,3,0,1,0,1,2,2,-1,3,3,2,-1,2,2,0,1,2,-1,1,-1,-1,0,0,1,1,-1,0,3,3,0,3,3,-1,3,0,1,0
3144.15992128,1,-1,3,2,-1,0,1,1,0,2,2,3,1,2,1,3,-1,2,3,0,0,-1,1,2,2,0,0,-1,3,-1,2,3,2,3,1,1,3,-1,0,2,3,0,-1,-1,-1,-1,-1,3,-1,0
3428.39171019,1,0,1,1,-1,0,2,3,1,3,0,0,3,0,-1,3,2,1,0,2,0,2,2,-1,3,-1,-1,-1,-1,3,2,1,1,0,1,0,-1,2,1,2,2,1,1,3,0,-1,-1,3,1,-1
3416.59786003,2,3,2,1,-1,0,3,0,0,-1,2,3,1,2,2,-1,0,1,1,-1,3,-1,3,1,1,1,3,0,0,-1,1,3,3,0,0,1,-1,-1,2,-1,2,2,1,0,2,-1,2,0,3,1
3668.39656099,3,2,3,-1,0,1,1,0,2,0,-1,2,2,2,1,3,3,2,0,-1,2,1,1,-1,2,0,3,3,-1,2,0,0,1,2,1,1,-1,2,0,3,1,3,0,3,-1,3,3,1,1,0
3379.44723202,3,3,-1,2,3,-1,2,3,2,2,-1,-1,0,1,1,3,0,0,1,1,0,1,2,0,3,3,0,1,-1,3,1,-1,0,-1,2,0,1,0,0,-1,2,-1,-1,2,2,1,-1,1,1,-1
3666.62748347,2,-1,1,3,1,2,2,1,-1,-1,-1,1,1,0,-1,0,0,3,2,3,0,3,0,2,3,-1,0,3,-1,0,3,1,0,2,0,3,1,1,1,2,1,3,3,-1,2,1,2,2,0,0
3628.29747044,2,0,3,1,-1,1,1,1,3,0,2,-1,0,0,1,3,1,-1,0,2,2,3,1,2,3,0,0,-1,-1,-1,-1,-1,2,1,2,0,-1,3,1,2,2,0,3,1,3,-1,0,1,0,2
3404.21431736,1,2,0,1,1,2,2,0,1,0,2,-1,3,-1,-1,0,1,2,3,0,3,0,2,-1,0,0,3,-1,-1,-1,1,-1,0,-1,2,0,1,2,1,0,-1,3,2,2,-1,1,1,-1,3,3
3707.90595904,1,-1,-1,-1,0,1,0,1,0,2,1,3,0,3,2,3,1,2,1,3,-1,-1,0,-1,2,1,0,-1,0,2,2,1,0,1,3,1,3,3,0,2,0,2,2,3,3,-1,1,2,2,2
3479.6949584,0,3,-1,-1,3,0,2,0,0,1,1,0,3,1,0,-1,3,3,3,-1,2,3,0,-1,-1,-1,0,2,-1,0,1,2,-1,-1,1,1,1,3,2,3,-1,2,0,1,2,2,1,2,2,2
3641.86039813,3,0,0,2,3,3,1,-1,3,0,2,0,-1,-1,0,1,1,1,-1,3,2,-1,3,1,2,0,-1,-1,0,2,1,2,1,3,0,2,1,3,3,1,1,2,0,0,0,2,-1,2,2,1
3483.23311345,2,3,1,0,0,0,-1,2,-1,0,-1,-1,-1,2,3,-1,-1,-1,2,2,1,3,0,1,0,1,2,2,0,-1,1,1,-1,2,2,-1,0,0,1,0,1,2,0,3,1,3,1,-1,0,1
3334.6306014,0,2,0,1,0,0,0,-1,2,3,1,0,1,2,-1,0,2,3,2,0,0,3,3,0,1,3,-1,1,2,-1,2,-1,3,3,1,1,-1,1,-1,3,2,3,3,-1,2,3,-1,3,2,1
3690.21518379,3,-1,0,1,0,2,-1,2,1,-1,0,1,0,2,0,2,2,0,0,1,3,1,3,3,1,2,1,2,-1,-1,2,2,1,2,0,-1,1,-1,0,0,1,-1,-1,2,3,2,-1,3,0,1
3307.50474603,3,-1,2,0,0,-1,3,2,1,-1,2,0,3,1,2,-1,-1,3,0,2,2,2,-1,-1,-1,1,3,1,1,3,0,1,0,-1,3,-1,1,1,2,3,0,-1,0,-1,3,1,0,-1,2,3
3430.16078772,2,3,-1,3,1,2,0,0,2,1,1,-1,1,0,0,-1,3,3,1,0,2,1,-1,1,3,-1,3,3,1,-1,0,0,2,-1,-1,3,3,1,1,3,2,0,3,2,3,2,0,0,-1,-1
3571.68698966,3,-1,2,2,3,2,0,0,1,0,-1,-1,-1,3,2,1,2,-1,-1,2,1,1,0,2,1,0,-1,3,0,0,2,0,0,0,1,2,-1,1,3,2,1,-1,2,3,1,1,1,0,-1,3
3615.91392777,1,0,1,-1,-1,2,1,2,0,2,0,0,1,3,1,-1,1,0,1,0,-1,2,3,-1,-1,0,2,3,2,2,-1,-1,3,0,0,2,1,3,3,3,-1,-1,0,1,3,2,-1,0,2,2
3138.85268871,1,2,3,-1,1,1,1,3,2,3,1,-1,-1,-1,2,2,-1,2,1,0,-1,1,0,1,0,-1,2,2,0,3,1,0,3,0,-1,-1,0,2,-1,1,2,3,-1,2,3,-1,-1,-1,1,0
3523.332204,1,0,2,-1,1,1,3,2,-1,0,2,1,1,-1,0,2,2,2,3,-1,3,0,0,1,-1,0,1,0,3,2,-1,-1,1,-1,-1,1,3,-1,2,-1,3,0,3,-1,2,0,0,2,2,1
3597.63346002,3,1,0,3,1,2,-1,-1,0,1,3,3,0,2,-1,1,2,2,1,-1,0,0,-1,3,3,0,2,2,0,2,2,2,-1,0,2,3,3,-1,-1,3,3,1,2,1,1,0,0,2,1,1
3842.35585089,-1,3,0,0,1,1,1,2,0,0,3,1,3,2,0,0,2,-1,-1,3,-1,0,-1,2,2,2,2,3,3,1,3,1,-1,0,0,1,0,2,3,2,2,-1,0,1,3,1,2,3,0,1
3218.46117731,3,1,2,0,0,2,1,-1,1,2,1,2,0,-1,-1,0,1,2,2,-1,-1,-1,-1,0,1,0,-1,3,0,-1,2,0,2,0,-1,1,-1,-1,-1,3,3,-1,1,1,0,0,2,3,-1,2
3276.2510431,3,3,1,2,2,-1,1,-1,3,0,2,3,1,3,1,1,0,-1,1,-1,2,2,0,-1,-1,3,2,-1,2,1,0,2,3,-1,1,-1,3,0,0,2,3,3,1,0,2,3,0,1,2,-1
3528.04974406,0,1,2,1,-1,2,2,2,-1,3,3,1,2,-1,3,-1,0,-1,-1,1,3,-1,1,1,-1,2,2,0,2,0,1,0,-1,3,1,0,3,3,0,3,1,2,2,0,2,0,3,0,0,1
3532.76728413,0,2,2,1,1,0,1,0,-1,2,3,0,0,3,1,2,2,2,-1,3,0,3,3,1,3,0,1,3,1,3,-1,2,-1,2,2,-1,2,1,2,0,-1,-1,-1,2,0,3,0,3,-1,1
3460.23510563,-1,-1,-1,3,1,3,-1,-1,-1,0,0,2,0,1,2,3,2,2,3,3,1,3,2,1,2,1,0,-1,-1,0,1,0,-1,3,3,0,2,-1,1,0,-1,3,2,0,1,2,2,3,0,3
3743.28750952,0,2,3,3,-1,0,0,2,2,3,0,0,1,1,0,0,3,0,0,1,-1,0,1,2,1,-1,3,2,3,-1,1,0,2,1,2,1,2,-1,3,-1,2,2,-1,1,3,3,-1,1,1,2
3128.23822357,0,2,0,-1,3,1,3,0,0,1,1,-1,1,-1,-1,-1,1,2,1,-1,0,2,0,0,2,-1,2,2,1,2,1,2,-1,-1,-1,1,2,-1,-1,2,0,0,0,0,-1,3,-1,-1,1,3
3700.82964894,2,0,0,2,2,-1,-1,0,2,0,3,0,1,1,1,-1,1,-1,1,3,-1,0,2,3,1,0,1,3,3,2,3,3,0,2,2,-1,-1,1,3,0,2,-1,-1,0,2,0,0,1,-1,1
3224.9477949,0,-1,2,2,1,-1,3,1,1,-1,3,1,-1,1,0,-1,0,-1,2,-1,1,2,2,-1,3,-1,0,0,2,-1,0,3,3,3,2,1,-1,0,0,0,2,-1,1,1,2,1,2,3,2,0
3467.31141573,0,2,0,3,-1,3,2,0,-1,1,2,-1,-1,-1,1,0,-1,1,0,2,3,2,2,3,-1,2,1,3,0,1,-1,2,0,0,1,-1,1,2,0,0,1,-1,1,1,2,2,-1,-1,3,0
3411.88031997,3,-1,3,0,0,2,1,1,2,0,-1,2,2,2,-1,1,2,-1,3,3,0,1,1,1,-1,2,0,3,0,-1,0,1,1,-1,1,2,-1,3,0,3,3,1,2,1,-1,0,-1,2,2,3
3657.19240334,2,2,1,-1,3,0,3,0,-1,-1,3,-1,0,3,1,2,2,3,1,2,3,2,0,3,1,3,2,0,-1,1,0,0,0,-1,0,2,1,1,2,-1,3,1,-1,1,0,0,2,-1,2,0
3581.12206979,3,1,3,-1,1,-1,0,0,-1,0,0,0,-1,2,1,3,1,3,0,3,3,1,-1,-1,0,0,2,0,3,0,-1,1,3,-1,1,3,1,2,1,-1,-1,2,2,1,2,-1,2,3,0,2
3638.91193559,2,2,3,1,-1,-1,-1,1,3,1,2,0,0,2,2,1,3,-1,0,-1,2,3,0,-1,3,1,2,3,1,2,0,2,2,0,1,1,0,0,-1,1,0,3,-1,1,3,1,3,-1,0,0
3579.94268478,2,2,3,0,0,0,-1,0,-1,-1,0,2,1,1,1,3,2,1,2,0,-1,3,-1,2,3,-1,2,0,1,3,1,2,1,2,2,3,0,0,1,1,0,-1,3,-1,1,-1,-1,2,-1,1
3336.39967893,0,0,1,2,2,0,-1,-1,3,-1,-1,0,-1,1,2,3,2,2,3,1,3,-1,1,3,2,-1,2,1,3,3,-1,0,0,2,3,1,1,0,-1,1,-1,2,1,0,-1,0,2,1,0,-1
3263.27780792,1,2,0,1,-1,-1,3,2,3,0,1,0,0,1,-1,2,-1,-1,1,1,0,3,3,2,3,0,0,3,-1,-1,0,0,-1,-1,1,2,3,3,-1,2,1,1,-1,3,3,-1,1,0,0,-1
3647.75732321,2,-1,3,2,1,3,3,-1,0,1,0,2,-1,1,-1,1,2,2,1,3,3,0,0,0,0,1,2,2,-1,0,0,0,1,3,0,0,-1,2,2,-1,1,2,1,-1,3,1,3,-1,3,3
3321.65736623,2,0,2,-1,-1,3,3,0,1,0,1,0,3,-1,3,2,1,0,0,-1,2,1,3,1,1,0,-1,-1,0,3,1,-1,-1,-1,2,2,2,3,3,0,1,3,1,1,2,3,2,2,-1,2
3583.48083983,2,1,1,2,1,2,3,1,1,0,-1,-1,0,2,-1,2,-1,1,0,0,1,2,2,-1,3,0,0,3,0,1,-1,1,3,3,1,2,-1,0,1,3,2,2,3,3,3,0,-1,0,3,2
3334.0409089,1,2,-1,3,1,-1,-1,-1,3,1,0,3,0,-1,2,3,3,1,-1,3,-1,0,3,1,0,1,2,2,1,2,2,0,1,-1,3,-1,3,3,1,-1,2,1,0,2,1,0,-1,2,-1,0
3722.05857923,0,1,3,2,-1,0,3,2,1,1,3,0,1,2,2,0,3,2,1,0,0,-1,1,0,-1,2,2,1,2,-1,0,1,0,0,2,3,1,-1,-1,1,2,-1,2,1,0,3,3,-1,1,-1
3455.51756557,-1,0,3,2,3,0,-1,1,0,1,3,-1,2,1,-1,-1,2,1,3,2,3,0,-1,1,0,-1,1,2,1,1,-1,-1,3,-1,3,-1,2,1,1,3,0,2,0,2,3,0,0,2,0,2
3459.64541312,3,1,2,0,1,0,2,-1,0,1,3,-1,1,0,1,3,-1,3,0,-1,3,2,0,2,3,-1,3,-1,2,-1,-1,3,2,2,1,1,0,2,-1,3,3,1,0,0,3,1,-1,2,0,2
3404.21431736,3,-1,-1,1,0,0,-1,0,-1,-1,1,1,-1,1,2,3,0,0,-1,1,-1,-1,0,1,-1,2,2,-1,2,3,-1,3,0,3,0,0,-1,2,2,3,2,-1,2,2,3,2,0,3,3,1
3728.54519682,1,2,-1,1,0,2,3,1,3,2,3,-1,0,1,3,-1,2,3,1,2,2,0,3,1,0,1,0,-1,2,-1,2,1,0,2,3,-1,1,0,2,3,-1,0,3,0,2,0,-1,1,1,0
2963.7140138,1,1,1,-1,-1,3,1,-1,1,-1,3,1,1,1,-1,1,-1,0,2,0,0,0,0,2,2,1,2,-1,-1,-1,0,-1,2,3,2,0,-1,-1,2,-1,-1,1,-1,-1,-1,2,-1,0,2,2
3316.35013365,2,3,3,1,0,-1,2,2,0,2,3,3,-1,0,0,1,1,2,-1,1,3,1,0,3,-1,-1,-1,0,-1,-1,0,2,1,-1,1,1,2,-1,0,2,-1,2,-1,2,1,0,1,3,3,3
3148.28776884,3,2,2,3,2,2,1,1,0,-1,-1,2,1,0,1,1,3,3,1,3,1,-1,0,-1,1,2,-1,3,0,-1,1,0,3,0,3,-1,1,-1,0,1,3,2,-1,-1,-1,-1,2,3,2,0
3102.88144572,-1,3,-1,1,-1,2,-1,0,-1,0,1,1,2,2,-1,0,3,-1,2,3,3,1,3,0,1,2,3,1,-1,3,0,0,3,0,1,-1,-1,3,2,2,1,-1,1,-1,-1,0,-1,2,1,-1
3312.8119786,0,0,2,-1,-1,2,-1,-1,1,-1,2,3,0,2,-1,-1,1,0,2,0,1,1,0,1,-1,-1,3,2,1,3,2,0,-1,0,-1,3,0,1,0,3,3,1,1,2,3,-1,2,1,0,2
3393.01015971,0,3,2,0,0,1,0,1,-1,2,1,-1,0,-1,3,1,0,0,2,-1,3,-1,-1,0,-1,0,0,3,1,1,3,0,2,-1,-1,-1,2,2,2,2,1,1,-1,3,0,-1,2,1,2,3
3298.0696659,-1,1,1,1,2,3,0,0,3,-1,-1,1,2,3,0,1,0,1,1,-1,0,3,2,2,2,-1,3,2,2,-1,0,0,1,2,3,0,2,-1,1,3,-1,-1,1,0,0,-1,-1,1,0,-1
3326.37490629,-1,2,1,3,1,0,0,-1,1,1,-1,2,3,2,-1,0,1,-1,3,2,-1,3,0,1,1,-1,2,1,-1,0,1,0,2,0,0,2,-1,0,3,1,-1,2,1,-1,3,3,3,2,2,0
3585.83960986,0,1,-1,1,0,1,2,1,-1,3,1,-1,1,3,-1,2,-1,3,1,-1,1,0,3,3,0,-1,0,2,0,-1,1,3,1,2,0,3,2,-1,2,2,-1,2,0,0,2,3,1,1,2,0
3230.25502747,2,1,2,1,3,-1,2,3,1,2,3,0,2,1,3,1,-1,1,3,0,0,-1,-1,2,3,0,-1,-1,-1,1,1,2,-1,0,3,-1,2,1,0,1,-1,0,1,0,2,-1,-1,0,0,2
3287.45520075,1,0,1,2,0,3,-1,1,-1,1,0,3,-1,-1,3,1,0,2,2,-1,2,1,-1,-1,0,1,3,-1,-1,0,3,0,3,-1,0,2,2,0,3,-1,-1,1,3,2,1,1,3,0,2,-1
3538.66420921,2,0,3,1,2,-1,1,1,0,3,0,2,3,-1,0,-1,2,0,-1,-1,-1,1,2,1,3,1,-1,-1,-1,2,2,3,2,0,2,0,0,0,1,1,2,1,3,-1,0,2,3,1,0,1
3627.11808543,2,1,2,0,0,2,1,0,1,1,0,-1,2,0,3,-1,-1,1,2,2,-1,0,-1,3,-1,3,1,3,3,1,-1,3,-1,-1,0,-1,1,3,1,-1,0,2,2,3,0,1,2,3,1,2
3634.78408803,2,2,0,0,1,1,1,0,3,0,-1,3,-1,2,0,0,0,0,3,3,1,0,2,1,1,2,2,-1,-1,1,2,0,2,3,-1,3,1,3,2,-1,1,2,1,0,-1,2,3,-1,-1,3
3433.10925026,2,-1,3,0,2,1,-1,3,3,1,0,2,3,1,2,0,-1,2,3,0,3,1,-1,2,1,0,3,-1,1,-1,1,-1,0,1,0,1,-1,-1,3,-1,-1,-1,-1,2,3,0,1,3,0,1
3730.90396685,3,0,0,2,0,1,-1,-1,3,3,-1,2,0,3,2,0,1,3,1,0,-1,2,1,0,2,1,0,3,3,2,3,1,0,2,2,2,1,1,-1,2,2,3,1,1,0,3,-1,1,-1,3
3700.23995643,0,0,2,2,3,3,0,3,3,2,2,1,3,-1,2,0,-1,3,1,1,-1,0,1,3,2,0,0,2,0,2,-1,1,3,1,2,1,0,2,0,3,3,-1,0,1,-1,3,-1,1,3,2
3795.77014274,1,2,0,0,3,1,3,1,1,3,-1,1,0,2,1,0,0,2,3,-1,2,0,1,3,3,-1,3,-1,2,3,0,0,1,0,-1,1,0,3,2,3,1,2,2,2,1,0,0,-1,2,2
3494.4372711,1,3,1,1,3,0,1,-1,2,-1,3,2,0,1,1,3,3,2,2,2,3,2,3,1,2,3,2,0,1,0,0,-1,-1,0,-1,0,-1,0,3,0,2,0,3,2,1,-1,1,3,0,2
3527.46005156,-1,-1,2,2,3,0,3,2,-1,1,1,-1,3,0,0,2,2,2,1,2,-1,0,2,2,1,0,0,1,2,2,-1,1,-1,1,0,3,-1,-1,-1,3,-1,3,-1,0,1,3,1,-1,0,0
3240.86949261,0,1,3,-1,1,1,3,1,2,0,1,2,-1,3,2,2,-1,0,1,1,1,-1,3,3,2,1,3,2,3,-1,0,-1,0,0,-1,2,-1,2,3,2,0,-1,1,-1,-1,1,3,0,2,-1
3555.76529194,2,1,1,2,2,-1,0,-1,2,1,-1,-1,-1,0,0,0,3,1,0,2,0,-1,3,-1,1,1,3,3,3,1,1,2,1,3,1,0,0,3,-1,-1,2,3,1,1,2,0,3,2,3,2
3176.00331672,1,-1,3,2,2,0,1,0,0,3,-1,-1,2,3,1,0,3,3,0,-1,2,2,0,-1,2,-1,2,0,3,3,-1,1,3,0,3,3,-1,1,1,1,1,0,-1,2,0,-1,1,-1,0,3
3680.19041116,-1,2,3,3,1,1,1,2,0,3,0,0,1,1,1,3,2,1,3,-1,-1,3,2,1,-1,2,0,3,-1,2,1,0,3,0,2,3,0,2,0,0,1,0,2,-1,2,1,-1,-1,-1,2
3221.99933235,2,-1,0,3,1,0,0,0,-1,-1,-1,2,3,-1,1,-1,0,1,-1,-1,1,-1,0,-1,3,3,2,2,0,-1,2,2,2,1,0,2,2,0,3,1,0,1,-1,3,2,3,1,1,0,-1
3209.61578968,-1,3,0,3,-1,-1,3,0,-1,0,-1,1,2,2,1,2,2,0,-1,0,2,1,3,-1,0,3,1,1,1,1,-1,-1,2,-1,3,-1,-1,3,1,2,1,0,0,2,-1,3,3,0,0,1
3471.43926328,0,2,0,2,2,1,3,0,-1,-1,3,1,2,3,-1,-1,2,-1,1,0,0,3,0,0,2,-1,1,1,-1,2,1,2,0,0,1,1,1,3,-1,2,3,-1,3,3,2,3,2,1,-1,2
3722.64827174,0,1,1,2,-1,1,1,0,3,0,1,0,3,2,2,3,1,-1,-1,0,-1,2,3,-1,1,-1,0,3,-1,2,-1,2,0,1,0,3,2,2,2,0,3,3,3,1,2,1,3,0,2,0
3604.70977012,1,0,1,-1,-1,0,-1,3,-1,0,-1,3,3,1,-1,2,2,2,2,-1,3,0,2,2,3,1,0,2,0,1,-1,2,3,0,3,2,1,3,1,3,0,-1,0,1,1,-1,2,0,0,1
3605.29946263,1,2,3,-1,3,1,2,2,0,-1,0,2,1,3,2,1,-1,3,-1,2,-1,1,0,1,1,-1,0,-1,0,2,1,1,0,2,1,3,1,3,-1,0,0,-1,2,-1,-1,3,0,1,0,2
3331.68213886,1,0,1,-1,0,2,-1,2,2,-1,-1,3,0,1,-1,0,1,3,0,-1,-1,3,-1,0,1,2,2,-1,2,-1,3,3,0,3,1,1,1,3,-1,0,1,0,3,2,3,-1,2,0,0,1
3389.47200466,-1,2,0,3,2,1,2,-1,1,2,-1,-1,1,2,0,0,-1,2,1,0,3,3,2,-1,1,3,-1,0,-1,0,3,2,1,2,1,3,1,3,0,-1,2,1,1,0,3,-1,1,3,0,-1
3252.66334278,1,1,3,0,2,3,-1,-1,0,1,0,2,3,2,-1,1,0,3,-1,-1,0,1,2,0,-1,3,1,0,-1,0,2,2,3,2,3,0,-1,-1,1,1,-1,0,1,3,2,-1,2,2,3,-1
3555.76529194,2,2,0,1,2,0,0,1,3,3,2,2,0,-1,3,3,-1,2,2,1,1,1,1,3,-1,0,-1,2,-1,3,0,3,2,-1,-1,0,1,0,1,3,2,1,0,3,1,3,2,0,-1,0
3319.29859619,1,1,2,1,2,-1,0,2,-1,1,-1,0,2,3,-1,3,-1,0,0,3,1,0,1,-1,0,2,3,1,-1,2,0,0,3,0,-1,1,-1,0,3,1,2,2,3,3,3,-1,2,2,1,1
3163.03008154,-1,2,0,1,3,-1,1,0,3,-1,-1,1,2,-1,-1,1,3,-1,-1,3,0,3,0,3,2,2,0,2,2,2,0,1,2,-1,2,0,-1,0,3,-1,1,1,2,3,0,0,2,-1,3,1
3411.88031997,2,0,-1,0,-1,1,2,0,0,1,3,3,0,1,0,1,2,2,0,-1,2,1,1,2,-1,-1,3,-1,3,2,3,2,-1,3,2,1,-1,3,1,1,0,0,3,2,2,0,-1,-1,-1,0
3612.96546523,2,2,3,3,3,-1,0,3,-1,2,0,0,2,-1,0,-1,3,1,3,-1,1,3,2,1,1,1,2,2,-1,1,3,0,1,1,-1,0,0,1,0,2,3,-1,1,2,0,3,2,1,1,0
3700.23995643,1,-1,0,-1,2,2,1,0,2,1,0,1,2,1,-1,0,1,1,3,0,0,2,3,2,-1,3,0,-1,3,1,1,-1,3,2,0,3,2,3,2,-1,3,0,2,3,3,0,1,1,2,-1
3461.41449065,3,2,1,0,-1,0,2,2,1,1,-1,-1,3,0,-1,3,2,3,-1,-1,2,1,0,1,-1,0,2,1,2,1,1,0,1,2,0,3,-1,-1,0,0,1,2,3,0,-1,-1,3,1,-1,0
3615.32423526,0,1,1,0,-1,-1,3,0,0,2,1,3,-1,1,2,2,2,1,2,1,1,0,3,-1,3,2,1,3,3,3,0,3,1,-1,2,0,0,0,-1,-1,1,0,2,2,1,-1,2,0,-1,3
3245.58703268,0,-1,2,2,2,3,2,3,-1,2,1,-1,3,-1,0,0,3,-1,-1,-1,2,2,0,3,0,0,2,3,1,0,0,3,0,-1,1,1,-1,-1,-1,2,1,1,0,3,-1,2,2,-1,3,1
2993.78833172,1,1,2,-1,-1,3,0,-1,2,3,2,-1,0,-1,1,0,-1,0,-1,3,0,2,3,3,2,2,1,-1,2,3,1,0,3,-1,-1,3,-1,2,1,2,-1,0,1,3,0,0,2,2,-1,1
3617.09331279,0,2,2,1,2,0,0,2,0,-1,-1,-1,-1,2,1,0,3,1,-1,2,2,2,1,3,1,2,2,0,1,3,1,-1,0,3,1,0,1,-1,-1,-1,0,-1,0,3,2,1,3,0,0,-1
3266.22627046,0,1,1,0,1,3,-1,-1,2,1,3,1,2,2,3,1,2,-1,3,1,2,-1,3,-1,1,3,-1,2,2,3,-1,-1,-1,3,0,0,0,0,1,3,1,2,2,-1,-1,0,2,0,0,3
3506.82081377,2,0,2,3,0,0,2,-1,-1,0,2,1,3,0,1,0,2,0,0,1,3,-1,3,1,1,1,3,3,-1,2,-1,-1,3,2,3,3,-1,2,0,2,2,-1,-1,1,-1,1,3,1,0,1
3535.12605416,-1,1,-1,1,3,0,2,0,-1,1,3,3,1,2,1,2,0,1,3,2,0,2,3,-1,2,2,0,-1,3,1,3,2,2,-1,1,0,-1,0,2,-1,3,1,3,1,1,-1,0,0,3,-1
3528.04974406,2,2,3,2,-1,0,1,2,2,1,3,-1,0,2,0,0,2,1,0,1,1,1,2,2,1,3,-1,3,-1,-1,1,1,2,1,1,0,3,2,-1,1,-1,-1,3,0,0,3,0,2,3,-1
3400.0864698,1,-1,0,3,3,-1,0,2,0,-1,3,-1,3,0,-1,1,3,1,2,-1,0,0,0,1,2,2,2,1,2,1,2,3,-1,2,3,1,3,-1,3,3,1,1,2,0,0,2,-1,2,0,0
3420.72570759,1,0,0,0,2,2,3,3,-1,0,2,1,1,-1,3,3,-1,0,2,-1,-1,3,0,1,2,0,1,2,0,3,0,-1,-1,2,3,3,-1,2,-1,2,2,-1,1,0,0,1,3,2,0,3
3815.22999551,3,1,2,1,2,-1,1,0,-1,1,3,-1,1,2,1,-1,2,1,0,0,-1,0,0,-1,3,0,0,2,-1,0,1,2,2,3,2,-1,3,3,1,1,0,2,0,-1,0,1,3,1,2,2
3066.32051021,3,-1,2,-1,-1,2,-1,1,-1,0,3,3,1,1,0,-1,1,1,-1,-1,-1,3,3,0,3,2,3,3,-1,0,0,2,-1,-1,3,-1,-1,0,2,0,0,0,0,2,1,2,3,1,1,1
3121.16191347,0,2,0,2,-1,2,1,0,1,-1,3,2,2,1,3,0,1,2,2,2,-1,3,-1,2,1,0,3,-1,-1,1,-1,1,-1,0,-1,-1,-1,0,1,0,-1,0,2,1,-1,2,-1,1,0,1
3414.82878251,2,0,1,1,1,-1,3,3,-1,3,0,3,0,-1,3,-1,1,-1,2,-1,0,1,-1,2,-1,0,0,-1,0,1,3,3,2,-1,1,1,3,0,3,2,-1,0,2,0,1,1,3,2,1,2
3426.62263267,1,0,3,-1,0,1,3,0,1,2,0,-1,-1,-1,2,1,2,0,0,1,-1,3,3,2,1,2,-1,2,0,2,1,3,-1,-1,1,3,0,-1,3,2,2,3,1,-1,2,0,3,1,3,2
3539.25390172,1,0,1,2,-1,-1,3,3,2,1,2,-1,1,1,2,1,0,1,1,1,-1,2,0,0,3,0,2,3,2,-1,2,-1,3,3,2,3,3,3,0,-1,3,3,-1,1,2,0,1,0,2,0
3436.0577128,3,-1,-1,0,-1,2,-1,2,2,2,1,0,-1,3,-1,2,-1,2,1,3,3,-1,0,2,1,1,3,3,3,3,1,0,0,0,1,0,3,-1,1,0,2,2,0,1,2,0,-1,2,3,1
3473.20834081,0,1,2,2,0,2,2,1,-1,-1,2,0,1,-1,0,1,2,-1,2,3,-1,0,0,0,2,3,1,0,3,1,1,-1,3,3,3,1,2,1,-1,2,3,-1,1,2,0,-1,-1,3,2,1
3272.71288805,2,3,2,2,1,0,2,2,2,0,1,2,1,-1,2,2,-1,1,-1,-1,0,2,0,2,3,0,3,-1,1,1,1,-1,1,1,3,-1,3,3,1,1,3,-1,3,-1,0,-1,0,3,-1,-1
3362.93584179,-1,0,0,0,2,2,-1,0,1,-1,3,-1,0,1,1,0,-1,-1,0,2,3,2,3,2,-1,1,2,2,1,-1,0,3,2,2,1,3,2,3,3,1,0,-1,-1,-1,0,-1,1,2,-1,0
2959.58616625,-1,2,1,0,-1,0,0,1,0,3,-1,3,-1,-1,-1,2,0,0,-1,2,1,2,-1,-1,2,-1,1,1,-1,1,0,0,2,3,0,2,-1,-1,0,0,-1,2,1,2,3,-1,-1,3,2,1
3512.71773885,1,1,2,0,3,3,0,1,0,2,-1,1,3,2,1,3,-1,1,0,2,3,1,-1,1,0,0,0,-1,2,-1,2,0,-1,2,-1,2,3,1,2,-1,2,3,1,1,0,3,3,-1,1,0
3614.73454276,1,1,3,2,0,2,-1,-1,1,0,0,2,1,3,3,-1,-1,2,-1,0,1,2,1,0,2,3,-1,1,-1,3,0,-1,2,1,1,1,2,1,-1,0,3,2,0,-1,0,0,2,2,0,2
3322.83675124,3,2,2,1,2,0,-1,3,0,2,3,2,0,-1,2,2,3,1,1,-1,0,-1,1,1,1,0,0,1,2,0,-1,1,-1,2,0,-1,3,-1,-1,1,2,1,0,-1,-1,3,-1,3,0,2
3503.28265872,2,3,1,0,-1,3,-1,0,2,2,-1,-1,0,0,1,2,3,2,2,1,0,0,1,2,3,1,3,1,2,2,2,-1,-1,3,0,2,1,0,-1,-1,0,1,3,0,-1,3,3,1,-1,0
3213.15394473,1,2,2,1,0,-1,2,0,1,2,-1,3,1,3,0,2,2,1,1,-1,1,1,1,3,-1,0,-1,0,1,3,-1,3,3,-1,-1,2,3,1,-1,3,2,0,0,3,-1,-1,2,2,2,0
3486.7712685,-1,2,0,1,3,-1,0,2,0,0,3,1,0,2,-1,-1,1,2,3,3,1,1,3,2,2,1,1,2,0,2,1,-1,0,-1,0,-1,-1,2,0,2,2,0,-1,3,1,3,1,3,2,3
3433.10925026,-1,3,0,0,-1,2,-1,-1,1,0,2,1,1,2,1,1,-1,0,-1,-1,0,0,2,2,3,0,2,-1,0,0,3,3,-1,2,1,3,2,1,1,-1,3,1,3,3,1,0,-1,-1,2,0
3060.42358513,2,2,2,1,2,3,3,0,0,1,3,3,1,-1,0,1,3,3,1,0,-1,-1,2,1,-1,-1,2,0,-1,3,0,1,-1,-1,-1,3,-1,-1,-1,1,1,1,-1,2,-1,0,0,0,0,2
3321.06767372,1,2,3,0,-1,1,2,3,1,3,2,-1,3,-1,0,0,2,0,0,3,0,-1,-1,0,0,1,0,3,-1,3,-1,2,1,-1,2,1,2,-1,1,3,2,1,1,3,2,2,-1,-1,0,0
3193.10439946,-1,0,0,-1,-1,0,0,0,0,2,-1,0,-1,0,1,-1,1,0,2,1,2,-1,-1,1,2,2,1,-1,3,0,-1,1,-1,2,3,-1,3,-1,0,-1,1,3,-1,-1,-1,1,1,-1,2,1
3541.61267175,0,1,0,2,2,0,3,1,-1,3,3,3,3,2,1,1,0,0,3,0,0,-1,-1,-1,2,2,2,1,2,-1,-1,-1,0,0,3,1,2,0,-1,0,1,3,3,-1,1,1,2,-1,0,1
3671.34502353,1,0,0,3,1,-1,2,3,3,0,0,1,3,2,1,-1,2,2,3,-1,2,2,3,0,0,0,1,-1,-1,1,-1,-1,1,2,3,2,3,0,-1,1,2,1,2,3,0,0,2,3,0,1
3321.06767372,0,3,1,-1,0,2,0,3,-1,-1,1,0,-1,2,1,2,-1,1,-1,-1,2,3,2,-1,-1,3,2,0,0,3,0,1,3,1,3,2,1,-1,-1,0,0,2,-1,-1,1,2,1,1,3,2
3360.57707176,-1,0,2,1,2,0,-1,3,2,3,-1,-1,-1,3,2,-1,1,1,2,1,0,0,-1,1,-1,0,2,0,1,0,2,1,-1,-1,0,1,3,1,-1,2,3,3,2,1,0,-1,3,1,2,3
3472.6186483,-1,-1,2,-1,3,0,2,0,-1,-1,1,3,1,0,3,1,-1,0,0,2,2,1,2,1,1,0,3,-1,2,0,-1,3,3,1,2,3,-1,1,1,1,3,0,3,0,2,-1,1,3,0,-1
3633.01501051,2,3,2,1,-1,1,0,1,2,3,1,1,3,0,3,2,0,-1,-1,-1,0,-1,1,-1,0,0,2,0,2,1,0,3,0,2,2,-1,1,-1,3,2,-1,2,1,0,1,3,0,-1,1,3
3426.03294016,0,2,0,0,3,-1,0,2,-1,-1,1,0,0,-1,2,0,3,0,1,1,2,0,3,2,2,2,3,1,-1,3,1,-1,1,-1,-1,2,2,2,0,3,1,3,-1,-1,3,3,0,1,0,1
3416.59786003,3,1,2,3,1,1,1,2,-1,2,-1,3,0,1,2,2,3,3,0,-1,2,-1,1,3,-1,2,1,0,0,-1,3,1,0,2,0,0,-1,2,-1,1,-1,0,0,2,3,3,-1,0,0,3
3472.6186483,1,2,3,0,-1,-1,2,0,-1,0,0,2,0,1,0,0,-1,3,-1,-1,1,3,3,0,1,2,3,2,-1,0,1,-1,3,3,2,3,0,1,0,2,2,-1,2,1,3,1,2,3,2,-1
3519.20435644,0,-1,2,3,-1,2,1,1,1,2,0,0,0,0,2,1,2,-1,1,-1,-1,0,-1,3,0,2,1,-1,3,3,1,-1,0,3,-1,0,3,1,1,3,2,2,2,2,2,0,3,1,1,-1
3348.7832216,3,-1,1,-1,3,-1,2,3,1,0,1,-1,3,1,2,-1,1,2,2,2,3,0,3,-1,3,0,0,1,-1,-1,2,3,3,0,-1,0,-1,1,1,2,0,2,3,0,3,0,-1,1,0,0
3269.76442551,3,1,-1,3,0,3,0,3,2,3,0,2,-1,0,-1,2,2,0,1,-1,0,-1,-1,2,1,-1,1,1,1,-1,2,-1,0,0,0,2,3,2,1,-1,1,3,-1,3,2,-1,-1,1,2,0
3344.65537404,2,2,2,0,2,1,-1,2,0,0,1,-1,2,2,3,0,2,2,3,-1,1,1,3,1,-1,0,0,0,3,-1,3,-1,0,-1,-1,3,0,1,2,3,-1,3,0,-1,0,2,3,-1,3,2
3387.70292713,3,3,2,1,2,-1,3,1,0,3,2,3,2,1,2,-1,3,0,1,2,0,3,0,1,0,2,0,0,0,-1,-1,1,2,2,0,-1,-1,1,-1,3,-1,1,0,2,1,3,-1,-1,1,3
3472.02895579,-1,0,0,-1,-1,0,1,2,-1,2,3,2,-1,-1,1,3,3,3,2,1,3,2,2,0,-1,1,-1,1,1,-1,1,2,2,0,3,0,1,-1,0,2,0,0,1,2,-1,0,1,0,2,-1
3490.30942354,1,0,1,1,2,3,2,2,3,0,-1,0,2,0,0,0,-1,0,3,2,-1,0,1,1,0,-1,3,-1,0,3,0,0,1,3,-1,3,-1,1,2,3,-1,3,1,2,1,1,-1,-1,1,3
3427.80201768,3,0,2,1,2,1,2,0,1,-1,-1,3,3,-1,3,1,1,-1,0,-1,3,1,1,1,0,-1,0,0,3,0,2,2,-1,-1,0,2,1,-1,0,-1,2,2,3,3,1,2,2,0,3,0
3273.89227307,3,1,0,-1,2,-1,0,2,1,1,1,-1,-1,3,3,3,0,1,-1,0,2,1,1,2,0,2,-1,0,2,3,-1,1,3,2,2,3,-1,-1,2,-1,-1,1,0,2,0,-1,0,1,0,-1
3322.24705873,3,3,0,-1,2,1,0,-1,-1,3,2,1,0,3,1,0,0,2,-1,2,0,1,-1,3,1,2,-1,1,1,2,1,-1,-1,0,-1,-1,-1,1,2,2,1,3,3,0,0,3,0,2,1,3
3591.73653494,2,2,2,1,0,0,-1,3,3,1,-1,-1,1,1,2,0,1,-1,0,1,2,3,-1,1,1,3,2,3,1,2,1,1,2,-1,0,-1,3,3,3,3,0,-1,0,3,-1,0,0,-1,0,0
3460.23510563,0,2,0,3,3,0,1,0,2,3,0,0,-1,3,0,-1,0,-1,-1,1,1,2,2,0,1,-1,2,2,-1,3,1,1,2,3,-1,3,1,-1,2,-1,0,0,3,2,3,1,-1,-1,1,2
3273.89227307,1,3,1,1,3,3,1,2,0,-1,0,-1,3,-1,1,3,-1,1,0,2,2,0,2,0,1,1,0,-1,2,2,2,2,2,-1,-1,0,-1,1,-1,1,-1,0,-1,0,3,2,1,0,-1,3
3546.33021181,-1,2,0,2,1,-1,2,2,3,1,2,0,1,0,-1,0,3,-1,-1,2,2,0,-1,0,0,1,2,3,3,3,-1,1,3,0,3,-1,0,1,3,3,1,-1,2,-1,1,0,1,-1,0,3
3408.34216492,3,1,0,1,1,1,-1,3,2,-1,0,3,2,-1,2,1,2,2,1,3,2,0,-1,1,2,-1,1,-1,0,2,0,0,1,-1,-1,-1,0,-1,-1,-1,1,-1,1,0,0,2,-1,0,1,2
3418.36693756,2,2,-1,0,-1,1,1,3,-1,-1,1,0,0,-1,1,3,3,2,0,0,-1,1,-1,0,2,2,0,1,3,1,-1,2,0,1,-1,0,2,3,3,0,-1,3,1,3,2,-1,-1,3,1,1
3304.55628349,1,-1,2,0,2,0,0,0,-1,-1,0,0,-1,-1,0,2,1,3,3,3,3,2,0,2,-1,0,-1,1,2,3,0,1,3,2,-1,-1,-1,0,2,2,-1,1,3,1,2,3,1,1,2,3
3564.02098706,2,2,-1,2,3,1,0,1,-1,1,1,-1,1,3,0,-1,2,-1,2,2,1,-1,3,1,0,0,0,0,1,-1,3,2,1,-1,0,3,3,3,-1,0,0,2,1,-1,2,0,-1,1,1,2
3706.72657402,1,1,1,0,1,0,2,-1,2,1,-1,3,1,2,3,0,1,0,1,2,0,-1,3,0,-1,1,1,3,-1,3,2,0,0,1,3,-1,3,2,0,1,0,-1,-1,0,3,2,2,2,0,2
3459.64541312,2,2,-1,2,0,1,1,3,0,0,0,2,-1,1,2,-1,2,0,0,3,-1,0,0,1,1,2,2,-1,1,-1,2,-1,1,3,0,3,2,0,3,3,-1,-1,-1,0,-1,1,-1,-1,-1,2
3492.66819358,0,3,2,0,2,2,-1,1,-1,0,0,0,-1,-1,1,1,0,1,-1,-1,1,2,3,3,1,-1,2,3,3,3,2,1,1,0,3,0,2,2,-1,1,2,-1,3,2,0,1,2,1,0,-1
3207.25701965,-1,2,1,1,0,2,-1,2,-1,2,-1,2,2,-1,0,1,1,-1,1,1,-1,2,2,-1,0,1,1,-1,1,-1,0,0,1,-1,-1,3,1,3,3,2,-1,0,2,0,2,-1,2,0,3,3
3423.08447762,0,-1,1,3,2,2,1,2,2,-1,2,0,2,1,-1,3,-1,2,3,-1,-1,1,0,3,0,1,2,0,-1,0,-1,-1,-1,1,1,0,0,-1,0,-1,-1,1,0,3,2,1,1,2,3,3
3400.0864698,-1,-1,0,0,-1,2,1,0,-1,3,1,-1,3,3,0,3,-1,1,1,1,2,0,2,-1,-1,3,2,-1,2,1,2,0,-1,-1,1,0,0,-1,0,-1,3,2,0,2,3,-1,1,1,1,0
3350.55229912,1,-1,0,-1,3,2,0,3,2,2,-1,1,2,1,1,2,-1,1,-1,2,2,0,1,-1,0,0,-1,-1,1,3,-1,2,1,-1,0,-1,1,3,-1,0,2,3,-1,2,1,0,0,0,-1,-1
3221.40963985,3,3,-1,2,2,0,3,1,-1,0,0,-1,2,-1,2,0,2,2,1,1,-1,3,0,0,0,-1,-1,3,-1,2,1,0,1,3,1,-1,3,2,1,1,-1,0,2,0,2,-1,-1,1,2,-1
3349.37291411,3,3,0,0,-1,1,2,0,-1,1,-1,3,2,3,2,3,-1,1,3,1,0,1,1,-1,1,2,3,2,2,-1,2,3,0,2,-1,1,3,1,0,-1,0,-1,0,3,0,1,2,-1,1,-1
3561.07252452,1,0,0,1,3,0,-1,2,1,-1,-1,0,2,2,0,3,1,0,3,-1,-1,3,1,-1,0,3,2,0,3,2,3,1,1,1,-1,0,1,0,2,0,2,3,2,1,2,-1,3,2,1,1
3535.71574667,1,0,0,2,-1,0,0,2,2,0,3,1,1,3,2,0,3,-1,2,2,-1,2,1,3,3,2,-1,1,3,-1,3,0,2,1,-1,1,0,1,-1,2,3,2,0,0,1,1,-1,-1,0,3
3861.81570365,0,1,2,0,-1,0,2,-1,-1,1,0,-1,0,3,3,0,3,-1,1,2,1,1,1,-1,2,0,2,1,2,0,2,1,2,0,3,3,1,-1,2,0,0,3,1,2,1,3,-1,1,2,0
3509.76927631,0,2,0,3,2,2,1,0,-1,1,1,2,2,-1,-1,0,2,0,3,0,-1,3,1,1,0,0,0,3,1,2,1,3,-1,3,1,-1,-1,0,2,-1,2,-1,1,3,3,1,2,3,-1,0
3359.39768674,2,-1,2,0,0,-1,3,2,-1,2,2,2,0,-1,2,2,1,1,-1,-1,0,1,3,3,-1,3,0,1,3,0,1,0,0,1,3,-1,-1,2,1,3,1,0,1,2,-1,0,-1,1,3,3
3597.04376751,-1,2,1,0,3,1,0,1,0,2,3,-1,0,0,2,3,3,3,0,0,-1,2,0,3,3,-1,1,2,-1,-1,2,2,3,2,1,1,-1,-1,0,2,0,1,1,3,2,3,1,2,1,2
3509.76927631,3,0,2,2,1,0,1,-1,3,-1,3,1,-1,2,2,0,-1,1,2,-1,2,0,-1,1,-1,0,-1,3,2,3,1,0,2,3,0,0,-1,-1,1,3,1,1,3,-1,0,1,2,3,0,0
3206.07763464,-1,1,1,1,-1,-1,3,3,2,1,0,-1,0,1,-1,2,2,3,3,1,1,-1,2,2,3,-1,3,0,-1,3,2,2,-1,2,0,1,3,0,-1,1,0,0,3,-1,0,-1,0,3,0,0
2930.69123335,1,2,-1,2,-1,1,-1,1,0,2,2,-1,3,3,0,0,1,3,0,-1,2,2,2,-1,3,3,2,1,1,-1,2,2,2,3,0,-1,-1,-1,0,1,3,-1,-1,1,1,-1,-1,1,-1,2
3293.35212584,1,1,3,1,0,0,3,-1,1,1,-1,-1,3,2,3,2,2,3,0,-1,-1,2,3,3,1,0,2,2,-1,-1,1,-1,-1,1,0,1,2,0,2,2,0,1,2,0,-1,1,-1,1,-1,2
3218.46117731,3,1,-1,2,0,2,-1,0,-1,-1,-1,2,2,0,1,1,-1,0,1,-1,2,1,3,2,0,2,-1,2,-1,0,2,3,-1,0,1,0,1,1,2,3,3,3,-1,2,-1,-1,1,-1,-1,0
3562.84160204,3,0,0,0,2,0,1,-1,-1,1,0,1,-1,-1,3,2,-1,1,2,-1,2,1,2,3,2,3,-1,0,0,1,2,0,3,0,1,-1,-1,0,2,1,0,3,3,2,1,1,2,3,0,3
3615.91392777,0,3,0,2,-1,1,1,2,0,2,3,2,0,0,3,3,3,1,0,3,0,2,3,-1,2,1,2,3,1,2,2,1,2,2,3,1,0,-1,-1,1,0,-1,-1,3,2,-1,-1,1,0,0
3393.59985221,2,-1,2,2,1,0,-1,3,-1,1,3,0,0,1,-1,-1,2,3,2,2,1,-1,3,0,1,0,1,2,0,0,2,0,-1,3,3,-1,3,0,1,0,2,1,3,1,-1,-1,3,1,0,-1
3344.06568153,-1,2,0,2,2,3,3,1,-1,-1,3,-1,0,0,0,-1,2,0,-1,0,-1,2,1,1,1,2,2,2,0,-1,1,-1,-1,1,3,1,0,0,-1,3,1,2,0,-1,-1,2,1,-1,0,-1
3314.58105613,1,2,3,3,2,3,1,3,0,-1,-1,-1,1,2,1,1,-1,0,1,0,3,-1,-1,2,1,1,2,2,0,2,-1,-1,0,0,0,-1,0,3,0,0,-1,3,1,-1,3,-1,2,3,1,1
3558.12406198,3,1,0,3,-1,1,-1,0,0,3,1,2,-1,2,1,2,1,1,2,0,3,0,3,1,0,2,1,1,-1,2,-1,2,-1,0,2,2,-1,-1,3,0,0,0,1,3,-1,2,3,3,3,0
3587.60868738,2,1,0,3,3,3,-1,0,2,-1,2,-1,1,1,2,1,-1,0,0,3,-1,0,0,1,1,0,2,3,0,-1,2,-1,1,-1,1,2,1,0,2,2,3,0,-1,2,1,3,0,1,1,-1
3641.27070562,1,1,0,0,3,0,2,2,0,3,0,1,-1,1,3,2,0,-1,-1,0,2,3,0,2,3,3,3,0,-1,1,-1,2,1,1,-1,0,0,1,2,3,-1,1,2,1,3,3,-1,1,2,2
3694.93272386,2,1,1,3,3,0,1,2,1,3,0,1,-1,2,2,2,0,2,2,2,2,1,-1,3,1,-1,3,-1,0,3,-1,1,0,1,-1,0,3,-1,1,0,0,3,2,0,3,0,3,0,-1,1
3335.22029391,2,1,3,-1,0,3,3,-1,1,0,0,2,0,1,2,3,2,2,0,-1,-1,-1,1,0,0,0,-1,1,1,-1,2,1,2,-1,0,3,2,1,3,0,3,2,3,-1,2,-1,-1,3,1,2
3148.87746135,2,1,3,1,0,1,2,0,2,1,-1,3,-1,-1,3,0,0,2,0,3,-1,2,0,1,2,-1,-1,-1,0,3,1,1,2,1,2,2,-1,-1,-1,1,1,1,-1,-1,-1,-1,0,0,2,3
3330.50275385,3,2,0,2,0,-1,-1,-1,1,3,-1,3,3,3,2,-1,1,1,0,1,2,0,0,-1,0,-1,2,0,-1,-1,3,-1,1,3,3,2,1,0,0,0,1,2,1,1,1,0,2,-1,-1,1
3733.26273689,0,2,0,1,0,0,-1,2,3,-1,1,3,1,2,1,0,3,2,-1,1,-1,2,0,-1,2,0,2,1,2,3,-1,0,0,1,3,1,3,1,3,1,-1,2,3,0,0,3,3,0,2,-1
3284.50673821,2,2,0,3,-1,2,2,2,2,3,-1,-1,2,3,0,0,-1,0,-1,-1,1,-1,3,0,1,1,2,3,3,1,3,1,0,-1,-1,0,1,3,-1,0,1,2,1,1,2,0,1,-1,3,1
3375.90907697,2,2,2,3,0,0,2,1,2,1,-1,-1,3,-1,-1,3,0,-1,1,3,1,1,1,3,-1,3,1,-1,0,-1,3,3,0,3,0,3,3,0,2,-1,2,2,1,2,-1,0,2,0,2,0
3511.53835384,3,1,1,2,3,1,3,0,-1,0,1,0,1,0,0,0,2,-1,-1,2,1,-1,1,3,1,2,0,3,2,1,2,3,3,0,2,3,3,-1,-1,-1,-1,1,-1,3,2,2,1,-1,-1,2
3683.1388737,3,2,2,0,-1,1,-1,2,0,-1,3,2,1,1,2,1,3,1,0,1,1,3,1,1,1,0,1,3,3,2,0,-1,-1,3,0,2,3,2,3,3,2,0,3,0,2,0,-1,0,0,2
3377.6781545,-1,-1,0,0,-1,2,2,2,0,1,1,0,0,3,3,-1,3,2,1,0,1,2,-1,0,-1,0,2,3,2,2,-1,3,1,2,3,3,-1,0,-1,-1,1,1,0,2,-1,1,-1,-1,0,1
3065.1411252,0,3,1,2,0,-1,-1,-1,1,0,2,-1,-1,3,0,0,1,-1,3,-1,1,1,-1,-1,2,2,1,0,0,-1,3,1,2,0,-1,1,-1,2,2,-1,1,3,-1,0,0,2,-1,0,2,-1
3355.8595317,0,0,0,2,1,-1,2,0,1,2,-1,2,-1,3,1,-1,-1,3,0,1,3,1,2,-1,2,2,-1,3,2,1,1,0,1,-1,2,-1,0,0,-1,1,-1,-1,0,0,2,2,3,1,-1,1
3496.20634863,2,2,-1,1,1,2,2,3,-1,0,1,3,0,0,3,2,3,1,2,-1,0,-1,0,-1,1,1,-1,1,2,0,2,-1,1,3,0,0,-1,3,-1,-1,1,2,1,3,-1,2,3,3,2,0
3209.61578968,3,1,3,-1,0,-1,-1,1,3,-1,-1,-1,2,0,1,-1,0,1,3,0,-1,2,1,-1,3,2,-1,2,1,-1,3,-1,2,0,1,0,0,2,3,2,-1,3,0,2,2,2,3,-1,0,2
3151.23623138,0,2,2,-1,1,1,-1,3,3,2,1,0,2,0,3,-1,-1,3,3,2,-1,3,1,1,-1,-1,-1,2,2,1,0,-1,-1,1,0,2,3,-1,-1,1,3,2,1,1,0,0,-1,-1,3,-1
3650.70578575,0,2,-1,2,1,1,-1,0,0,0,3,-1,3,2,-1,1,1,0,-1,0,1,0,-1,3,1,0,2,0,-1,1,-1,3,0,2,3,0,2,1,0,3,3,-1,3,2,1,1,1,2,-1,-1
3199.59101705,2,3,1,-1,-1,0,1,-1,1,2,0,0,1,0,1,-1,-1,3,2,-1,2,-1,-1,-1,3,3,0,2,-1,1,-1,1,3,1,3,1,-1,0,3,2,3,0,1,-1,0,-1,2,0,1,0
3208.43640467,1,2,0,3,1,-1,-1,-1,0,-1,2,3,3,1,0,3,3,3,1,2,1,0,0,1,2,0,3,-1,0,-1,3,2,-1,1,2,0,-1,2,1,-1,3,-1,2,-1,0,1,-1,-1,0,3
3345.24506655,2,-1,0,3,0,1,3,3,0,0,-1,2,1,2,-1,2,1,1,3,2,3,1,-1,3,0,1,2,-1,1,-1,1,3,2,2,0,0,-1,0,-1,1,2,1,3,3,-1,-1,0,0,0,-1
3717.34103917,0,0,2,1,1,2,3,0,3,3,-1,1,-1,0,2,2,1,1,-1,2,1,2,2,1,0,0,0,-1,-1,2,3,0,2,-1,-1,1,3,0,0,0,1,-1,2,3,1,2,3,1,3,0
3638.91193559,3,2,3,-1,1,2,0,0,-1,2,0,-1,-1,0,3,-1,1,-1,0,2,2,0,3,3,0,1,1,3,1,1,1,2,2,2,2,-1,-1,-1,3,3,1,0,0,-1,1,3,0,2,1,3
3312.8119786,2,3,2,0,-1,0,2,0,1,1,-1,1,0,3,2,-1,3,2,3,1,-1,1,0,1,1,-1,2,1,3,0,2,-1,-1,0,3,-1,-1,3,-1,0,2,0,3,1,3,1,3,2,2,2
3585.83960986,-1,3,0,1,3,0,2,3,1,1,2,1,-1,-1,2,1,0,0,2,0,2,3,0,-1,3,-1,-1,3,1,2,2,2,2,0,3,1,0,-1,2,3,-1,-1,1,1,1,0,0,-1,0,1
3660.73055839,2,1,3,0,3,0,1,0,3,2,0,1,3,2,2,1,1,3,0,3,-1,2,1,0,2,3,1,2,-1,1,2,3,-1,0,3,3,0,1,2,3,-1,0,2,1,0,-1,-1,0,2,-1
3625.93870041,2,0,0,0,3,-1,-1,1,1,0,1,3,-1,0,2,2,0,-1,2,1,3,0,-1,1,0,0,-1,3,0,2,2,0,2,3,2,1,2,-1,1,0,3,-1,1,-1,1,-1,1,0,3,-1
3760.38859226,3,0,-1,1,0,2,-1,3,3,2,1,0,0,1,0,3,0,0,-1,-1,0,0,0,3,2,-1,3,2,3,-1,1,2,1,1,1,2,3,2,2,1,1,3,2,0,2,2,1,-1,3,-1
3417.77724505,2,1,2,2,0,2,-1,0,0,1,0,1,1,2,3,2,-1,2,3,-1,2,2,1,-1,-1,1,0,3,-1,2,0,-1,2,-1,0,3,-1,1,0,3,3,-1,1,-1,1,3,1,2,-1,0
3366.47399684,2,2,3,3,3,0,1,1,-1,-1,3,-1,1,-1,0,1,0,1,-1,1,2,1,0,1,-1,-1,0,3,1,3,0,3,2,2,2,-1,2,0,0,3,0,-1,3,2,3,-1,2,1,3,2
3256.20149783,-1,-1,1,3,2,-1,3,-1,0,2,3,1,1,3,2,-1,2,1,0,3,2,3,-1,0,1,1,2,0,1,0,0,0,-1,1,0,2,-1,2,2,-1,3,1,3,0,3,1,-1,-1,-1,0
3593.50561246,-1,-1,0,1,0,3,0,2,1,1,0,3,3,2,-1,2,2,2,3,1,1,1,-1,2,-1,2,3,2,0,1,2,1,-1,-1,3,0,2,1,1,-1,0,-1,2,3,2,1,3,0,0,0
3407.1627799,-1,3,1,0,2,3,0,-1,0,3,0,1,3,1,2,1,1,3,1,-1,2,-1,-1,2,1,0,-1,2,-1,2,1,0,0,2,1,2,-1,0,3,1,-1,-1,0,1,-1,3,0,3,3,0
3409.52154993,0,-1,1,1,3,0,3,1,-1,2,0,1,-1,2,2,1,-1,-1,0,2,3,-1,3,0,1,2,3,0,-1,2,-1,2,3,1,2,1,3,1,1,0,0,1,-1,3,3,3,2,0,-1,0
3634.19439552,0,1,-1,0,1,2,3,3,1,2,2,0,0,0,3,0,2,3,2,-1,1,1,3,3,2,3,-1,1,2,-1,-1,0,1,1,1,2,3,-1,1,-1,0,2,1,0,-1,-1,3,0,-1,0
3658.37178836,0,1,1,2,0,1,2,0,-1,0,2,1,2,-1,2,2,3,3,2,2,1,3,2,0,1,0,0,0,-1,-1,-1,-1,3,3,1,0,1,3,3,-1,1,0,-1,1,0,3,3,2,1,-1
3439.00617534,0,-1,1,3,-1,3,0,0,1,0,2,3,0,0,2,0,-1,2,3,2,3,1,3,2,1,0,-1,2,-1,1,0,0,-1,2,-1,-1,3,1,-1,2,3,1,2,1,1,0,-1,1,0,3
3645.39855318,1,0,0,2,1,3,2,0,1,1,0,3,1,-1,0,3,2,0,-1,-1,1,1,-1,0,-1,2,2,0,3,3,2,1,3,3,2,0,2,1,1,1,2,3,0,-1,2,0,3,-1,3,2
3576.40452973,1,-1,1,0,2,-1,3,0,-1,1,0,1,0,0,-1,0,2,-1,-1,-1,2,1,3,2,-1,2,0,3,1,2,2,1,0,1,-1,3,1,1,3,2,2,0,0,3,3,-1,1,0,-1,2
3329.91306134,3,1,0,0,1,3,-1,2,0,1,2,1,1,3,-1,2,2,1,1,0,0,3,-1,2,-1,-1,-1,2,-1,0,0,0,-1,2,-1,-1,0,3,3,3,-1,3,1,0,2,1,2,2,2,1
3275.66135059,0,0,0,0,-1,2,-1,0,1,1,-1,-1,-1,3,2,0,2,2,3,1,3,-1,0,-1,3,0,2,-1,2,3,1,2,-1,3,0,3,0,2,0,1,0,1,1,-1,1,3,-1,3,-1,2
3143.57022878,0,2,2,2,3,2,2,1,3,2,1,1,0,3,3,0,2,1,-1,-1,0,2,-1,-1,-1,-1,-1,-1,3,0,0,3,-1,-1,-1,1,0,-1,-1,-1,1,1,1,0,1,0,1,2,-1,-1
3177.18270174,-1,2,0,0,1,1,-1,2,0,3,2,3,2,-1,-1,0,-1,1,3,2,2,0,-1,0,2,-1,1,0,-1,3,3,3,0,0,1,-1,2,2,-1,-1,-1,3,3,3,2,-1,1,0,1,1
3606.47884764,0,3,2,-1,3,3,1,-1,3,1,0,0,0,3,-1,-1,3,0,2,0,1,2,0,2,-1,0,2,-1,2,1,2,1,0,3,-1,1,0,1,1,1,-1,-1,-1,2,0,2,3,3,1,2
3763.3370548,1,1,2,0,0,2,3,1,0,2,-1,1,1,3,0,2,1,-1,3,2,2,3,-1,-1,0,1,2,-1,3,2,0,3,0,1,2,3,1,-1,-1,0,0,-1,-1,0,2,0,1,2,1,1
3464.9526457,0,-1,1,-1,-1,2,0,0,2,3,3,-1,1,1,-1,2,3,2,3,0,0,2,0,0,3,3,1,-1,2,1,3,1,1,2,-1,-1,3,0,0,2,0,3,-1,2,1,1,1,2,2,2
3345.83475906,-1,1,3,3,2,1,1,-1,0,-1,0,3,2,2,-1,2,0,2,-1,0,-1,1,-1,2,1,-1,0,3,0,3,0,2,-1,2,2,3,1,3,1,2,-1,3,-1,1,2,0,1,1,3,3
3418.95663006,1,-1,3,3,2,-1,0,1,-1,0,0,-1,0,1,3,0,1,2,0,1,0,3,1,2,2,3,2,2,-1,2,0,2,2,3,3,0,-1,3,1,0,-1,1,1,1,-1,-1,2,-1,1,2
3673.11410106,2,2,-1,1,3,0,3,0,1,0,0,0,2,3,-1,2,2,2,-1,-1,0,1,-1,-1,2,0,-1,1,0,0,3,1,1,3,1,2,3,-1,2,1,3,0,1,-1,1,2,3,2,0,2
3446.67217794,0,3,3,1,3,2,1,3,2,-1,3,0,0,-1,1,2,-1,-1,-1,0,3,2,-1,2,0,1,3,1,0,3,0,1,1,-1,1,-1,2,-1,-1,2,-1,3,0,1,0,2,0,1,2,1
3677.83164112,1,1,2,2,0,1,0,-1,1,3,2,-1,3,2,-1,0,0,3,0,3,1,2,3,1,3,2,-1,3,2,3,-1,1,1,3,0,0,3,2,1,0,2,1,3,-1,0,2,1,0,0,2
3399.4967773,0,3,-1,-1,1,1,3,3,0,0,-1,2,1,2,0,1,3,0,-1,3,1,0,2,-1,0,2,2,3,-1,2,-1,0,0,-1,2,0,-1,1,1,2,-1,0,2,3,2,1,1,-1,3,-1
3847.07339095,1,0,3,0,3,-1,1,0,-1,1,1,2,2,1,2,0,3,1,2,1,2,-1,0,3,1,1,2,2,3,2,3,0,2,-1,0,-1,2,3,1,3,3,1,0,-1,0,0,3,0,3,0
3666.03779096,-1,1,2,0,0,1,1,-1,3,0,1,1,-1,3,3,2,0,2,2,1,2,2,0,3,0,2,-1,0,3,3,-1,1,2,-1,3,0,2,0,0,0,3,2,1,1,-1,1,2,3,-1,1
3373.55030694,2,0,1,1,1,2,-1,3,0,-1,2,2,1,3,-1,-1,0,0,0,0,0,3,1,2,0,-1,1,3,0,2,-1,1,-1,-1,-1,-1,1,0,3,3,3,2,2,-1,1,0,1,2,3,2
3524.51158901,1,2,1,1,1,-1,-1,1,3,1,2,0,-1,2,-1,3,3,0,3,-1,3,1,0,-1,0,2,-1,1,1,2,0,-1,1,1,-1,3,0,-1,1,2,2,0,2,0,0,2,3,0,2,2
3698.47087891,3,-1,2,3,1,-1,2,2,3,1,-1,2,-1,2,0,1,0,0,1,1,3,0,0,2,0,1,2,2,-1,0,1,-1,1,-1,0,3,0,-1,3,3,3,3,3,0,2,0,1,1,-1,2
3506.23112126,2,1,-1,3,-1,3,3,2,2,2,2,2,3,2,1,3,1,2,3,1,0,-1,-1,1,0,1,3,0,-1,1,1,1,0,-1,3,-1,0,0,0,0,0,2,-1,0,2,2,-1,3,1,0
3601.17161507,0,3,1,3,2,3,2,2,3,3,1,3,2,0,2,1,3,1,-1,2,0,0,1,0,3,-1,1,-1,-1,-1,1,-1,-1,0,0,1,-1,3,3,2,0,3,1,2,0,2,1,0,2,0
3478.51557338,2,-1,0,3,-1,2,2,2,3,3,2,-1,1,-1,-1,3,0,0,0,-1,3,2,1,-1,2,1,1,1,-1,3,0,-1,0,1,0,2,2,0,2,3,3,1,2,0,3,1,1,0,0,0
3763.92674731,0,2,0,2,2,0,2,2,-1,2,2,1,2,0,1,3,0,1,-1,0,3,0,-1,-1,0,3,2,3,-1,-1,0,2,-1,1,3,1,3,3,1,2,3,0,0,2,1,1,3,1,0,1
3452.56910303,3,0,2,1,2,2,1,1,0,3,2,2,2,-1,-1,3,3,1,1,0,3,3,3,2,0,-1,-1,2,-1,0,0,1,2,1,-1,3,0,3,2,-1,-1,1,0,3,1,3,0,1,1,1
3122.93099099,2,0,2,3,1,3,2,-1,-1,-1,2,1,0,3,3,2,3,1,2,-1,2,-1,-1,0,2,3,1,-1,0,-1,0,0,-1,0,1,0,1,-1,1,-1,-1,3,1,-1,1,-1,3,2,0,2
3479.10526589,-1,-1,0,1,1,0,1,2,3,3,-1,3,1,-1,-1,-1,-1,2,-1,1,2,0,2,1,0,0,2,1,0,1,-1,0,0,0,3,2,-1,-1,1,1,0,-1,0,3,2,2,-1,2,3,0
3218.46117731,2,2,-1,-1,3,-1,2,-1,3,2,1,2,-1,0,0,0,-1,1,-1,3,2,3,2,0,1,-1,3,-1,-1,-1,1,1,3,3,2,1,1,3,0,0,0,2,-1,3,1,0,0,3,0,-1
3538.0745167,0,1,0,0,-1,0,-1,3,2,3,0,1,1,0,1,2,-1,1,1,3,-1,1,3,0,-1,3,1,1,2,-1,3,1,0,3,-1,0,0,2,3,-1,1,-1,-1,-1,3,0,2,2,-1,3
3749.1844346,2,1,-1,2,3,0,0,0,0,1,1,2,3,3,1,3,1,1,-1,-1,2,0,2,2,-1,2,2,1,1,-1,2,3,3,0,2,0,1,-1,1,0,3,-1,0,3,0,1,3,0,2,-1
3286.27581574,1,2,0,1,2,-1,2,3,-1,-1,-1,1,0,2,0,2,1,0,-1,-1,-1,3,1,-1,2,-1,0,0,3,0,0,3,1,3,2,2,-1,-1,1,2,0,3,0,0,2,-1,3,1,1,-1
3362.34614928,1,1,-1,0,1,3,1,1,1,-1,0,3,-1,-1,3,3,2,-1,2,3,2,-1,0,2,0,0,1,2,0,2,0,0,3,3,-1,1,2,1,0,3,2,2,-1,3,0,0,-1,3,3,-1
3345.24506655,3,0,0,3,2,0,1,1,0,-1,2,-1,3,3,-1,-1,0,0,-1,-1,2,2,3,3,1,3,1,2,2,3,-1,1,2,2,-1,0,3,2,-1,1,0,-1,3,0,0,1,1,1,2,-1
3414.23909,1,0,1,1,3,2,3,-1,1,0,-1,0,1,2,0,-1,0,1,1,-1,-1,0,-1,2,-1,3,1,3,1,-1,1,3,-1,3,3,3,2,2,2,0,1,-1,2,0,-1,2,0,-1,0,0
3467.31141573,1,2,2,0,-1,1,-1,1,2,1,3,-1,2,0,0,0,-1,-1,1,-1,3,0,-1,3,-1,0,3,-1,2,1,-1,0,0,2,2,2,-1,0,1,1,-1,0,2,2,3,3,0,1,1,1
3276.2510431,3,-1,2,-1,0,0,3,-1,1,-1,2,1,0,-1,3,2,1,0,1,0,2,0,-1,2,1,0,-1,-1,3,-1,0,1,3,3,3,1,1,0,3,0,-1,2,2,2,3,2,2,-1,0,-1
3293.35212584,3,0,1,-1,-1,1,3,3,-1,2,1,3,1,2,0,3,-1,-1,3,3,1,3,1,0,2,0,1,1,2,2,0,2,2,2,1,2,3,3,-1,-1,-1,-1,0,1,-1,-1,-1,2,1,0
3273.30258056,-1,-1,0,1,3,-1,-1,0,3,3,3,1,2,-1,0,1,0,-1,-1,2,2,1,1,0,0,1,-1,0,1,-1,3,1,3,0,2,-1,2,1,1,2,2,2,-1,0,1,-1,0,3,2,2
3446.67217794,1,1,-1,-1,3,0,3,2,2,3,2,-1,0,0,1,2,2,1,-1,-1,2,-1,2,-1,0,1,0,1,1,1,-1,2,0,3,-1,3,1,-1,0,0,3,1,3,1,3,3,2,3,2,3
3647.1676307,-1,1,2,-1,0,1,3,-1,0,0,-1,0,-1,1,0,2,3,0,-1,2,2,-1,3,3,2,2,-1,2,-1,1,0,1,0,1,3,2,1,3,2,1,1,3,3,0,0,1,1,2,0,3
3685.49764373,3,3,3,1,1,2,3,0,0,3,3,-1,0,2,1,-1,2,2,0,3,2,0,1,2,1,1,0,0,0,3,1,1,2,3,1,0,3,1,2,2,-1,2,2,-1,0,1,-1,0,-1,-1
3410.11124244,-1,2,2,3,0,1,-1,0,0,1,0,-1,-1,-1,1,2,-1,1,3,1,-1,2,3,1,1,-1,1,2,2,0,0,-1,2,2,3,-1,1,1,2,0,1,2,-1,0,0,-1,2,0,-1,0
3308.09443854,1,2,2,0,-1,0,-1,1,0,2,2,-1,3,-1,1,-1,2,-1,0,3,3,3,1,1,-1,1,2,1,1,2,-1,2,2,-1,-1,-1,2,0,0,0,1,0,1,3,-1,3,0,2,0,0
3227.30656493,1,-1,2,0,2,-1,3,0,0,1,-1,0,1,0,2,-1,3,-1,3,1,0,3,2,2,2,-1,-1,3,2,3,2,2,1,1,0,0,3,-1,-1,-1,-1,1,0,3,2,-1,1,1,2,-1
3754.49166718,0,2,2,0,0,1,2,1,-1,1,1,3,1,1,-1,2,1,2,0,2,2,1,2,-1,3,0,-1,-1,3,3,2,3,0,1,-1,0,0,0,3,2,1,0,-1,1,-1,0,2,3,3,-1
3075.16589784,-1,2,1,-1,1,3,0,2,-1,0,0,-1,1,2,-1,-1,3,-1,0,2,1,1,1,3,1,2,2,1,-1,3,0,3,3,0,1,3,-1,-1,3,1,-1,3,2,-1,-1,2,3,2,-1,2
3342.88629652,1,2,0,0,3,1,-1,2,0,0,-1,3,1,-1,1,1,2,0,2,-1,0,3,0,0,2,3,3,1,2,2,-1,3,1,-1,0,2,0,2,-1,1,-1,2,3,-1,1,0,-1,-1,2,1
3584.66022484,2,2,1,3,3,0,1,3,2,1,-1,3,3,0,1,-1,1,3,2,1,0,0,2,2,-1,3,2,0,3,-1,3,0,1,1,2,-1,0,2,-1,-1,2,1,-1,0,0,-1,3,2,1,1
3559.8931395,1,-1,0,1,2,2,3,1,2,2,3,0,1,3,1,-1,-1,0,2,-1,2,-1,-1,1,1,0,2,-1,0,1,2,-1,0,1,2,0,0,-1,3,3,2,0,0,3,1,3,-1,1,0,3
3515.66620139,-1,0,1,0,2,1,1,0,3,3,2,3,2,1,0,-1,-1,0,-1,1,2,-1,1,2,0,0,-1,1,3,3,1,1,2,2,2,3,0,2,3,1,-1,-1,-1,3,1,0,-1,2,-1,0
3343.47598903,0,2,0,2,3,-1,-1,1,1,1,3,1,-1,-1,-1,2,0,1,2,-1,2,0,-1,3,1,1,-1,3,0,1,0,1,0,2,-1,0,2,3,2,1,2,-1,1,-1,0,0,-1,1,0,2
3528.04974406,3,1,-1,0,2,-1,2,2,0,0,-1,0,-1,1,1,3,2,1,-1,0,3,0,1,0,1,0,-1,-1,1,2,2,-1,2,1,2,0,2,1,2,-1,3,1,-1,-1,-1,3,0,3,0,2
3714.98226913,1,-1,2,2,0,2,0,1,3,0,2,2,2,0,1,2,1,0,3,0,1,-1,3,3,-1,-1,1,3,0,3,2,-1,3,3,3,1,1,0,-1,2,0,-1,1,2,0,1,3,2,1,2
3224.9477949,1,0,2,1,-1,1,-1,2,-1,2,1,3,3,-1,2,-1,0,-1,1,-1,1,-1,-1,2,2,3,3,-1,3,1,0,0,-1,0,3,1,-1,3,0,0,1,-1,0,1,2,2,0,0,0,2
3437.23709781,2,-1,-1,1,-1,0,2,-1,-1,0,-1,0,3,2,2,3,0,2,2,1,3,3,0,0,3,1,1,1,1,3,2,2,3,3,3,0,1,0,-1,0,-1,1,0,1,1,3,-1,2,-1,2
3485.59188348,2,2,0,3,-1,1,-1,1,3,0,0,-1,2,-1,-1,-1,3,3,2,0,1,2,3,0,1,1,2,0,1,3,3,3,0,-1,0,-1,1,0,1,2,0,2,-1,1,-1,2,1,3,1,2
3396.54831475,0,-1,2,0,3,3,2,2,0,1,3,-1,-1,-1,1,-1,0,0,3,-1,3,-1,3,1,2,1,0,-1,2,2,3,1,1,2,0,1,3,2,1,2,0,0,0,-1,1,3,0,2,2,-1
3543.97144178,2,0,0,3,0,2,3,0,0,1,1,3,1,3,2,2,2,-1,1,1,0,-1,3,3,-1,1,-1,3,2,2,1,3,-1,1,1,0,0,2,-1,1,1,0,3,2,0,-1,-1,2,0,-1
3552.8168294,3,1,1,3,0,1,-1,2,3,0,-1,3,1,1,2,2,-1,2,1,0,1,2,2,1,-1,0,3,-1,0,3,1,1,-1,0,0,2,0,1,3,0,2,0,3,2,2,-1,-1,-1,3,-1
3696.11210887,2,3,0,-1,3,0,2,2,2,2,0,-1,3,0,0,3,2,1,2,1,1,-1,-1,2,-1,0,2,-1,1,1,1,0,1,3,1,2,1,-1,-1,0,2,-1,-1,0,1,0,3,3,-1,0
3444.90310042,-1,1,3,3,2,1,3,3,-1,-1,1,2,-1,-1,2,1,3,-1,0,2,3,1,2,0,-1,3,1,3,0,-1,2,0,1,-1,2,2,0,2,1,0,1,-1,0,0,3,0,-1,-1,0,0
3289.81397079,3,3,1,2,2,3,3,1,-1,-1,2,-1,-1,1,2,0,1,-1,0,-1,-1,1,2,1,3,-1,1,2,0,3,1,2,0,0,-1,1,-1,0,-1,0,1,2,3,0,0,2,-1,1,0,2
3667.21717598,2,0,-1,2,0,0,1,-1,2,1,0,2,2,-1,1,2,0,0,3,3,-1,1,3,3,0,0,3,3,2,2,1,2,1,1,-1,-1,3,1,1,0,3,0,-1,3,2,0,1,-1,2,3
3683.7285662,-1,1,0,0,2,0,1,-1,-1,1,1,3,-1,2,-1,-1,2,0,-1,3,-1,1,3,2,1,0,2,1,3,1,1,2,3,-1,1,0,0,0,2,1,3,2,0,0,1,-1,2,0,3,2
3561.66221703,3,3,2,0,3,0,1,0,-1,-1,1,0,2,0,0,2,-1,1,1,3,2,1,3,-1,-1,3,-1,1,2,0,1,-1,3,0,1,3,-1,-1,2,0,0,-1,3,2,3,2,2,0,2,3
3493.25788608,1,0,-1,2,2,-1,2,0,0,0,-1,2,1,2,2,1,1,-1,1,3,-1,0,0,3,3,-1,3,2,-1,-1,3,3,1,2,0,0,1,1,1,1,-1,1,0,-1,0,0,2,3,-1,2
3477.92588087,1,0,2,2,-1,1,1,0,1,0,3,2,0,0,-1,-1,1,3,-1,2,2,2,3,2,1,0,2,-1,3,-1,3,0,-1,1,3,0,1,-1,1,3,0,1,-1,1,3,3,-1,0,3,-1
3160.67131151,1,0,2,-1,2,2,1,1,0,3,0,1,0,-1,3,2,-1,1,2,-1,-1,-1,1,0,0,3,3,0,-1,2,2,0,-1,1,2,-1,3,2,0,3,1,1,-1,1,-1,-1,-1,3,1,0
3341.11721899,2,2,2,0,-1,3,3,1,0,2,-1,2,-1,0,2,0,-1,2,1,-1,1,0,1,0,-1,0,3,1,0,2,1,-1,2,2,1,-1,0,3,1,-1,3,3,2,-1,3,-1,3,-1,0,1
3519.20435644,0,0,1,1,2,2,-1,0,0,-1,3,3,0,-1,3,-1,0,1,-1,1,-1,3,3,2,0,3,2,2,1,2,-1,1,0,-1,3,0,1,1,3,2,1,2,1,0,-1,2,0,1,3,-1
3241.45918512,1,2,2,0,-1,-1,-1,1,1,3,2,1,3,-1,-1,-1,1,1,1,2,3,1,3,1,-1,3,3,3,2,2,1,2,0,2,-1,-1,3,0,0,2,3,0,3,0,-1,1,0,1,0,2
3805.20522287,0,3,-1,-1,0,0,1,-1,-1,0,2,3,0,1,-1,-1,-1,1,3,2,0,1,3,2,0,0,2,-1,0,1,2,2,2,1,2,1,2,3,3,0,1,-1,1,2,1,0,3,0,2,-1
3292.17274082,0,1,1,-1,-1,2,3,2,1,3,3,2,-1,0,-1,2,-1,0,0,2,-1,2,-1,0,2,1,2,1,0,-1,0,1,-1,-1,0,-1,1,0,1,3,3,-1,-1,1,2,3,1,3,0,0
3739.74935447,0,2,3,2,1,1,2,2,3,2,0,1,1,3,1,2,1,2,3,3,-1,2,3,2,1,1,0,3,1,1,2,1,-1,-1,2,0,0,0,0,2,0,3,3,-1,-1,0,-1,-1,0,3
3598.81284504,0,0,2,2,3,0,-1,1,-1,1,1,2,2,-1,0,-1,3,0,1,2,0,2,0,0,-1,3,1,0,2,-1,1,3,2,-1,2,1,0,-1,3,1,-1,3,-1,1,2,2,3,1,0,1
3299.83874343,-1,1,-1,-1,0,2,3,2,-1,-1,1,1,2,-1,-1,0,0,2,2,2,0,1,0,1,-1,1,-1,0,1,2,-1,0,-1,1,-1,0,1,2,2,1,3,0,2,-1,3,-1,3,1,3,0
3669.57594601,0,3,0,1,2,2,3,-1,1,2,2,1,2,-1,3,2,1,2,-1,3,2,0,-1,-1,1,2,1,3,0,0,1,3,1,1,3,0,-1,1,2,-1,0,2,0,3,1,0,0,3,1,3
3247.94580271,3,2,0,1,1,0,2,3,1,0,1,0,-1,2,-1,0,2,-1,2,3,1,0,-1,3,0,1,0,1,2,1,1,-1,-1,-1,3,-1,-1,-1,-1,-1,2,0,1,-1,0,2,-1,1,3,-1
3611.19638771,-1,3,1,2,2,-1,1,1,-1,-1,0,3,2,0,3,3,0,0,-1,1,-1,2,0,2,-1,-1,3,1,2,3,2,1,1,2,2,-1,0,-1,0,3,0,-1,1,0,0,3,2,1,1,2
3297.47997339,2,1,2,0,-1,-1,1,3,2,0,-1,-1,3,3,0,0,3,-1,-1,1,3,2,2,1,2,1,2,3,2,1,3,-1,2,0,-1,0,1,2,3,-1,0,3,2,1,3,0,-1,-1,2,0
3647.75732321,3,2,2,0,2,3,2,2,-1,2,1,2,1,-1,3,0,2,0,1,-1,-1,3,-1,1,1,1,0,1,3,0,0,2,3,3,-1,2,0,1,3,1,2,-1,0,0,3,3,0,0,2,1
3670.75533103,1,-1,1,0,1,2,-1,0,3,3,0,0,2,0,3,2,1,0,1,2,-1,2,-1,-1,2,1,1,0,1,-1,0,0,3,3,2,-1,3,2,3,1,2,-1,1,3,1,0,3,2,0,-1
3652.47486327,2,0,-1,1,2,3,1,1,-1,0,0,-1,0,0,0,2,3,1,2,2,-1,2,1,3,2,0,-1,1,2,-1,1,-1,1,-1,0,-1,3,2,0,3,1,1,0,2,1,3,-1,3,2,3
3535.71574667,1,1,0,3,0,1,-1,3,3,2,-1,2,2,-1,3,-1,1,0,-1,2,3,2,1,3,0,2,3,2,0,2,3,0,0,2,-1,1,1,-1,1,1,3,1,2,3,2,1,0,-1,0,3
3664.26871344,3,0,1,2,1,1,3,2,1,3,1,-1,3,3,3,2,0,0,0,-1,-1,0,2,3,1,1,-1,0,2,2,1,1,3,3,-1,0,1,2,2,0,0,-1,0,3,1,2,-1,1,0,2
3470.84957078,2,0,1,2,-1,2,-1,1,-1,0,1,0,0,-1,0,-1,1,0,-1,1,1,2,3,1,0,-1,3,3,2,0,3,-1,-1,1,0,2,3,2,2,3,3,-1,1,0,3,2,-1,1,0,1
3614.14485025,-1,0,2,0,2,0,-1,2,2,2,2,1,3,3,0,0,2,0,3,1,-1,2,0,3,1,1,-1,-1,1,3,3,0,3,2,-1,1,-1,1,3,0,3,2,1,-1,1,0,1,-1,0,0
3624.16962289,3,1,3,-1,-1,1,3,1,3,0,1,0,3,2,3,3,3,0,2,2,-1,1,1,-1,0,0,1,3,0,0,2,0,1,-1,2,2,2,2,3,2,-1,-1,-1,1,1,-1,2,3,1,0
3141.80115125,2,-1,-1,-1,-1,2,1,-1,2,-1,-1,3,0,1,0,3,-1,-1,0,0,1,1,1,2,2,1,-1,0,-1,3,0,0,-1,-1,2,1,3,2,2,0,2,2,3,2,3,1,0,3,-1,1
3782.79690757,-1,3,-1,2,0,-1,3,0,3,1,1,2,1,1,0,1,2,0,2,0,0,0,1,2,2,2,-1,1,2,3,1,0,3,3,3,3,1,1,1,2,-1,-1,3,0,0,0,2,3,3,-1
2979.63571152,1,3,2,2,1,1,0,-1,0,1,-1,-1,-1,-1,-1,0,-1,1,3,1,2,0,3,0,-1,-1,2,3,-1,1,2,0,0,-1,2,-1,-1,2,-1,2,0,1,1,-1,-1,1,2,2,0,-1
3358.80799424,2,1,-1,0,-1,-1,0,1,2,2,-1,0,3,1,1,3,0,0,-1,1,-1,-1,-1,0,-1,1,2,-1,1,-1,3,0,2,2,0,1,-1,2,3,0,-1,2,1,0,-1,2,0,2,1,2
3336.39967893,2,-1,-1,0,-1,0,3,1,0,-1,-1,-1,-1,-1,1,1,2,3,2,1,3,2,1,0,0,-1,3,-1,2,2,0,0,2,0,0,3,0,3,3,-1,2,2,-1,2,1,0,1,0,3,2
3421.3154001,-1,-1,0,0,0,3,2,1,-1,1,2,3,1,-1,1,0,1,0,0,3,0,1,-1,3,0,3,3,2,1,3,-1,1,-1,2,-1,-1,0,-1,2,0,1,1,1,2,2,0,2,-1,1,-1
3237.33133757,3,1,0,-1,-1,2,-1,0,1,3,1,-1,-1,3,-1,2,2,3,0,0,-1,-1,1,0,1,2,2,2,-1,1,0,1,2,0,-1,2,-1,2,1,0,3,0,1,1,3,0,2,3,1,-1
3518.61466393,-1,1,2,3,3,2,0,1,3,0,2,1,-1,3,2,0,0,2,-1,1,1,2,3,0,2,-1,2,-1,-1,3,0,-1,0,0,2,2,-1,1,3,1,0,1,1,3,-1,1,3,0,2,0
3324.60582877,2,2,0,0,-1,0,0,1,2,-1,0,0,1,2,-1,2,0,1,1,-1,1,1,3,-1,0,1,1,3,2,0,0,-1,0,2,2,-1,1,-1,-1,2,-1,-1,-1,2,-1,-1,-1,-1,-1,0
3121.16191347,-1,0,1,1,-1,3,2,1,3,3,-1,2,-1,-1,2,-1,-1,2,0,0,3,-1,-1,0,2,1,2,2,0,-1,0,1,0,3,-1,-1,3,1,3,-1,2,1,3,2,1,0,0,0,3,2
3656.01301832,1,0,0,-1,2,1,1,2,1,1,2,3,3,1,1,0,2,2,-1,3,-1,3,2,-1,3,2,1,0,2,0,3,0,1,0,0,2,-1,2,3,2,3,-1,1,3,-1,-1,0,0,-1,0
3331.09244635,3,-1,1,0,2,0,0,1,1,3,0,-1,2,3,-1,0,1,3,-1,2,3,-1,-1,3,0,2,2,-1,2,2,3,3,1,1,3,0,1,-1,2,0,-1,1,0,1,2,2,-1,3,-1,0
3542.20236426,0,0,0,1,3,1,0,-1,3,0,1,1,2,2,0,-1,1,1,2,-1,2,2,1,3,1,-1,1,0,3,-1,0,0,3,3,0,-1,3,0,-1,1,1,-1,2,3,2,3,2,2,3,-1
3444.90310042,1,1,1,1,3,-1,0,3,2,0,3,2,2,-1,3,0,2,0,1,1,0,2,0,1,3,2,0,2,0,1,2,-1,2,3,-1,-1,1,-1,-1,2,-1,3,-1,0,2,3,3,1,0,2
3621.22116034,3,3,1,3,2,1,0,2,3,2,2,2,1,3,-1,2,2,3,1,3,-1,0,0,1,0,2,1,-1,-1,3,-1,0,1,2,-1,1,0,1,0,3,3,0,0,1,3,0,2,2,-1,-1
3896.01786912,2,1,3,0,-1,0,1,0,-1,1,0,3,0,2,1,1,0,1,3,-1,2,1,3,2,3,0,1,3,-1,2,0,2,0,0,3,1,2,-1,-1,-1,3,2,2,2,0,0,-1,1,3,1
3452.56910303,3,-1,1,0,1,-1,-1,2,2,2,0,1,0,2,3,3,-1,-1,3,-1,1,1,3,2,0,2,-1,0,-1,-1,1,3,1,0,0,0,0,0,-1,2,0,2,-1,3,2,1,1,1,1,-1
3473.20834081,1,0,-1,2,1,1,2,1,-1,2,3,-1,0,-1,3,0,2,2,0,-1,1,0,1,-1,-1,-1,-1,1,-1,2,1,-1,-1,0,2,3,0,-1,1,3,0,2,0,2,2,2,1,0,0,0
3391.83077469,2,3,0,0,1,0,0,-1,-1,0,-1,1,0,2,3,-1,0,-1,0,0,-1,3,2,2,3,-1,1,2,1,1,1,-1,1,-1,2,0,2,3,0,2,1,-1,2,3,-1,-1,-1,2,1,2
3160.081619,2,-1,0,2,2,0,1,0,0,0,-1,-1,1,-1,3,3,-1,3,3,0,2,3,-1,2,3,3,-1,2,0,-1,0,2,-1,-1,0,1,1,1,2,0,2,1,-1,0,1,-1,1,3,1,2
3560.48283201,0,-1,2,-1,1,-1,0,2,2,0,1,1,3,2,3,1,0,1,1,3,2,-1,3,0,3,2,-1,2,0,0,-1,-1,2,0,1,3,0,2,1,-1,2,3,3,3,1,0,-1,3,0,1
3613.55515774,1,0,-1,1,0,3,0,1,1,0,-1,1,3,1,3,0,1,2,0,2,-1,0,1,3,1,3,2,2,2,0,1,-1,1,2,1,3,2,3,-1,3,-1,3,2,2,-1,-1,0,3,3,-1
3598.22315253,1,2,2,3,0,0,3,1,-1,2,-1,-1,1,-1,-1,0,0,3,3,2,-1,1,3,-1,0,1,3,3,3,2,-1,0,0,2,3,0,1,1,1,2,2,1,2,1,1,2,0,0,1,-1
3522.74251149,2,2,3,1,1,2,0,3,3,1,0,2,3,3,1,-1,1,2,1,0,1,2,1,2,0,3,3,0,0,2,2,0,2,3,2,0,-1,1,3,1,-1,0,-1,-1,3,-1,-1,-1,0,1
3792.8216802,0,2,-1,2,2,0,-1,1,0,0,1,1,3,2,0,3,3,0,-1,2,0,-1,3,3,2,1,1,3,0,0,3,2,0,1,1,-1,-1,-1,2,3,3,3,1,1,0,3,2,2,1,2
3278.02012063,2,2,0,1,-1,2,2,-1,3,0,-1,3,1,-1,3,2,2,-1,-1,1,0,0,-1,3,2,-1,0,3,2,2,1,2,-1,0,0,1,1,1,-1,0,-1,-1,0,1,1,1,0,2,2,-1
3434.28863527,1,0,1,0,3,0,1,3,0,2,-1,1,3,-1,1,-1,-1,3,0,3,1,3,-1,0,1,2,2,-1,3,2,3,3,0,1,-1,1,1,-1,2,0,3,-1,0,2,0,-1,0,3,1,2
3590.55714992,3,2,1,0,2,3,1,0,2,1,-1,1,1,-1,3,3,-1,0,3,-1,2,1,0,2,2,2,0,-1,2,-1,2,3,0,3,3,0,1,3,1,3,2,1,2,0,1,0,-1,3,0,1
3424.26386264,3,-1,0,1,1,-1,0,-1,3,1,0,-1,1,2,1,-1,-1,1,-1,0,3,2,2,2,2,3,1,0,1,1,0,2,0,2,-1,1,3,2,3,-1,0,-1,3,3,-1,3,0,-1,3,0
3362.34614928,2,1,3,1,0,-1,3,2,1,0,-1,3,3,0,0,-1,-1,0,1,0,3,2,2,1,3,3,-1,-1,2,-1,-1,0,2,3,0,-1,-1,0,2,2,1,3,0,1,1,3,-1,2,2,1
3589.37776491,1,0,1,2,-1,0,0,2,1,1,0,2,-1,-1,-1,2,1,-1,2,1,-1,1,3,3,2,3,0,-1,-1,3,1,2,0,0,1,-1,1,0,0,3,2,3,1,1,2,2,2,0,3,-1
3243.22826265,3,1,-1,1,2,2,1,1,2,0,2,3,-1,-1,0,-1,3,2,2,-1,0,2,0,1,0,-1,3,3,3,0,0,-1,-1,1,1,-1,3,-1,2,3,1,3,-1,1,3,1,2,-1,1,0
3076.34528285,2,1,2,0,0,-1,-1,2,1,0,3,3,-1,-1,-1,-1,1,3,1,3,0,-1,1,-1,2,-1,1,-1,-1,2,3,2,1,3,2,0,1,3,2,1,-1,0,0,0,2,-1,3,1,3,1
3391.83077469,2,-1,1,2,3,2,-1,-1,0,0,0,3,-1,2,0,-1,0,0,2,1,0,3,-1,2,1,1,2,2,1,2,1,-1,1,1,1,3,3,-1,-1,2,-1,-1,2,0,-1,-1,0,1,0,3
3477.33618837,2,-1,2,-1,-1,2,0,0,1,1,2,3,-1,0,1,3,1,0,3,-1,-1,3,2,1,-1,0,3,3,2,-1,2,1,1,-1,0,2,-1,1,2,3,3,2,1,0,1,0,0,3,2,1
3107.59898578,-1,0,1,0,0,-1,0,1,2,2,3,1,-1,1,1,3,0,-1,1,2,2,2,-1,-1,-1,3,1,2,-1,0,-1,-1,-1,2,3,3,3,3,3,0,-1,2,2,-1,3,2,3,1,2,1
3607.65823266,-1,2,2,1,0,1,1,2,2,2,0,0,3,-1,3,-1,-1,-1,0,0,-1,0,1,3,2,2,-1,-1,2,1,2,1,-1,1,3,2,1,-1,1,1,0,3,2,0,1,0,3,2,-1,3
3408.34216492,3,3,2,3,2,2,0,2,0,3,0,-1,1,3,-1,3,2,-1,1,-1,0,1,2,-1,1,2,0,3,1,0,-1,1,1,2,-1,1,3,2,2,0,2,3,1,-1,-1,-1,0,1,1,0
3558.12406198,3,1,1,1,-1,0,3,-1,3,1,3,-1,3,2,2,1,2,2,-1,0,0,1,2,1,2,1,0,1,2,-1,2,-1,2,2,-1,3,0,3,0,1,0,0,-1,0,0,3,1,2,3,-1
3375.90907697,1,0,-1,2,0,-1,1,1,-1,2,0,1,1,1,2,3,3,0,3,3,0,3,3,-1,2,-1,2,-1,0,2,-1,2,3,3,1,1,-1,0,-1,1,3,3,0,-1,-1,2,0,3,2,2
3748.00504959,0,3,-1,1,3,0,-1,0,2,3,2,2,1,0,3,3,3,0,1,0,0,1,0,2,1,-1,1,1,-1,2,1,2,1,3,3,-1,3,1,2,-1,2,1,0,3,0,-1,2,0,1,2
3434.87832778,2,1,-1,0,1,1,0,0,-1,1,0,2,3,0,-1,2,3,3,2,0,1,1,2,1,3,3,3,1,-1,2,-1,3,-1,3,1,-1,-1,0,2,-1,3,0,2,-1,-1,0,1,3,-1,1
3552.2271369,1,0,0,-1,-1,0,-1,2,-1,2,3,3,1,0,2,1,0,1,1,2,-1,-1,2,2,0,0,3,0,3,-1,1,1,1,3,-1,3,1,3,1,2,-1,2,1,0,2,-1,0,1,0,2
3765.10613232,3,3,2,0,0,1,1,2,-1,2,0,3,2,3,-1,0,-1,0,1,3,2,0,0,-1,3,2,2,2,-1,3,0,1,1,1,2,3,1,2,0,1,2,3,0,1,-1,1,3,-1,2,1
3092.26698057,-1,0,1,3,2,1,0,1,-1,3,-1,2,1,3,-1,0,3,-1,2,-1,0,2,3,2,2,-1,-1,1,1,2,3,2,1,-1,0,0,3,0,3,0,-1,2,-1,1,1,-1,3,1,1,2
3305.145976,0,-1,1,1,2,0,-1,0,0,2,-1,2,3,3,3,1,3,-1,0,3,1,0,-1,-1,2,0,2,2,3,2,0,2,-1,3,1,3,3,2,1,1,2,0,2,-1,0,-1,0,-1,0,-1
3550.45805937,-1,2,-1,1,1,1,-1,1,-1,-1,-1,1,2,2,2,2,1,1,3,2,1,0,0,0,1,1,3,0,0,3,0,2,3,3,2,0,3,0,3,0,1,-1,-1,-1,0,2,3,0,-1,3
3556.94467696,1,0,2,2,0,-1,1,3,0,0,3,1,1,3,-1,2,0,2,0,-1,-1,0,1,2,0,2,2,-1,1,3,2,0,-1,2,2,-1,3,1,0,1,1,0,2,3,2,3,1,-1,3,3
3598.22315253,1,2,-1,0,-1,3,2,2,2,3,0,3,1,3,2,-1,2,0,0,1,1,0,1,0,2,1,-1,0,3,0,1,2,2,1,-1,3,3,1,1,-1,2,0,2,-1,1,2,0,-1,3,-1
3444.31340791,2,0,1,1,1,1,-1,1,0,3,3,-1,2,2,1,3,2,2,2,-1,-1,1,0,-1,3,1,0,2,0,1,3,2,3,3,2,3,3,-1,-1,0,0,2,3,1,-1,0,-1,3,2,-1
3413.64939749,1,-1,-1,-1,1,1,-1,-1,0,-1,3,0,3,2,3,1,2,2,-1,-1,1,1,2,1,0,0,2,1,1,2,0,0,0,-1,3,2,0,3,0,-1,-1,-1,0,3,0,1,3,3,-1,2
3334.0409089,0,1,0,-1,-1,-1,3,-1,-1,0,-1,-1,2,0,-1,1,0,-1,1,3,3,2,1,1,2,3,1,0,-1,1,-1,3,2,2,2,0,2,2,1,0,-1,3,0,3,3,0,1,0,0,2
3610.6066952,1,3,-1,1,0,2,2,0,1,0,-1,0,3,-1,3,1,0,3,2,2,3,-1,1,2,0,2,2,2,3,3,-1,1,0,3,1,0,1,3,-1,2,0,-1,1,-1,1,0,-1,3,0,1
3792.8216802,2,2,1,3,0,3,3,0,3,2,0,1,0,1,2,2,0,1,2,-1,0,0,3,2,0,0,1,1,-1,3,-1,2,3,3,-1,3,2,-1,0,1,2,0,1,3,1,-1,1,2,1,3
3382.39569456,1,1,-1,2,0,2,0,2,0,0,2,-1,3,3,-1,1,0,-1,1,2,0,3,-1,1,3,-1,0,-1,0,2,-1,3,3,1,-1,1,2,2,0,1,1,2,-1,0,1,3,3,3,3,2
3371.78122941,2,3,3,1,2,0,0,0,1,-1,-1,3,1,-1,3,1,1,3,0,1,3,2,0,0,-1,2,2,-1,2,3,3,-1,0,-1,1,1,1,0,3,0,-1,-1,2,2,1,2,-1,-1,0,1
3480.28465091,-1,1,0,0,1,3,2,1,-1,1,0,3,0,-1,0,3,3,0,3,-1,3,2,0,2,1,-1,3,2,3,-1,1,2,1,-1,2,1,2,0,1,-1,-1,1,1,0,2,3,2,0,1,2
3595.8643825,2,1,3,-1,2,3,2,-1,-1,0,1,1,3,2,3,1,0,1,-1,-1,3,0,3,0,0,3,2,3,0,1,3,0,0,-1,3,0,2,1,0,1,-1,2,-1,-1,1,0,1,1,2,2
3611.78608021,1,2,-1,0,-1,0,0,2,3,0,0,2,3,0,-1,2,1,2,-1,2,1,1,1,2,1,2,3,3,1,3,0,3,0,2,-1,-1,-1,3,-1,1,-1,3,1,3,0,2,0,1,1,2
3430.75048023,-1,1,-1,1,1,1,2,2,0,1,0,-1,-1,-1,3,3,1,2,-1,-1,2,0,3,2,3,0,1,2,3,2,3,3,3,1,-1,2,1,0,2,1,3,0,-1,1,-1,2,0,3,0,0
3450.21033299,2,-1,1,2,2,0,2,-1,3,2,0,0,1,3,0,0,1,1,2,3,1,1,2,-1,0,0,1,2,3,0,3,-1,3,-1,-1,3,-1,2,1,0,1,0,-1,2,1,-1,-1,3,2,1
3218.46117731,1,-1,-1,0,1,2,1,0,2,-1,-1,-1,3,1,-1,1,0,2,1,-1,0,-1,3,0,-1,3,1,0,1,-1,2,2,0,0,0,3,3,2,-1,1,2,-1,1,0,3,3,2,-1,2,-1
3099.93298318,0,-1,-1,2,-1,1,0,1,0,2,1,-1,2,-1,-1,1,1,1,0,-1,2,3,-1,2,0,2,-1,-1,1,1,-1,2,0,0,3,1,2,-1,0,1,-1,0,2,3,2,-1,2,3,3,3
3626.52839292,1,2,2,1,2,1,3,1,-1,3,-1,-1,0,1,1,0,3,3,-1,0,0,2,-1,-1,0,2,3,3,2,0,3,3,0,2,-1,3,2,-1,1,2,1,3,2,1,0,1,0,0,-1,1
3510.35896882,1,3,0,-1,2,0,3,0,-1,1,2,0,1,0,3,0,0,1,3,-1,3,0,-1,-1,0,1,2,0,2,2,0,1,-1,1,-1,3,2,2,-1,3,-1,-1,1,0,1,2,-1,-1,1,2
3524.51158901,0,0,0,0,3,2,-1,3,0,3,1,0,2,-1,2,1,1,1,0,2,3,1,-1,1,1,-1,3,2,2,-1,0,1,1,3,0,1,3,3,2,0,3,-1,2,-1,0,2,2,3,0,-1
3444.31340791,1,2,1,1,1,3,3,3,1,2,0,0,0,2,1,-1,3,0,0,0,3,2,2,3,-1,3,2,2,3,-1,-1,-1,2,1,0,-1,-1,0,3,0,2,1,1,-1,-1,-1,2,1,1,2
3423.08447762,1,2,1,1,0,-1,3,-1,1,2,3,0,2,3,2,2,2,3,0,-1,3,2,-1,0,1,2,0,3,1,1,2,0,2,3,-1,1,1,-1,2,1,3,0,-1,3,-1,1,3,-1,0,0
3366.47399684,-1,0,-1,-1,1,1,-1,3,0,2,3,-1,1,3,-1,2,-1,1,2,-1,3,-1,2,1,0,-1,0,1,1,0,1,0,3,0,2,-1,2,1,0,2,0,3,1,1,2,2,-1,0,0,2
3730.31427434,-1,2,3,0,3,0,-1,2,2,0,-1,-1,0,1,3,3,3,2,1,2,0,0,0,2,0,0,1,0,-1,1,2,3,2,0,3,1,1,1,3,3,1,2,0,1,-1,-1,-1,1,2,2
3382.98538707,0,2,1,3,3,2,0,2,-1,-1,3,1,3,1,-1,3,0,-1,2,-1,2,2,1,0,2,0,3,2,3,-1,2,-1,1,0,1,1,1,0,-1,2,3,-1,-1,0,0,3,1,2,-1,2
3322.83675124,3,-1,0,2,-1,2,1,2,2,2,1,2,0,3,2,-1,2,3,0,1,3,2,1,-1,2,-1,1,1,0,3,1,1,-1,1,-1,1,3,3,3,-1,-1,0,0,0,-1,3,2,2,0,0
3446.67217794,0,2,1,2,-1,1,3,-1,0,-1,2,-1,2,1,2,0,2,0,-1,-1,-1,1,1,-1,0,1,0,1,3,0,2,3,1,3,3,-1,2,-1,1,3,0,-1,1,0,1,3,0,-1,2,-1
3325.19552127,-1,0,1,1,0,2,2,3,1,1,1,3,1,-1,-1,3,2,2,1,3,-1,1,2,-1,2,3,2,1,0,-1,3,0,0,1,1,-1,0,-1,2,2,-1,-1,3,3,2,3,3,3,1,-1
3523.332204,2,0,-1,3,2,1,1,0,0,0,3,3,2,2,-1,-1,0,1,-1,0,2,3,2,1,3,1,3,3,-1,1,-1,-1,-1,-1,1,-1,2,3,1,1,2,0,2,1,0,3,0,3,2,0
2963.7140138,0,0,3,3,0,3,1,-1,2,2,1,3,-1,2,-1,1,-1,-1,2,2,1,1,1,1,1,1,-1,-1,-1,3,-1,3,0,-1,2,-1,1,3,-1,-1,-1,3,1,3,-1,2,-1,3,0,2
3553.40652191,1,3,1,1,-1,-1,3,-1,0,0,0,-1,-1,3,2,2,0,2,0,0,1,-1,2,0,1,0,3,1,2,-1,-1,0,2,0,1,3,1,1,3,2,3,2,1,2,3,1,3,0,2,2
3956.75619746,2,0,-1,0,1,1,1,3,-1,2,2,1,0,0,1,2,-1,3,2,3,3,1,0,1,0,3,0,3,1,1,0,0,1,2,0,-1,3,-1,-1,2,3,3,0,-1,3,2,2,0,2,2
3237.33133757,0,2,2,-1,-1,1,0,1,2,0,-1,2,3,2,1,3,0,2,-1,1,-1,0,0,-1,2,-1,-1,3,2,-1,1,-1,2,-1,2,0,0,0,3,2,1,-1,1,1,-1,1,3,-1,1,3
3076.93497536,2,0,0,1,-1,-1,3,2,0,2,1,-1,2,3,2,0,1,3,1,3,-1,2,1,1,0,2,3,2,1,0,-1,-1,-1,-1,3,0,-1,1,3,0,-1,2,3,-1,0,3,2,0,-1,2
3440.77525286,3,2,3,-1,3,1,2,1,1,1,1,1,0,0,1,1,2,-1,-1,0,1,2,0,2,1,3,0,-1,0,-1,0,2,2,0,-1,3,2,0,3,0,-1,-1,-1,-1,1,3,3,-1,3,3
3157.13315646,0,1,1,1,-1,1,2,3,0,3,2,-1,3,1,-1,-1,0,0,-1,1,-1,-1,-1,-1,-1,2,2,0,0,0,3,3,3,2,2,2,-1,0,3,1,0,1,1,2,-1,-1,3,3,3,0
3227.30656493,2,3,0,1,2,1,3,2,-1,-1,-1,-1,0,-1,1,0,3,0,-1,0,-1,-1,1,0,1,2,3,1,1,-1,1,-1,1,0,1,-1,3,0,1,2,-1,-1,2,3,3,2,0,2,0,0
3674.29348607,1,0,0,-1,0,1,0,2,-1,2,1,0,0,-1,2,-1,-1,3,-1,1,3,3,-1,1,1,1,2,2,-1,1,3,2,0,0,0,-1,2,-1,3,3,0,2,1,1,2,2,3,3,2,3
3508.00019879,-1,1,1,3,-1,0,2,-1,-1,0,0,2,0,-1,-1,0,3,1,3,1,1,2,-1,3,0,1,3,0,-1,0,1,0,3,-1,1,0,1,0,2,2,3,-1,0,2,2,1,-1,2,3,2
3068.08958774,0,1,2,2,2,1,2,3,0,0,3,-1,-1,1,-1,-1,1,1,1,2,0,2,2,-1,-1,3,3,1,-1,0,1,0,-1,-1,-1,-1,-1,0,2,3,3,1,-1,0,0,3,0,-1,2,-1
3569.32821963,-1,0,0,1,3,-1,0,0,0,0,2,-1,2,2,3,2,0,3,1,1,3,0,-1,0,-1,3,2,2,0,-1,3,0,1,-1,1,1,0,3,2,3,-1,2,1,2,2,1,3,3,-1,3
3548.68898185,-1,3,0,0,1,1,2,2,3,0,1,0,-1,1,0,3,3,0,3,0,1,-1,3,-1,1,-1,1,-1,3,-1,2,2,1,0,-1,-1,3,2,2,-1,0,2,2,2,0,2,1,2,0,3
3480.28465091,0,2,0,-1,-1,0,2,1,3,-1,1,0,1,1,0,0,2,2,3,3,2,2,-1,0,2,1,3,1,2,-1,0,1,-1,0,2,0,3,3,1,3,1,-1,1,-1,1,-1,3,-1,2,2
3200.18070955,0,-1,-1,-1,2,2,0,3,-1,3,1,3,3,0,0,-1,1,2,1,1,1,0,2,-1,2,-1,2,3,3,3,1,2,-1,-1,0,-1,1,1,0,2,2,-1,-1,2,2,3,1,-1,-1,3
3457.28664309,0,-1,3,0,1,-1,1,0,-1,2,1,0,2,-1,1,1,-1,2,3,0,2,2,-1,0,0,-1,3,3,2,0,1,-1,2,1,2,0,0,3,-1,2,-1,1,1,1,2,-1,2,3,0,3
3283.91704571,-1,2,2,-1,2,2,3,0,1,2,3,0,-1,3,-1,1,0,3,3,1,1,2,1,0,1,-1,2,-1,-1,2,3,-1,0,-1,-1,0,3,0,2,0,1,2,2,1,0,-1,1,-1,0,1
3185.43839685,-1,0,0,1,3,0,2,0,0,3,2,2,2,3,2,1,-1,1,0,-1,1,2,-1,0,-1,2,0,-1,1,3,-1,-1,-1,2,2,3,-1,-1,1,0,-1,1,1,0,-1,1,-1,-1,2,0
3294.53151085,3,0,0,1,3,2,-1,1,-1,3,1,3,0,-1,1,3,3,0,3,-1,0,1,2,2,2,-1,-1,-1,-1,0,1,1,2,0,0,2,3,0,0,-1,1,2,2,0,2,3,-1,-1,2,-1
3325.78521378,1,0,0,3,2,2,3,2,2,2,3,0,1,-1,2,-1,3,0,1,3,0,0,0,3,-1,3,-1,0,2,-1,1,1,-1,1,1,1,-1,3,1,2,-1,0,3,3,-1,0,1,0,3,-1
3571.68698966,0,0,1,1,3,-1,0,1,-1,-1,2,-1,2,2,1,-1,0,3,1,0,2,2,-1,2,0,1,2,3,0,1,1,-1,3,2,0,3,3,3,1,1,2,3,0,1,3,3,-1,3,2,0
3446.08248544,2,3,-1,2,2,2,3,-1,2,3,2,0,2,-1,1,1,0,2,1,-1,1,1,0,-1,1,0,-1,2,3,3,0,2,2,0,1,-1,3,1,3,-1,0,-1,0,1,3,3,-1,0,1,1
3338.16875645,1,0,-1,0,0,-1,-1,2,-1,1,-1,2,-1,-1,-1,0,0,3,0,2,3,1,1,1,0,1,1,1,-1,-1,0,2,1,1,0,0,3,0,-1,1,-1,2,-1,3,2,2,-1,0,1,2
3614.73454276,2,1,1,0,1,0,1,1,0,0,2,3,2,1,2,1,3,0,1,2,-1,-1,0,0,3,0,1,1,-1,0,3,2,2,-1,2,2,-1,0,-1,1,0,-1,-1,3,-1,-1,3,3,0,3
3277.43042812,0,1,2,-1,2,3,-1,-1,3,3,0,2,0,1,3,0,3,-1,0,3,3,0,-1,-1,3,2,3,2,-1,-1,0,1,1,1,3,-1,-1,3,2,0,0,-1,2,1,2,0,-1,2,0,2
3122.34129848,3,1,2,2,-1,1,2,3,1,0,-1,3,2,2,3,-1,0,2,3,-1,-1,3,-1,2,1,1,1,2,1,-1,-1,0,3,0,0,-1,-1,-1,1,0,0,1,2,-1,3,-1,1,0,1,-1
3382.98538707,1,0,1,0,3,0,-1,1,3,2,0,2,2,1,3,2,0,-1,2,-1,3,-1,-1,-1,2,-1,-1,1,3,-1,1,2,0,0,1,-1,3,2,1,2,2,-1,1,2,0,-1,0,0,1,1
3686.08733624,0,3,-1,0,-1,1,-1,3,3,0,1,2,2,0,-1,2,0,3,1,2,3,1,3,3,1,2,2,2,-1,2,2,3,1,0,-1,0,-1,1,3,-1,0,1,1,1,0,3,0,0,2,2
3420.72570759,-1,0,2,3,0,3,2,-1,0,1,-1,3,2,2,-1,1,-1,0,1,0,1,2,3,3,3,-1,3,2,-1,2,1,1,-1,-1,3,0,0,2,1,2,1,0,2,0,0,1,3,1,2,3
3615.32423526,0,1,0,0,0,3,3,2,1,-1,3,2,1,1,0,2,1,1,3,-1,1,2,2,-1,3,0,2,3,-1,-1,1,-1,2,1,2,2,0,-1,3,3,3,2,0,0,1,-1,3,2,1,1
3748.5947421,1,1,3,2,2,3,3,1,0,3,-1,1,3,1,3,3,2,0,2,0,2,2,-1,2,0,2,3,-1,0,-1,0,2,1,2,1,2,3,-1,1,-1,0,3,0,0,1,-1,0,1,1,0
3268.5850405,1,2,0,-1,3,0,3,2,2,-1,2,-1,-1,2,3,0,1,2,-1,1,0,3,2,-1,1,0,-1,2,3,1,0,-1,1,-1,2,3,3,0,3,2,1,1,3,-1,1,0,0,2,-1,3
3428.9814027,1,0,0,3,1,-1,2,3,-1,3,-1,3,-1,0,2,0,2,3,1,-1,1,3,0,1,0,1,0,1,2,-1,1,2,1,2,-1,3,0,-1,-1,2,-1,0,0,2,3,2,1,2,2,3
3416.00816752,2,1,-1,-1,1,2,1,0,-1,2,0,2,1,1,-1,3,0,0,0,1,3,0,1,0,2,2,3,3,-1,-1,2,-1,-1,3,-1,-1,2,1,1,0,2,1,2,3,3,3,2,0,-1,2
3625.3490079,1,1,2,0,3,2,-1,-1,-1,1,2,1,-1,0,0,0,1,2,0,2,0,1,3,3,-1,1,-1,2,1,1,1,-1,3,0,2,-1,1,0,-1,3,2,-1,2,2,0,0,3,2,1,-1
3487.360961,-1,-1,2,2,0,1,1,2,2,1,3,0,0,2,-1,-1,3,3,2,3,2,0,-1,-1,0,1,3,3,1,-1,1,1,1,0,3,-1,2,3,-1,2,0,1,0,-1,3,2,1,2,1,3
3622.40054536,0,0,2,2,-1,3,1,1,-1,0,2,1,1,-1,1,0,0,2,-1,3,2,0,1,1,3,3,3,0,-1,0,3,1,-1,3,2,2,0,2,2,0,3,3,1,-1,2,0,3,1,-1,0
3782.79690757,3,-1,0,1,-1,1,3,-1,2,2,0,1,-1,0,2,3,3,1,-1,1,2,0,-1,3,0,1,0,0,2,3,2,0,0,2,1,3,3,0,1,3,1,3,2,2,0,-1,1,1,2,2
3131.77637861,-1,-1,1,0,-1,1,0,0,2,3,1,-1,-1,-1,0,1,0,2,2,3,3,2,-1,2,0,3,3,2,3,0,1,3,0,2,-1,-1,-1,-1,0,3,3,1,3,2,0,1,1,-1,1,-1
3614.14485025,1,3,0,3,2,0,1,-1,3,1,3,2,1,0,-1,-1,1,-1,2,3,0,1,3,3,2,3,1,-1,-1,0,2,2,0,3,2,0,2,2,-1,1,3,0,-1,1,0,1,0,2,2,-1
3389.47200466,0,1,0,0,2,-1,3,1,1,3,-1,2,1,1,-1,3,3,-1,-1,2,1,0,3,2,3,2,3,0,-1,2,1,3,0,-1,-1,1,-1,1,3,0,0,0,0,2,-1,2,1,1,2,0
3665.44809845,-1,2,2,0,3,2,-1,0,2,1,0,-1,0,-1,-1,1,2,1,1,3,2,2,1,3,-1,3,2,0,0,3,0,-1,3,2,0,2,3,0,3,3,1,0,2,0,1,1,1,1,2,1
3592.32622745,0,2,1,0,1,1,3,-1,0,2,1,0,3,2,0,2,0,1,2,3,1,2,0,-1,0,-1,1,1,2,1,-1,2,0,2,-1,1,-1,-1,-1,3,3,3,2,-1,-1,3,0,0,1,2
