$<obj,$x1,$x2,$x3,$x4,$x5,$x6,$x7,$x8,$x9,$x10,$x11,$x12,$x13,$x14,$x15,$x16,$x17,$x18,$x19,$x20,$x21,$x22,$x23,$x24,$x25,$x26,$x27,$x28,$x29,$x30,$x31,$x32,$x33,$x34,$x35,$x36,$x37,$x38,$x39,$x40,$x41,$x42,$x43,$x44,$x45,$x46,$x47,$x48,$x49,$x50,$x51,$x52,$x53,$x54,$x55,$x56,$x57,$x58,$x59,$x60,$x61,$x62,$x63,$x64,$x65,$x66,$x67,$x68,$x69,$x70,$x71,$x72,$x73,$x74,$x75,$x76,$x77,$x78,$x79,$x80,$x81,$x82,$x83,$x84,$x85,$x86,$x87,$x88,$x89,$x90
3013.02113508,0,4,4,-1,3,4,2,-1,-1,3,0,1,1,3,0,2,2,5,2,0,2,3,2,3,2,1,1,-1,0,2,4,5,2,-1,-1,-1,3,1,-1,1,1,4,0,3,5,5,4,4,5,3,1,5,4,5,4,-1,2,1,0,-1,3,0,0,-1,3,3,-1,1,-1,3,0,5,-1,1,4,4,4,1,1,0,5,2,2,0,-1,1,4,-1,5,1
3073.1155146,3,5,5,2,5,4,5,4,-1,1,-1,2,2,3,1,2,2,5,-1,0,0,4,1,-1,3,0,2,0,1,4,2,3,2,0,2,3,-1,1,3,4,5,3,0,1,4,5,2,4,-1,5,1,0,2,3,4,5,-1,2,-1,1,2,1,0,3,1,4,-1,2,5,3,0,-1,1,5,0,-1,0,0,5,4,1,0,4,3,4,1,-1,-1,-1,1
3023.14940129,1,2,4,1,3,1,3,1,1,1,1,-1,2,0,4,1,0,1,5,-1,3,2,-1,4,5,2,0,4,4,2,3,3,5,0,5,-1,0,-1,2,4,4,3,-1,0,4,3,2,5,-1,-1,4,2,2,2,1,2,-1,3,-1,3,3,2,4,1,-1,0,5,4,-1,0,0,5,0,0,4,5,4,-1,-1,3,3,-1,5,1,1,5,2,0,4,-1
2906.33673098,1,4,3,0,-1,5,3,-1,4,1,2,4,-1,-1,5,1,0,4,-1,1,1,0,-1,-1,-1,3,-1,5,3,-1,4,2,1,-1,3,0,0,-1,0,4,1,5,2,3,1,4,1,2,5,-1,-1,3,5,3,5,3,2,0,1,2,-1,0,1,5,0,4,4,4,0,4,5,-1,-1,3,2,0,2,1,1,4,2,-1,3,-1,2,2,-1,0,3,0
3074.12834122,4,0,0,0,2,2,-1,5,1,0,5,5,-1,1,4,5,1,2,5,-1,5,1,3,4,3,3,-1,2,1,-1,4,4,-1,-1,5,5,2,0,0,3,1,4,4,3,3,2,1,2,4,-1,1,1,3,-1,-1,3,-1,0,0,3,4,1,3,0,4,2,0,5,4,3,1,3,3,-1,1,2,0,2,1,3,-1,1,-1,4,2,3,0,5,-1,2
3078.51725658,2,4,4,-1,1,5,4,3,3,5,1,5,3,0,2,1,-1,-1,1,4,-1,2,0,-1,5,-1,3,0,3,2,1,1,5,0,5,2,5,-1,2,-1,4,3,2,0,1,0,4,1,4,-1,3,0,3,-1,-1,5,5,0,3,3,0,-1,2,4,2,4,1,4,-1,4,5,3,2,5,3,0,1,4,2,3,1,0,4,5,5,3,2,0,-1,2
3100.1242245,3,2,1,-1,1,3,3,0,-1,1,1,0,-1,4,3,1,-1,4,-1,1,2,5,5,0,3,1,1,5,0,0,5,-1,1,0,3,2,4,-1,2,0,4,4,4,5,3,5,-1,2,2,4,0,3,1,5,3,2,-1,2,3,-1,0,0,2,-1,5,4,-1,3,0,1,-1,1,2,2,4,-1,5,2,3,0,4,0,1,0,3,1,2,4,-1,-1
3092.02161153,3,-1,5,3,1,0,4,2,4,-1,0,2,5,0,5,-1,4,2,4,1,-1,1,0,3,1,5,1,-1,5,0,2,3,3,5,-1,1,0,3,1,4,2,-1,3,1,-1,3,1,4,-1,0,3,-1,5,4,2,4,4,3,3,2,-1,2,1,0,-1,2,0,3,2,5,5,2,0,5,5,1,-1,2,4,3,1,4,4,5,2,4,5,0,3,0
2916.46499719,2,5,0,-1,5,-1,1,0,-1,3,1,1,4,2,4,1,2,5,1,4,2,0,5,2,4,0,3,2,4,-1,1,0,0,4,5,1,-1,0,3,4,1,2,1,-1,3,2,2,0,-1,3,-1,5,5,0,4,0,1,-1,-1,2,1,3,1,4,4,-1,2,-1,3,4,5,-1,-1,1,-1,3,-1,3,3,5,4,0,5,4,-1,4,2,5,3,5
3122.74401904,2,2,5,2,3,0,2,2,1,-1,4,3,4,5,0,5,4,2,3,2,-1,5,3,0,1,0,3,0,0,4,4,1,2,3,-1,2,0,-1,0,-1,1,4,3,0,1,-1,0,-1,4,4,1,-1,3,1,2,3,-1,1,-1,3,2,-1,2,5,1,1,4,5,-1,5,1,1,5,3,-1,2,5,0,4,0,5,4,4,1,5,-1,4,3,-1,0
2923.55478354,1,5,0,5,1,0,-1,4,2,-1,3,4,0,1,3,2,3,2,2,1,4,0,2,2,1,4,2,4,0,5,-1,-1,0,-1,3,1,-1,0,5,3,4,-1,2,0,5,-1,1,3,3,-1,4,1,4,5,1,1,0,1,-1,3,4,2,4,5,4,0,5,-1,-1,5,2,3,3,4,-1,5,2,-1,3,-1,1,3,3,3,0,4,-1,4,-1,1
2796.61384701,3,4,5,1,4,1,5,2,5,4,4,2,-1,3,3,1,2,1,0,-1,-1,-1,-1,4,-1,0,2,1,0,0,0,3,3,-1,0,4,2,3,5,-1,1,3,-1,2,5,0,-1,2,4,5,3,1,0,-1,3,4,4,2,4,5,1,0,-1,0,-1,3,-1,0,-1,-1,2,1,3,-1,1,2,-1,-1,5,5,0,2,-1,3,5,-1,2,-1,2,-1
2929.63174326,4,1,5,0,1,2,1,2,3,5,4,1,3,4,3,1,4,5,3,-1,2,0,-1,1,1,4,5,5,5,-1,4,2,1,0,0,-1,5,0,4,3,4,2,1,2,2,0,3,4,-1,5,-1,4,2,3,0,3,-1,1,0,-1,-1,1,3,3,4,0,-1,3,-1,5,4,5,1,-1,5,-1,4,2,1,-1,3,2,3,0,0,2,2,-1,0,5
3110.25249071,4,4,2,0,4,3,2,2,2,1,1,-1,-1,2,0,-1,-1,3,1,0,4,0,4,5,4,5,3,5,2,1,-1,3,3,2,-1,0,-1,-1,3,3,1,5,2,4,1,0,4,3,1,-1,2,2,0,3,4,1,5,1,4,0,1,2,0,-1,5,5,4,0,0,-1,4,2,-1,4,3,3,1,3,0,0,1,0,3,-1,5,0,-1,5,-1,-1
2846.9175692,4,-1,0,-1,-1,2,-1,3,3,-1,3,-1,3,-1,0,-1,0,1,5,2,1,1,5,1,-1,0,5,0,2,4,1,-1,0,-1,4,4,1,4,3,3,5,0,0,1,-1,1,2,-1,3,4,4,0,2,-1,4,2,-1,2,5,4,5,4,-1,3,4,3,5,2,0,2,3,-1,2,4,0,-1,2,0,2,1,3,1,2,1,4,5,2,3,-1,5
2923.89239241,1,2,4,5,4,0,3,5,-1,0,2,3,1,1,3,5,-1,4,3,5,5,4,2,4,1,4,0,4,1,4,1,5,-1,5,5,4,-1,3,-1,0,1,5,0,4,2,-1,-1,0,3,-1,1,-1,0,1,2,2,2,4,0,3,1,5,-1,-1,0,2,3,-1,3,5,2,0,2,3,-1,2,1,0,3,-1,5,4,5,-1,-1,4,3,-1,0,1
3064.00007501,1,-1,3,0,2,1,-1,0,1,-1,4,3,3,0,3,5,2,5,2,0,2,4,1,-1,1,5,3,-1,1,4,4,3,2,-1,-1,0,3,2,1,1,3,3,5,0,4,4,-1,4,4,2,4,5,4,5,0,3,5,0,2,2,3,4,1,-1,2,-1,-1,0,-1,2,5,1,5,2,0,0,-1,3,2,5,-1,0,2,1,0,0,-1,1,4,3
2965.75589275,1,1,1,4,4,4,3,5,-1,4,1,3,-1,-1,-1,2,0,2,4,5,3,5,2,4,5,-1,3,-1,4,-1,-1,4,4,1,0,0,5,5,5,3,2,3,-1,-1,0,-1,-1,0,-1,3,-1,0,0,2,0,4,0,2,5,4,5,0,2,-1,4,3,0,1,2,2,2,-1,1,-1,3,4,-1,0,2,2,2,1,1,3,1,0,1,0,-1,1
3044.75636921,3,2,-1,2,1,4,2,-1,1,5,3,1,2,0,3,0,4,-1,1,3,0,4,2,2,2,3,3,4,2,0,4,3,-1,-1,-1,3,3,-1,4,-1,0,2,0,4,4,5,5,1,1,0,2,4,4,5,2,1,1,0,1,4,3,2,3,-1,-1,-1,2,-1,0,1,5,0,1,5,0,5,4,-1,3,-1,-1,0,-1,4,1,4,5,3,3,5
3154.81686205,0,2,-1,4,2,-1,1,4,1,3,3,0,3,-1,4,5,3,5,4,2,2,0,4,4,-1,1,2,2,0,5,3,5,1,0,5,1,1,1,3,3,4,5,0,0,-1,5,0,5,4,0,0,0,-1,0,3,4,-1,-1,5,2,-1,1,1,1,3,2,2,3,4,2,3,5,5,5,1,5,2,2,1,2,4,3,-1,0,1,3,-1,3,4,-1
3107.55161972,-1,4,3,-1,5,1,0,2,2,5,-1,4,-1,-1,0,-1,0,0,1,5,3,1,0,2,4,3,0,2,3,3,5,3,2,5,1,0,1,-1,4,1,4,0,3,2,-1,4,5,-1,1,4,5,3,4,5,4,5,0,1,2,4,-1,1,1,2,-1,-1,4,2,-1,1,3,0,1,5,0,0,5,2,1,3,1,3,2,-1,3,4,2,3,2,5
3019.0980948,5,3,0,5,0,4,4,-1,5,1,1,0,0,2,3,5,4,4,3,1,5,2,4,0,-1,2,5,1,5,-1,1,-1,2,3,0,0,4,-1,1,3,1,4,3,0,1,-1,4,3,-1,-1,5,2,2,5,-1,4,-1,2,3,4,-1,2,2,4,3,-1,3,1,0,3,-1,2,2,5,3,1,0,0,3,5,0,0,4,2,5,0,-1,3,4,-1
3013.02113508,5,0,3,4,-1,-1,-1,0,-1,1,1,0,3,4,-1,1,2,2,3,1,-1,4,3,-1,1,2,-1,-1,-1,2,0,3,-1,2,5,5,4,3,5,0,0,4,5,5,0,2,3,2,1,0,1,1,4,-1,2,5,5,0,5,0,4,-1,2,5,4,2,3,4,3,1,5,4,3,0,3,4,2,2,0,4,1,5,5,3,3,2,0,0,4,-1
3023.14940129,-1,3,0,3,4,-1,4,4,1,2,4,3,5,2,2,3,-1,5,-1,-1,-1,0,0,1,3,1,3,2,0,2,1,2,0,5,1,2,-1,-1,-1,3,-1,1,5,3,4,0,3,0,-1,4,1,5,4,2,5,2,1,-1,2,3,0,4,2,5,0,2,0,1,5,1,3,1,-1,-1,5,4,4,3,-1,-1,5,0,1,4,3,2,-1,5,0,4
3003.56808661,-1,5,-1,3,1,-1,0,3,1,-1,2,0,3,5,5,-1,4,0,4,-1,-1,3,3,3,3,5,1,2,4,2,-1,5,4,1,-1,5,-1,5,4,0,2,2,-1,-1,1,5,-1,3,-1,-1,2,0,-1,0,1,5,0,3,4,0,2,0,3,-1,1,2,2,3,3,0,2,3,4,4,0,2,0,0,2,4,3,4,3,2,1,1,-1,4,1,4
3088.98313167,5,0,-1,3,5,3,5,2,-1,3,0,1,4,1,4,4,-1,4,2,1,4,4,3,5,1,1,4,3,-1,-1,2,3,2,2,3,1,1,2,4,5,2,1,3,1,0,3,1,4,0,2,0,2,-1,-1,5,4,-1,4,-1,0,0,3,5,1,-1,3,1,2,0,3,4,0,-1,5,4,0,2,1,1,-1,3,-1,0,4,0,-1,5,0,5,-1
2782.09666544,1,1,0,-1,2,2,1,-1,2,-1,4,-1,1,3,5,4,3,-1,4,-1,4,3,1,5,2,3,2,0,-1,5,0,4,-1,-1,3,0,2,2,2,5,5,4,4,5,-1,5,-1,1,-1,0,4,3,5,0,0,4,1,4,3,5,-1,4,0,-1,2,2,1,-1,-1,0,4,3,-1,0,0,0,4,5,5,-1,2,3,5,3,2,3,1,-1,3,3
3203.77014874,0,2,0,0,0,-1,2,3,4,2,1,4,1,1,0,2,0,0,1,4,3,2,3,1,3,-1,4,5,0,-1,1,-1,5,-1,5,2,5,-1,-1,-1,3,3,5,5,1,3,3,5,3,4,0,0,1,-1,2,0,4,2,4,1,1,4,-1,5,2,0,-1,2,1,2,4,0,-1,4,5,2,4,-1,2,5,1,5,2,1,5,4,3,3,-1,4
2974.1961146,4,4,-1,5,4,3,5,1,4,3,2,2,0,5,1,1,5,5,0,2,1,3,3,0,0,0,-1,2,4,3,4,4,-1,4,1,5,3,1,5,1,0,1,-1,2,2,2,5,3,2,-1,2,-1,-1,0,2,-1,5,3,4,-1,0,-1,5,2,1,0,3,0,4,3,2,1,3,2,1,-1,4,1,1,5,-1,3,5,4,0,4,-1,5,-1,3
3019.77331255,5,3,2,4,3,2,-1,1,5,0,0,-1,1,1,3,0,4,2,1,5,-1,3,4,5,3,5,0,-1,2,1,4,2,2,5,0,5,-1,-1,0,2,-1,4,5,-1,2,5,3,1,-1,5,3,-1,3,4,3,3,3,1,3,1,4,-1,5,-1,0,2,0,0,2,4,0,2,0,4,2,-1,4,1,0,2,5,0,0,-1,-1,1,4,1,-1,2
3010.32026409,0,1,-1,-1,3,0,4,3,3,-1,4,0,2,-1,3,5,-1,1,0,2,0,1,2,-1,5,3,-1,2,2,4,1,-1,-1,3,4,3,5,-1,-1,0,3,1,-1,3,5,3,1,4,5,4,0,-1,2,3,2,1,-1,2,0,4,5,4,-1,0,0,0,-1,5,5,4,2,0,4,1,4,1,0,0,5,3,2,2,4,1,-1,1,2,5,2,3
3132.87228525,3,4,-1,4,4,-1,1,2,-1,5,2,1,2,5,0,5,3,4,0,4,4,4,5,3,1,1,1,5,3,5,-1,-1,3,-1,4,2,5,1,-1,4,2,-1,0,2,0,5,-1,4,2,5,0,3,0,4,1,2,2,3,0,2,5,3,3,1,0,-1,5,2,1,0,3,1,-1,0,1,0,4,3,3,3,4,0,2,2,5,2,3,0,-1,3
3047.11963132,-1,4,-1,2,-1,3,1,2,3,2,-1,2,5,5,4,4,3,5,2,3,2,0,2,-1,0,2,5,-1,1,1,-1,0,5,1,5,2,1,3,4,4,-1,3,-1,3,5,3,1,5,5,1,0,4,4,4,-1,1,0,3,0,5,3,0,-1,5,2,5,5,1,2,4,0,4,0,1,0,3,1,4,2,-1,0,2,0,1,2,0,4,0,-1,3
3045.76919583,1,4,4,2,3,-1,-1,0,0,5,1,1,1,3,0,1,4,3,4,1,2,3,-1,1,1,5,0,4,3,1,5,1,-1,0,-1,5,0,-1,3,5,0,-1,5,0,-1,1,1,-1,4,2,3,4,2,-1,2,4,5,5,5,2,4,1,2,-1,4,3,0,-1,5,4,3,3,5,0,4,3,3,4,0,0,5,1,5,0,-1,-1,2,2,2,-1
2872.5758436,5,5,-1,0,5,3,2,3,-1,2,3,3,2,0,-1,2,4,4,-1,-1,3,-1,5,1,-1,4,2,3,-1,4,1,4,3,5,1,3,4,-1,3,-1,0,0,1,3,0,1,-1,2,-1,-1,3,5,-1,-1,0,5,0,1,4,2,5,2,1,-1,3,2,4,1,3,-1,0,0,2,2,2,-1,0,4,1,0,0,3,2,-1,5,1,1,2,5,-1
3030.57679651,4,4,0,0,1,4,-1,0,0,4,1,5,-1,4,4,3,0,5,-1,2,2,3,5,1,0,0,3,-1,-1,2,1,-1,4,1,3,4,2,0,3,1,5,3,3,5,4,2,1,0,-1,4,1,5,5,3,-1,2,5,1,5,-1,3,5,2,0,2,3,-1,2,1,5,1,4,-1,5,2,4,-1,4,1,2,0,2,4,1,2,-1,0,5,0,3
3021.12374805,1,1,-1,2,3,0,5,5,4,0,1,5,3,-1,0,3,1,0,4,4,-1,0,5,5,0,3,1,4,-1,4,2,5,-1,2,2,-1,5,0,0,1,-1,3,4,2,-1,3,4,4,0,-1,1,2,-1,1,2,5,-1,4,-1,1,4,5,5,2,3,4,3,3,-1,0,3,1,2,2,3,5,3,4,3,4,1,2,0,1,2,1,0,-1,5,-1
2938.40957398,3,5,4,0,0,1,-1,-1,-1,2,3,-1,5,2,4,0,3,5,2,-1,3,2,0,0,2,3,3,1,2,4,2,4,5,4,0,3,5,5,4,1,1,-1,0,-1,0,0,2,-1,0,5,4,4,3,2,-1,-1,3,-1,-1,3,-1,0,0,3,4,-1,-1,2,5,5,5,5,-1,4,2,4,0,2,3,3,3,1,1,1,-1,1,5,-1,2,1
2960.69175965,1,5,2,1,4,2,-1,5,-1,4,4,0,0,3,3,2,1,-1,1,5,-1,4,5,3,0,4,-1,5,0,1,-1,3,5,0,-1,4,4,3,1,0,5,4,-1,5,-1,5,-1,5,1,2,1,3,2,-1,2,3,3,1,1,-1,3,3,5,0,2,2,2,2,0,0,-1,4,0,1,1,1,5,0,-1,4,5,1,2,3,4,4,0,3,-1,2
3198.36840676,3,3,2,4,3,4,1,2,5,5,0,0,5,-1,-1,4,0,0,-1,0,2,2,1,1,5,4,4,5,4,2,1,4,1,3,-1,2,2,1,3,0,5,3,-1,1,2,4,0,1,4,5,3,2,-1,-1,0,0,3,0,3,0,0,4,1,4,2,3,1,-1,3,-1,5,5,0,5,-1,-1,2,5,0,4,0,2,4,1,-1,1,2,4,5,-1
2828.68669002,2,2,5,0,3,-1,5,4,1,4,0,-1,1,-1,4,4,3,0,5,0,3,3,-1,0,0,3,5,-1,3,3,-1,3,2,1,-1,2,2,0,4,-1,4,2,0,2,1,1,2,1,-1,5,-1,3,1,2,2,-1,-1,-1,-1,4,4,-1,-1,5,4,5,4,-1,1,5,3,0,5,0,4,4,2,4,1,3,5,3,4,0,-1,2,0,2,-1,3
2922.54195692,4,5,1,-1,5,4,-1,2,-1,5,3,4,1,4,0,0,4,2,-1,4,4,-1,1,-1,3,0,4,0,4,4,-1,5,4,2,1,0,2,3,3,-1,4,5,2,4,-1,1,3,4,1,-1,3,2,2,5,4,2,-1,5,5,2,0,2,3,1,-1,3,3,5,0,-1,3,2,0,1,5,0,3,1,3,2,-1,5,0,-1,0,1,-1,5,1,2
2801.67798012,5,1,-1,4,3,0,5,2,-1,1,-1,0,1,-1,2,-1,1,1,3,4,-1,1,3,-1,3,0,0,0,2,2,2,4,1,2,5,4,-1,-1,1,4,1,2,0,3,-1,4,-1,0,3,0,4,5,-1,5,2,4,5,3,2,5,-1,3,5,5,3,-1,3,2,-1,1,0,-1,4,5,2,4,5,3,-1,3,4,3,-1,2,0,4,2,3,-1,1
3032.94005863,1,0,5,1,4,3,-1,0,0,3,2,1,4,0,1,-1,4,1,0,4,4,2,4,-1,4,1,0,4,-1,2,-1,1,3,5,3,1,2,0,0,4,3,1,1,2,3,2,1,-1,3,-1,0,2,4,-1,3,-1,5,0,5,4,0,5,5,2,4,5,1,5,0,-1,2,2,3,4,5,-1,1,-1,5,1,2,5,3,4,2,3,-1,-1,-1,3
2943.13609821,1,4,2,3,4,2,4,-1,1,0,-1,-1,2,1,1,-1,4,-1,2,2,5,2,0,-1,0,-1,5,4,1,-1,3,5,-1,1,3,4,2,2,-1,3,0,2,3,-1,-1,1,5,3,3,-1,1,0,3,4,0,-1,1,0,5,-1,4,1,2,3,5,2,2,3,3,0,-1,4,1,-1,-1,4,3,4,4,1,1,3,0,0,2,5,5,5,4,-1
3096.07291802,-1,0,-1,3,3,3,5,4,2,5,4,-1,4,1,1,5,-1,4,-1,4,4,-1,5,1,1,4,3,5,5,4,0,1,4,2,3,1,1,4,2,5,-1,3,4,5,3,2,2,-1,0,0,0,1,-1,2,0,2,-1,-1,3,2,0,2,-1,2,5,1,0,5,5,4,2,0,0,3,0,4,4,3,1,3,1,3,2,5,-1,1,-1,1,-1,3
3110.92770846,4,0,3,2,2,5,-1,1,3,-1,5,0,1,1,3,4,-1,3,0,0,0,4,2,2,1,3,5,-1,1,2,2,-1,1,5,-1,1,5,4,0,2,-1,2,5,0,1,2,5,3,0,1,-1,4,4,-1,0,3,2,-1,3,4,-1,4,3,5,5,-1,-1,3,2,1,0,5,4,4,1,0,4,1,2,3,1,1,0,3,4,5,0,5,4,3
2776.35731459,3,0,3,1,0,-1,1,1,-1,4,0,5,3,5,0,4,5,-1,2,-1,0,-1,2,3,2,0,4,3,-1,5,-1,5,5,4,-1,4,5,2,2,4,1,1,5,0,0,-1,-1,4,3,0,-1,2,1,3,-1,1,4,0,-1,1,3,4,3,4,-1,-1,-1,1,1,-1,-1,1,2,2,5,5,5,3,2,-1,2,4,4,-1,3,3,0,-1,4,1
3227.4027699,1,-1,5,-1,1,-1,3,3,2,2,1,5,0,2,4,3,5,0,2,0,3,4,2,1,3,-1,-1,0,0,3,5,2,5,4,2,1,5,4,-1,5,2,2,1,2,3,-1,5,4,5,-1,2,1,4,-1,0,0,4,3,0,0,3,-1,3,1,3,4,3,-1,3,0,4,-1,1,0,0,1,4,5,3,3,1,4,4,0,5,1,0,4,-1,2
3053.53419993,1,0,0,5,5,4,3,-1,-1,4,4,5,0,1,0,0,3,2,2,4,3,0,1,1,2,3,0,-1,-1,5,2,3,4,-1,2,-1,1,3,4,2,3,2,0,1,-1,3,4,-1,5,1,1,4,-1,5,2,2,5,5,2,4,0,-1,1,1,0,3,4,2,4,4,3,-1,-1,1,0,-1,0,2,-1,5,-1,0,1,-1,3,4,4,1,2,3
3075.14116784,0,0,4,2,-1,2,3,4,3,-1,0,1,4,1,5,0,1,-1,1,0,-1,5,2,-1,1,4,-1,0,1,1,0,2,0,5,-1,4,-1,5,5,3,2,-1,3,4,2,3,5,1,4,3,4,4,2,4,2,-1,1,0,4,-1,-1,3,-1,3,-1,1,5,3,2,2,5,5,2,0,3,1,0,3,2,3,1,0,3,0,4,2,-1,0,-1,2
3011.33309071,-1,5,5,3,3,4,-1,1,4,0,2,3,5,-1,-1,0,1,-1,0,3,3,-1,4,2,2,-1,5,-1,3,4,5,5,-1,3,1,3,-1,1,2,4,1,2,5,-1,5,2,2,1,0,1,-1,0,0,3,1,-1,1,4,1,0,5,2,4,0,5,-1,4,3,0,2,4,2,-1,0,0,-1,1,4,1,1,-1,4,3,3,0,4,2,5,2,3
2949.21305794,4,5,2,5,0,5,0,1,-1,3,2,4,-1,3,-1,3,4,3,4,-1,0,0,-1,3,3,2,-1,1,-1,-1,-1,-1,2,1,-1,5,3,1,4,2,5,4,1,2,-1,0,5,1,1,2,5,5,0,1,4,-1,0,2,3,1,-1,2,5,1,4,4,1,2,3,0,4,2,5,-1,3,2,-1,4,0,2,0,3,2,4,0,4,0,5,5,2
3018.42287706,0,4,-1,4,5,1,1,3,3,5,4,1,1,5,4,-1,3,0,-1,0,5,0,0,0,-1,0,2,3,4,2,2,2,3,2,4,0,4,-1,4,2,2,1,2,5,3,-1,-1,4,3,3,0,3,2,-1,3,5,-1,1,-1,-1,4,2,-1,0,1,1,4,3,5,0,5,4,2,5,5,1,4,-1,-1,-1,2,1,-1,0,1,5,5,3,2,0
3041.0426716,-1,3,4,4,4,1,2,5,-1,2,-1,1,2,4,4,2,2,0,2,0,4,-1,3,0,2,0,-1,3,2,0,3,-1,1,1,1,5,5,1,-1,4,3,3,-1,2,2,0,3,3,0,-1,2,3,5,4,1,5,5,5,5,1,4,3,4,3,0,0,4,3,5,4,5,0,-1,2,1,0,5,1,5,2,1,-1,0,0,4,2,-1,5,-1,1
3209.17189072,5,5,3,5,0,4,2,0,0,1,3,1,3,5,2,-1,5,2,3,1,4,-1,3,1,2,2,-1,0,1,4,0,0,1,4,4,4,-1,5,2,4,-1,3,2,0,4,0,0,2,-1,-1,3,0,5,5,2,-1,2,3,1,1,-1,-1,0,1,-1,3,1,4,1,1,5,3,4,-1,4,0,0,-1,1,2,5,-1,2,4,4,2,-1,5,3,1
2917.47782381,1,4,2,3,1,0,0,2,0,2,2,5,-1,-1,1,-1,0,0,-1,-1,4,1,4,1,4,3,2,4,4,2,1,3,3,-1,1,-1,5,0,3,1,5,2,-1,1,-1,3,0,0,-1,5,1,5,0,1,1,-1,-1,0,4,0,5,4,4,4,-1,1,4,3,5,0,0,2,4,-1,3,2,-1,3,-1,3,3,-1,-1,2,5,-1,-1,3,-1,4
3089.99595829,2,0,2,1,2,0,-1,3,3,2,-1,1,4,2,-1,5,3,2,2,5,-1,2,1,4,4,5,2,5,4,-1,4,1,2,0,-1,3,4,1,4,-1,2,3,5,-1,0,1,3,1,4,-1,4,0,3,2,0,1,3,5,1,2,0,-1,3,5,5,3,1,5,-1,0,5,0,-1,0,-1,0,4,3,0,0,3,1,5,4,1,3,5,3,4,5
3081.55573645,5,5,2,4,-1,4,2,4,0,1,3,0,1,-1,1,2,3,-1,2,-1,4,0,1,5,0,3,3,1,3,-1,0,5,-1,4,2,-1,2,4,1,0,0,5,2,1,4,3,1,1,5,0,1,3,-1,-1,-1,0,4,3,0,5,-1,4,3,0,4,3,3,5,5,2,4,1,2,5,-1,0,0,-1,3,1,5,5,3,2,1,1,2,3,5,-1
3056.23507091,5,1,4,-1,4,-1,2,4,3,3,4,2,0,-1,1,5,2,4,1,3,1,4,1,5,0,5,5,-1,4,2,3,1,-1,5,3,2,3,-1,0,-1,0,2,3,5,-1,2,0,4,4,5,2,-1,0,1,-1,3,0,5,0,-1,2,1,1,2,0,2,5,1,4,0,5,3,1,1,1,5,5,-1,3,4,5,-1,3,1,-1,3,0,4,0,0
2992.76460265,1,2,-1,-1,1,1,-1,2,4,-1,0,3,5,-1,-1,0,2,3,3,1,4,2,-1,5,5,-1,2,-1,3,4,3,-1,3,-1,2,4,0,5,3,0,4,1,0,1,2,1,4,-1,2,1,-1,4,5,0,0,5,0,-1,0,1,1,4,4,4,1,0,0,3,2,2,4,3,3,4,1,-1,5,-1,2,3,5,3,0,5,4,2,-1,-1,-1,3
3083.58138969,2,-1,4,1,1,0,5,1,4,5,0,2,2,5,1,2,2,4,0,2,3,0,5,0,5,5,1,-1,3,0,4,1,0,4,-1,-1,0,4,0,2,3,2,-1,3,1,2,1,1,1,3,4,3,3,0,4,-1,5,3,-1,3,-1,-1,4,2,-1,2,5,2,5,-1,3,-1,5,1,3,5,1,1,0,0,5,3,1,-1,0,4,4,5,4,2
3000.52960675,0,4,5,0,3,-1,3,-1,4,-1,0,5,1,3,2,-1,2,4,5,0,-1,5,-1,1,0,0,1,5,1,5,4,5,-1,1,4,2,5,5,3,1,4,1,2,-1,-1,5,4,0,-1,-1,2,0,3,4,4,3,3,0,0,2,0,4,2,2,2,0,3,3,5,1,4,1,2,5,-1,-1,4,2,2,3,0,1,-1,2,1,2,1,-1,3,-1
3074.80355897,3,4,2,0,4,5,1,1,1,2,0,1,4,-1,3,2,1,3,0,5,-1,0,1,0,-1,2,3,-1,3,4,1,2,4,3,2,1,2,5,5,3,1,-1,2,4,4,-1,-1,0,-1,5,-1,5,0,3,3,3,5,-1,2,4,0,0,-1,5,3,4,1,2,0,2,-1,4,1,-1,0,0,-1,4,-1,5,1,1,5,3,0,0,4,2,-1,2
2904.98629548,2,3,0,-1,-1,1,4,0,-1,1,-1,0,-1,0,4,3,-1,0,-1,4,0,4,4,-1,5,1,-1,5,-1,2,5,1,1,4,-1,2,2,0,4,-1,0,5,3,1,2,2,1,5,1,3,-1,5,0,2,3,5,2,-1,0,2,4,5,2,5,4,-1,5,3,-1,4,4,3,-1,3,1,2,0,-1,1,2,1,1,0,1,5,4,0,5,-1,-1
3058.26072416,0,1,0,0,4,2,-1,3,3,1,4,5,-1,3,5,0,0,2,-1,5,1,-1,3,4,-1,5,2,4,3,1,1,0,5,0,2,4,2,-1,4,4,-1,2,-1,1,3,0,-1,4,2,2,0,3,4,2,-1,-1,3,5,1,3,0,1,-1,5,5,-1,2,1,4,5,5,3,-1,3,3,4,5,0,4,1,-1,1,1,4,1,3,5,1,2,0
3077.16682109,2,0,4,4,5,3,1,4,-1,0,2,2,-1,4,5,-1,-1,5,-1,3,3,5,0,1,0,-1,5,4,-1,5,5,-1,3,-1,1,-1,5,0,-1,0,1,2,4,2,2,4,0,4,3,0,2,3,3,4,0,3,5,-1,2,3,0,2,4,2,3,1,1,-1,1,2,5,3,1,3,0,1,2,0,2,3,4,2,5,3,1,-1,4,4,-1,1
3206.13341085,0,-1,1,1,5,-1,2,0,5,0,3,5,5,-1,1,2,4,0,1,4,5,5,4,1,2,1,2,4,0,0,4,3,3,-1,4,5,2,3,-1,3,2,-1,-1,1,1,1,2,3,4,4,-1,0,4,2,3,2,0,0,0,0,0,2,3,-1,3,4,5,-1,1,1,-1,3,5,3,2,1,1,5,5,0,4,2,4,0,3,-1,-1,4,2,5
2945.49936033,5,4,3,-1,2,5,4,-1,5,2,4,-1,-1,1,-1,4,3,-1,3,-1,-1,2,-1,0,0,-1,0,1,3,5,4,2,5,2,3,3,4,5,1,0,3,-1,2,1,-1,0,4,5,3,4,5,1,5,2,2,3,-1,4,0,2,0,3,3,4,4,2,5,-1,-1,3,0,4,1,1,0,0,2,1,-1,3,2,-1,0,1,5,0,3,0,5,5
2986.01242518,1,-1,-1,3,4,-1,1,5,5,3,-1,-1,4,2,2,-1,3,2,1,4,2,4,5,5,2,5,2,5,4,0,-1,5,-1,1,2,0,0,-1,2,3,2,3,3,0,0,5,0,-1,-1,5,1,1,2,2,-1,2,3,3,4,5,0,0,-1,4,-1,1,4,4,1,5,1,3,0,5,1,-1,0,-1,1,3,0,3,4,3,4,3,0,0,2,4
2854.6825733,1,4,-1,4,0,2,2,4,-1,-1,1,5,0,-1,-1,4,4,1,1,-1,-1,3,0,-1,3,2,-1,2,3,0,5,1,3,5,4,1,2,-1,-1,4,0,3,5,4,2,0,0,-1,-1,4,2,1,2,1,3,5,4,2,5,5,1,1,0,2,-1,3,0,3,-1,-1,0,0,4,1,5,4,3,0,-1,-1,3,1,1,3,0,-1,2,-1,-1,4
2975.54655009,2,-1,-1,1,4,4,5,4,3,3,0,4,4,2,1,0,5,4,-1,3,-1,3,-1,3,-1,3,1,5,0,5,4,0,1,-1,-1,5,4,2,2,-1,1,0,0,3,3,2,2,-1,-1,3,0,4,-1,2,1,0,0,1,5,3,2,-1,4,-1,-1,-1,5,-1,1,4,3,0,0,-1,4,1,4,2,3,5,2,3,1,2,1,2,2,1,0,5
2794.58819377,4,4,1,3,5,-1,2,-1,0,4,2,1,-1,-1,3,5,2,2,1,1,3,-1,0,4,2,-1,-1,0,1,2,5,4,2,-1,1,-1,0,2,0,3,2,-1,-1,3,-1,0,2,5,1,-1,4,5,3,0,5,1,3,0,-1,4,3,1,5,-1,3,3,0,5,0,3,-1,2,-1,4,-1,4,4,2,1,-1,-1,5,2,1,4,1,4,2,1,3
3097.08574464,2,1,5,4,-1,5,2,2,4,3,0,2,1,2,0,3,1,1,5,2,4,-1,-1,3,0,1,0,0,4,5,3,2,2,3,5,0,2,-1,4,3,5,2,0,-1,4,4,0,3,0,-1,-1,1,-1,5,4,1,1,0,1,-1,1,3,1,4,2,2,4,0,-1,-1,5,3,1,0,0,-1,3,3,4,3,5,4,5,-1,4,0,-1,5,-1,1
3004.58091323,3,0,4,1,5,3,5,3,0,2,0,5,2,3,0,3,-1,1,4,2,4,-1,0,3,-1,0,1,5,-1,3,1,2,2,4,2,5,4,1,4,2,1,0,4,5,5,0,0,5,5,3,1,-1,-1,5,-1,0,1,4,3,0,0,4,2,2,3,2,1,2,3,-1,4,-1,4,2,1,4,0,1,1,-1,-1,-1,-1,-1,3,3,1,4,5,-1
2897.89650913,4,2,4,0,-1,4,3,0,2,-1,1,2,2,4,0,-1,0,3,2,4,4,1,5,3,1,4,2,-1,2,-1,0,0,5,3,1,-1,-1,-1,3,1,4,5,-1,0,4,2,5,4,4,5,3,-1,1,1,-1,0,1,-1,3,-1,0,2,0,1,-1,3,4,2,3,0,2,5,-1,1,5,4,3,5,2,4,5,-1,4,1,5,-1,1,0,3,-1
3020.11092143,0,3,-1,3,-1,1,1,0,5,4,-1,1,-1,1,2,0,1,1,2,3,2,1,3,5,1,3,2,0,0,4,5,2,-1,5,4,4,4,4,5,0,1,2,3,1,5,4,-1,-1,-1,0,3,-1,0,2,3,3,0,3,5,-1,5,1,-1,0,5,5,0,5,2,3,2,-1,2,2,3,3,0,0,4,2,5,2,-1,4,-1,3,1,4,-1,1
3066.36333713,-1,3,5,0,-1,-1,5,1,2,2,5,4,4,5,-1,4,2,4,3,5,-1,2,4,1,1,3,1,5,4,5,2,1,4,1,0,1,0,4,1,5,0,-1,4,2,0,2,0,3,-1,2,3,5,0,3,2,1,3,2,3,2,4,4,3,2,1,0,-1,2,4,0,1,1,4,0,3,0,3,3,4,-1,1,-1,0,-1,5,3,0,-1,-1,-1
3107.55161972,3,4,4,2,1,2,4,2,-1,-1,0,0,4,1,2,4,1,3,2,0,3,-1,2,0,5,1,5,5,5,3,5,3,0,1,-1,4,-1,5,-1,2,5,1,1,1,3,0,-1,0,0,4,3,1,5,-1,0,4,3,0,4,4,5,0,3,-1,2,3,2,1,3,5,-1,0,2,4,4,5,2,5,1,-1,2,0,0,3,2,1,3,5,4,1
3035.30332074,-1,0,2,3,3,3,1,4,3,5,5,1,3,1,1,1,3,2,-1,-1,-1,4,0,-1,2,0,1,0,-1,-1,5,3,-1,-1,4,2,4,-1,5,4,4,2,5,5,4,-1,2,1,1,4,3,2,2,3,2,-1,4,0,3,4,0,3,3,-1,5,4,0,1,1,4,-1,1,0,1,4,-1,0,-1,0,-1,5,2,2,0,1,-1,-1,2,0,0
3135.23554737,4,1,5,1,2,1,-1,4,2,5,0,2,4,1,0,-1,3,5,1,0,4,0,0,5,3,0,0,1,0,2,3,5,-1,2,1,4,4,4,-1,-1,5,-1,1,1,5,-1,-1,0,5,4,1,1,-1,5,0,2,3,0,5,0,-1,-1,2,-1,2,3,-1,4,3,3,5,3,3,3,2,4,0,4,2,2,0,2,4,4,5,0,4,3,1,3
3075.81638559,3,-1,0,-1,4,2,-1,4,3,-1,5,0,-1,5,0,5,5,2,-1,1,0,4,1,2,4,5,-1,-1,3,1,5,4,5,0,2,3,3,0,4,2,3,3,4,2,1,2,4,5,5,3,2,1,0,1,3,5,1,0,0,0,5,-1,1,4,4,2,4,1,-1,2,1,-1,1,1,-1,0,4,0,2,2,2,3,0,3,3,4,-1,0,5,-1
3168.65882587,2,3,4,3,3,-1,0,4,1,-1,-1,2,3,1,1,1,2,2,1,2,0,5,-1,-1,3,2,4,0,2,-1,1,0,0,0,5,4,2,4,4,2,5,5,-1,1,2,-1,3,4,-1,3,1,0,0,-1,1,4,3,5,0,4,0,2,3,0,2,3,3,4,-1,4,5,4,3,5,4,3,5,2,-1,5,5,1,-1,0,5,0,-1,1,-1,1
3067.03855487,2,0,-1,3,2,1,4,0,-1,-1,2,-1,-1,3,2,0,5,1,4,4,3,0,5,5,4,3,1,1,5,4,-1,1,5,1,3,0,3,1,-1,2,-1,2,1,2,1,3,1,3,4,-1,-1,-1,5,4,3,3,2,-1,0,4,-1,4,3,4,0,5,0,4,1,4,5,0,2,0,0,2,5,2,5,2,0,3,0,4,-1,1,5,5,0,1
3054.88463542,5,1,-1,1,1,-1,5,-1,-1,-1,-1,2,-1,4,0,1,1,5,3,0,4,-1,-1,0,0,4,0,2,5,3,2,0,2,3,1,1,-1,3,1,2,5,4,4,1,1,0,5,0,2,-1,5,1,-1,4,3,-1,0,0,-1,5,0,1,-1,0,3,4,2,2,-1,1,4,2,4,0,5,4,2,2,4,2,3,2,3,5,3,3,2,3,4,5
2831.72516988,3,-1,-1,2,4,3,0,0,1,1,-1,5,1,5,2,4,-1,-1,4,4,2,-1,1,1,1,4,2,5,1,2,4,2,-1,3,4,5,2,-1,0,0,3,4,2,1,3,-1,1,2,-1,-1,-1,-1,3,-1,-1,1,0,4,0,0,4,-1,3,5,-1,4,4,1,0,0,3,-1,-1,5,2,-1,5,3,4,2,5,1,5,1,0,-1,3,0,1,-1
3027.20070777,5,1,0,4,4,4,0,-1,0,5,3,4,2,5,-1,4,0,4,-1,2,5,0,2,-1,2,4,3,5,2,2,-1,0,0,1,-1,2,5,0,3,2,1,3,4,3,4,3,1,2,1,4,1,-1,1,1,3,5,2,0,5,3,2,0,3,2,1,-1,4,3,-1,1,3,-1,1,5,1,2,5,-1,4,-1,0,-1,3,4,-1,0,5,5,0,3
3142.66294259,0,4,3,3,4,-1,2,2,1,1,1,0,3,-1,4,2,0,-1,2,0,3,2,4,3,3,0,3,2,4,1,1,0,2,1,0,2,-1,5,2,2,3,-1,-1,0,-1,1,1,3,4,3,0,-1,4,4,1,3,5,0,3,5,5,0,0,4,5,-1,4,3,4,2,4,1,0,-1,1,-1,5,3,5,2,1,2,-1,0,5,-1,5,0,5,5
2979.2602477,-1,5,1,0,1,-1,-1,2,4,-1,1,5,2,0,5,1,5,3,1,2,4,4,-1,1,1,-1,-1,2,1,5,1,5,-1,3,4,0,5,-1,4,5,-1,2,2,-1,1,3,3,2,0,-1,4,4,5,3,0,-1,-1,0,0,4,4,-1,2,5,1,4,3,3,-1,0,2,3,3,-1,-1,2,2,1,0,-1,2,3,0,3,5,0,0,4,-1,3
3024.49983678,1,0,1,5,3,-1,3,5,5,5,2,2,5,2,-1,5,0,3,2,0,4,3,3,1,-1,0,-1,-1,3,3,-1,0,1,4,-1,2,-1,1,5,-1,3,2,0,3,5,0,1,1,-1,2,-1,5,4,4,4,-1,2,4,4,0,3,4,4,1,0,1,5,4,4,4,0,2,5,3,1,0,2,5,4,1,0,4,3,0,-1,1,3,-1,1,-1
3042.73071597,-1,3,0,-1,5,2,1,2,-1,5,1,2,3,4,1,0,5,5,3,3,-1,2,0,0,2,1,5,-1,0,-1,4,5,3,4,3,4,1,4,3,0,1,5,3,-1,-1,0,-1,1,5,0,1,0,2,1,-1,3,4,4,1,2,-1,1,2,5,4,4,-1,-1,0,2,2,2,3,3,0,2,-1,0,2,4,0,3,3,1,-1,4,1,2,2,4
2916.12738832,-1,-1,0,1,4,-1,-1,-1,4,2,0,2,3,4,0,3,1,1,0,3,3,4,4,-1,5,3,3,2,0,1,4,5,-1,-1,-1,-1,2,2,4,4,1,2,-1,1,0,2,3,5,5,5,2,2,3,3,4,3,1,5,-1,4,-1,2,1,5,4,0,1,3,1,1,1,0,5,3,-1,4,-1,-1,2,3,5,5,5,0,0,3,2,0,-1,3
3098.77378901,-1,-1,2,-1,2,0,2,3,4,1,1,0,5,-1,3,3,3,5,-1,2,5,4,-1,-1,2,4,4,0,0,0,2,5,5,4,0,1,-1,3,5,2,4,0,4,4,4,5,1,-1,5,1,4,1,2,1,-1,-1,3,1,5,1,3,1,5,0,3,1,1,0,4,5,3,0,4,-1,5,2,5,-1,2,0,2,2,3,0,3,-1,3,4,1,3
3051.50854668,-1,3,0,3,4,5,-1,2,0,4,3,3,1,5,0,4,0,5,1,0,1,2,5,4,3,2,2,0,5,2,4,2,5,4,-1,4,-1,1,0,5,3,3,4,2,4,3,-1,3,1,0,1,5,2,-1,5,5,4,5,5,4,1,4,0,1,-1,2,0,-1,1,-1,1,2,0,4,-1,1,5,3,2,-1,2,1,2,3,-1,5,-1,-1,3,0
3076.15399447,2,4,3,3,4,1,4,2,-1,1,2,3,2,3,1,-1,0,0,1,2,0,2,2,-1,3,1,-1,2,5,-1,5,-1,1,-1,0,4,5,4,0,5,2,1,-1,0,1,-1,4,0,0,3,0,3,4,5,5,3,2,1,1,3,4,3,-1,0,3,4,2,0,-1,4,5,5,4,2,5,3,5,5,5,-1,2,4,0,3,1,-1,1,-1,2,1
3016.73483269,3,1,1,3,-1,3,3,5,4,4,4,2,5,-1,4,-1,0,0,0,1,0,3,5,2,-1,5,4,0,2,4,-1,-1,4,4,0,-1,4,-1,2,-1,1,4,0,1,3,3,1,4,1,5,3,-1,1,0,1,5,-1,2,3,2,0,2,0,1,-1,3,2,0,3,2,2,1,5,-1,3,3,1,5,-1,2,2,2,2,4,5,3,-1,5,-1,0
3060.62398627,4,1,3,2,0,0,1,2,5,-1,3,5,4,5,2,0,0,5,2,2,1,0,4,-1,2,2,1,2,4,3,4,1,1,-1,1,-1,3,2,1,0,4,3,4,-1,1,-1,2,1,0,4,0,4,3,4,-1,4,-1,1,0,2,-1,4,5,-1,-1,2,3,3,0,2,3,0,5,5,0,1,1,-1,4,2,5,3,3,0,5,0,-1,5,-1,-1
3091.34639378,3,1,2,5,3,4,-1,3,3,5,2,0,5,0,4,5,4,2,-1,0,3,-1,4,2,4,-1,-1,-1,-1,1,3,0,4,-1,1,2,5,-1,0,4,0,-1,3,2,3,3,4,5,3,0,0,2,1,-1,0,-1,1,2,2,2,5,2,4,5,2,0,1,3,1,0,4,5,1,-1,5,5,5,-1,3,0,4,4,1,3,4,0,1,2,5,-1
2859.7467064,5,4,0,2,0,-1,3,-1,1,-1,3,2,2,1,0,0,5,3,5,0,5,-1,2,-1,-1,2,4,-1,5,4,-1,5,5,1,5,4,1,0,3,4,1,-1,1,4,2,3,0,4,3,2,-1,4,5,0,-1,4,5,2,3,-1,0,3,2,-1,-1,5,4,1,0,2,1,-1,-1,3,3,1,4,5,4,-1,3,1,0,0,2,1,3,1,4,2
2930.30696101,-1,-1,0,2,4,-1,5,4,-1,4,2,3,5,4,2,5,2,2,1,1,2,3,-1,-1,5,1,5,1,2,-1,5,3,2,4,3,2,3,4,0,1,0,0,3,3,5,0,-1,0,0,0,5,1,1,3,-1,3,4,2,0,2,-1,-1,1,5,-1,-1,1,4,4,0,5,2,3,-1,-1,-1,3,-1,1,0,5,2,4,1,1,1,2,5,3,4
3025.17505453,5,5,3,4,2,2,3,0,0,3,1,3,2,5,3,5,4,0,0,5,1,1,4,3,2,2,0,-1,5,4,2,-1,-1,-1,1,5,0,5,1,2,4,3,4,-1,0,3,4,4,1,-1,1,5,1,2,-1,-1,-1,3,4,4,5,-1,3,0,4,1,0,1,3,2,2,0,5,1,2,5,0,3,-1,3,-1,4,0,4,2,1,4,5,-1,1
3093.7096559,3,3,1,4,0,-1,3,0,5,1,5,-1,2,0,-1,4,-1,3,-1,2,2,1,0,-1,0,1,2,3,3,4,-1,5,0,1,3,0,3,-1,4,1,4,5,-1,-1,5,2,2,4,3,5,2,-1,4,-1,2,3,1,1,4,1,1,5,1,-1,5,1,3,5,4,2,2,1,2,4,0,0,0,4,2,3,-1,4,3,5,0,4,0,0,5,4
2942.79848934,-1,2,2,1,1,4,-1,2,2,-1,0,-1,3,3,-1,0,-1,4,0,5,2,-1,2,4,0,5,4,-1,1,4,1,2,5,-1,0,4,5,-1,3,3,1,1,2,5,2,5,-1,5,0,3,1,-1,4,4,1,0,5,3,-1,-1,1,5,3,-1,3,-1,1,0,-1,2,4,3,0,3,0,5,4,2,3,2,0,0,3,4,0,1,1,1,2,3
3146.71424908,1,1,2,5,3,-1,2,2,3,4,0,5,-1,-1,3,1,4,0,5,-1,0,4,2,1,3,-1,-1,4,3,-1,4,0,4,5,4,1,-1,3,-1,2,3,5,-1,0,5,3,0,4,1,1,2,4,4,3,4,1,4,5,1,0,0,3,3,0,3,-1,5,5,5,2,5,-1,1,-1,0,-1,0,-1,1,1,4,-1,2,1,-1,-1,2,0,2,2
3102.82509549,-1,0,1,3,0,-1,5,5,5,1,0,5,4,-1,5,3,2,-1,2,0,4,2,2,2,-1,2,1,1,3,4,-1,4,-1,-1,2,-1,-1,5,2,-1,3,3,0,1,1,5,4,5,4,4,1,5,0,4,3,1,1,3,2,1,4,0,0,3,3,0,0,3,4,0,2,0,4,0,2,-1,1,3,5,3,5,2,1,3,-1,0,1,-1,2,4
3125.10728116,2,4,5,5,-1,4,0,-1,-1,2,0,3,5,4,4,0,2,0,5,4,1,1,2,5,2,-1,1,5,3,3,1,1,4,0,-1,3,1,0,2,1,-1,4,5,3,1,2,2,1,5,-1,-1,3,2,1,3,3,4,0,2,0,3,1,5,5,3,-1,2,2,-1,0,4,5,3,4,2,0,4,1,0,4,3,3,1,5,-1,0,1,4,-1,2
2960.0165419,3,5,3,-1,5,5,2,1,2,0,2,0,-1,-1,5,5,5,2,0,3,4,5,1,3,5,-1,2,4,0,3,3,3,0,0,1,-1,3,4,0,1,2,2,3,4,3,2,2,-1,4,5,3,1,2,1,5,-1,-1,4,4,1,1,4,-1,4,-1,5,5,3,4,1,4,-1,5,-1,0,2,1,4,4,4,0,0,2,-1,1,0,-1,-1,-1,3
2895.87085589,0,-1,4,0,1,4,5,2,-1,4,3,1,1,-1,5,-1,0,5,-1,2,1,3,5,0,1,2,1,0,2,5,3,0,3,3,3,1,3,-1,-1,0,-1,4,2,1,0,1,-1,-1,5,0,4,2,4,4,-1,2,0,3,4,2,2,5,-1,4,0,4,3,2,-1,-1,5,4,2,1,1,1,-1,3,-1,1,2,-1,3,4,-1,-1,2,2,3,-1
3113.29097058,3,5,-1,2,2,-1,0,2,4,2,2,1,1,4,5,5,4,-1,4,2,0,3,5,1,-1,0,1,-1,3,2,1,3,0,4,5,0,1,-1,3,3,1,4,3,-1,4,3,5,2,0,0,4,5,3,1,-1,-1,3,1,0,1,2,-1,0,-1,-1,4,3,1,-1,-1,2,0,2,4,2,5,5,4,5,0,0,1,2,0,5,0,4,5,3,1
2969.80719924,2,5,1,5,-1,-1,3,4,4,5,4,-1,2,3,1,2,-1,5,0,1,5,0,0,-1,1,-1,-1,5,1,3,4,0,5,3,2,1,1,-1,-1,0,4,4,2,2,2,0,2,2,2,3,0,4,2,5,-1,3,4,0,3,3,5,1,0,4,-1,5,-1,1,0,2,1,1,-1,3,3,1,3,-1,4,4,0,-1,0,-1,3,1,0,2,-1,2
3053.8718088,3,3,0,5,1,-1,5,2,3,4,1,-1,0,2,2,4,-1,2,2,3,2,-1,4,-1,3,-1,0,0,5,4,-1,5,1,1,-1,4,0,4,2,4,-1,0,3,-1,3,-1,-1,-1,5,1,3,0,-1,5,2,4,2,0,4,0,5,0,0,3,1,4,3,0,2,4,5,1,1,1,0,4,-1,0,1,2,-1,2,2,-1,3,-1,1,3,-1,4
3012.6835262,-1,4,4,3,5,-1,5,0,3,2,5,4,5,0,0,0,3,4,2,-1,2,-1,0,1,1,0,-1,1,-1,2,4,4,-1,4,5,5,4,3,-1,0,2,1,1,1,4,0,3,-1,2,-1,2,4,-1,1,-1,2,2,1,1,4,3,1,0,0,1,3,0,3,-1,-1,5,-1,-1,3,1,2,5,-1,0,5,4,2,3,3,5,0,-1,5,1,3
2932.67022313,5,2,-1,2,-1,1,4,1,-1,3,-1,4,-1,0,2,1,3,1,-1,4,3,3,0,2,2,4,-1,4,2,-1,3,1,3,0,0,1,5,2,0,2,3,2,1,3,1,4,4,5,4,-1,-1,3,5,5,-1,-1,5,1,4,3,-1,-1,3,4,0,3,4,-1,2,0,2,3,5,5,0,5,2,1,0,0,1,5,4,0,-1,-1,1,1,-1,4
3056.23507091,2,2,2,3,1,3,5,5,1,1,3,4,5,1,5,-1,0,4,-1,1,2,2,4,2,2,-1,4,-1,4,3,0,2,5,3,5,2,1,4,3,3,3,-1,2,4,-1,4,1,0,-1,3,1,0,4,-1,-1,0,5,4,-1,5,0,5,5,5,2,1,5,4,3,3,0,0,0,5,0,1,5,2,2,4,1,-1,1,2,0,0,3,4,-1,0
3008.96982859,3,1,2,5,-1,4,-1,0,4,3,1,2,-1,0,5,-1,2,-1,4,-1,1,1,1,4,5,0,0,1,5,4,3,2,5,2,2,0,5,4,5,5,3,3,1,0,3,4,0,-1,0,-1,1,-1,2,1,-1,1,3,2,0,-1,-1,3,4,0,3,2,0,-1,-1,3,2,-1,5,2,1,1,-1,0,2,4,0,5,0,2,4,-1,3,3,4,3
3185.87687843,2,2,3,0,0,-1,1,1,5,1,0,0,5,3,4,0,4,-1,1,5,3,5,1,0,1,0,3,3,2,-1,3,0,3,2,5,-1,2,-1,1,2,3,0,-1,5,2,-1,2,1,2,4,3,-1,2,5,1,1,-1,0,1,4,3,3,3,4,4,5,2,0,5,-1,4,3,4,4,2,3,-1,5,0,0,4,1,4,0,-1,1,2,5,-1,4
3098.09857126,2,4,3,5,5,1,-1,0,0,5,2,3,-1,5,0,3,0,-1,-1,3,2,3,1,3,2,0,-1,-1,5,0,-1,2,0,0,2,4,2,4,-1,-1,2,3,1,5,4,4,0,1,3,5,0,4,4,-1,2,5,1,-1,-1,1,2,4,1,5,1,5,4,1,1,1,1,2,4,-1,1,2,0,3,5,3,-1,4,5,4,3,0,0,4,3,1
3065.35051051,1,5,-1,2,4,1,2,4,-1,0,0,0,3,1,0,5,3,-1,3,4,1,-1,0,3,2,-1,4,0,3,0,4,4,0,-1,-1,5,2,-1,3,1,0,4,-1,4,1,1,1,-1,5,1,4,2,3,4,4,4,1,-1,-1,0,3,-1,3,5,4,-1,2,2,3,3,-1,3,2,2,0,1,1,3,5,1,-1,2,2,-1,5,5,0,2,5,5
2889.45628729,1,-1,3,-1,0,-1,5,1,2,4,5,-1,1,-1,2,5,2,0,5,-1,4,2,1,0,5,3,-1,0,3,3,3,0,1,5,0,1,3,4,2,4,-1,-1,0,3,4,1,1,0,3,3,5,-1,2,4,0,1,-1,4,4,5,0,4,0,3,3,2,0,4,1,1,-1,5,5,2,5,4,1,-1,2,-1,5,4,-1,-1,2,-1,2,2,2,-1
2978.24742108,-1,1,0,1,3,2,-1,-1,-1,5,0,-1,1,5,2,3,5,4,1,2,4,-1,0,5,3,0,1,1,2,5,3,2,2,2,2,5,5,1,3,2,-1,3,2,4,4,2,-1,0,1,-1,-1,3,4,5,2,4,0,4,0,5,1,-1,2,0,0,3,3,5,0,0,5,4,4,1,-1,5,-1,4,4,-1,5,0,2,1,3,-1,-1,-1,4,0
2972.50807023,3,4,3,0,-1,3,3,2,-1,1,2,0,0,-1,5,4,1,4,2,5,2,5,5,2,3,4,4,-1,5,2,0,0,3,1,0,1,4,1,3,0,3,-1,0,5,4,3,5,1,2,5,5,5,-1,4,0,0,1,3,-1,1,2,1,5,2,5,4,2,-1,1,1,2,0,0,5,-1,1,3,0,-1,-1,2,5,2,4,-1,4,-1,-1,3,4
3043.40593371,0,4,2,5,2,3,3,2,3,4,2,-1,-1,3,3,3,4,0,5,1,2,1,4,3,5,4,1,5,0,4,5,-1,1,2,2,-1,-1,0,4,3,4,-1,0,-1,3,3,0,5,5,-1,4,1,0,3,1,-1,1,4,2,-1,5,5,0,2,1,0,0,1,2,5,0,0,-1,1,0,4,2,1,4,2,4,4,-1,0,-1,5,5,1,1,5
3004.91852211,2,4,2,-1,3,3,1,1,1,4,4,2,3,1,5,3,5,-1,0,-1,-1,0,5,4,0,4,2,5,1,-1,1,0,4,3,1,-1,4,3,1,2,-1,0,3,4,5,0,0,4,2,5,-1,0,3,2,5,1,1,3,5,1,0,1,3,4,0,-1,0,2,3,5,2,5,2,5,-1,2,0,2,4,3,2,-1,5,4,0,3,4,-1,5,-1
3003.56808661,2,0,4,3,1,-1,5,-1,0,2,0,4,3,0,1,1,5,-1,-1,4,2,3,-1,1,1,3,0,-1,-1,2,4,4,-1,1,0,-1,5,5,1,0,3,5,0,5,5,2,0,1,4,-1,5,4,3,3,4,-1,-1,3,0,5,-1,2,1,2,2,1,2,0,-1,4,4,2,2,3,3,2,2,1,3,4,3,5,0,3,1,5,0,3,-1,1
3000.19199788,2,0,4,-1,0,3,-1,3,4,3,4,0,3,0,2,5,1,5,2,0,1,2,1,-1,4,2,4,2,-1,2,4,0,4,5,2,3,-1,1,3,0,1,-1,4,1,3,0,-1,5,2,5,4,2,2,1,3,3,5,4,2,-1,4,5,0,5,-1,3,1,2,0,-1,4,5,1,3,0,-1,-1,5,5,3,1,0,1,5,1,4,-1,-1,3,1
3074.4659501,4,3,1,4,-1,0,1,4,-1,5,0,-1,3,5,0,-1,1,-1,1,3,-1,3,1,3,0,5,0,4,1,4,5,-1,0,-1,5,0,-1,0,0,-1,2,4,3,4,0,4,2,1,1,2,0,-1,0,5,3,5,2,1,2,2,0,5,2,3,-1,4,2,3,-1,2,2,3,3,4,4,-1,1,1,2,2,1,1,2,-1,4,5,-1,4,5,3
2998.16634463,2,0,1,-1,5,5,4,-1,2,-1,0,-1,3,0,4,1,1,-1,1,5,4,2,3,-1,5,2,0,1,1,-1,5,4,1,3,3,5,2,-1,3,5,4,-1,-1,-1,4,2,1,1,3,2,2,1,3,1,2,-1,0,0,-1,1,0,-1,4,5,4,3,5,4,4,3,5,0,-1,2,-1,-1,1,0,2,0,0,0,3,5,5,3,4,4,2,3
2966.09350163,1,2,5,0,2,3,3,3,-1,3,1,-1,0,3,1,0,2,-1,3,2,-1,2,2,3,3,5,0,0,5,1,-1,4,3,2,5,2,4,0,4,-1,1,-1,5,-1,1,-1,2,4,-1,1,0,0,2,5,1,3,3,-1,5,1,-1,0,4,-1,3,-1,1,1,5,-1,4,4,4,2,0,4,0,5,4,-1,4,5,0,3,5,2,1,5,5,1
3077.16682109,0,2,2,-1,2,2,4,4,4,-1,5,5,2,1,4,3,3,1,3,2,3,4,-1,1,-1,1,4,-1,-1,0,0,-1,1,0,1,5,-1,-1,-1,-1,4,2,1,3,3,4,2,-1,-1,5,4,2,-1,0,4,0,5,0,3,4,1,-1,3,0,1,0,-1,1,3,1,5,2,3,3,3,0,3,-1,2,0,5,2,0,3,1,4,1,5,-1,2
3117.67988593,1,1,3,0,1,4,3,3,5,2,2,5,3,4,2,4,0,0,2,2,1,0,1,5,4,4,4,3,0,5,0,0,2,5,3,-1,-1,2,1,-1,0,-1,-1,-1,2,3,4,1,4,0,-1,-1,0,5,2,3,0,3,-1,0,3,3,0,5,2,4,1,-1,0,-1,1,5,-1,4,3,4,4,1,2,2,2,5,5,-1,3,1,4,1,2,1
2938.07196511,2,5,1,1,0,3,1,0,0,1,-1,-1,0,4,5,1,2,2,5,3,5,3,2,3,-1,3,2,4,0,4,-1,3,1,4,1,0,4,3,3,2,-1,-1,1,4,4,5,1,2,-1,0,-1,0,3,2,-1,4,-1,1,2,0,-1,2,3,4,-1,-1,3,-1,-1,5,2,3,0,4,5,-1,1,2,5,5,2,0,-1,3,-1,2,4,1,0,-1
3050.83332894,4,4,1,2,1,-1,4,0,-1,2,5,4,4,4,2,3,1,3,4,-1,0,1,0,-1,5,5,3,-1,0,1,0,-1,5,2,4,3,4,1,3,1,1,5,3,0,5,3,4,5,5,2,0,-1,0,-1,0,-1,2,-1,5,2,2,5,0,3,0,2,-1,-1,3,1,3,0,-1,4,1,-1,2,5,3,0,1,-1,2,3,0,1,-1,2,5,1
2982.29872757,4,5,3,-1,2,1,0,1,5,-1,2,4,5,0,5,-1,0,5,1,3,2,0,4,4,1,5,-1,0,4,5,3,-1,-1,3,-1,1,1,4,3,-1,1,-1,0,0,2,2,5,2,2,4,1,5,-1,4,-1,0,2,0,3,5,-1,1,2,5,3,0,-1,5,1,4,-1,4,-1,3,1,0,2,4,4,1,1,3,3,5,2,-1,0,1,2,-1
3003.90569549,2,0,3,3,1,0,5,2,5,1,1,-1,5,2,-1,1,3,1,1,2,4,2,1,0,0,5,0,4,3,1,-1,1,-1,-1,3,3,1,5,-1,2,1,3,4,-1,-1,0,0,0,4,4,5,0,-1,3,3,-1,-1,4,-1,-1,1,-1,3,2,2,-1,4,5,2,4,4,2,0,0,2,1,5,-1,2,-1,0,5,-1,5,5,3,3,2,0,4
3002.55525999,0,1,-1,5,-1,5,4,-1,2,3,1,5,-1,4,-1,5,1,2,-1,-1,2,0,5,5,4,4,5,0,2,3,1,1,4,0,0,4,3,2,-1,1,3,4,3,3,2,2,4,0,3,2,3,1,3,0,3,4,0,-1,1,1,4,3,1,5,1,-1,-1,-1,-1,4,-1,2,2,4,4,2,-1,0,-1,-1,0,2,1,3,-1,2,3,5,1,0
2840.5030006,0,1,-1,1,2,-1,3,5,5,1,5,0,1,1,5,5,2,1,-1,5,0,2,-1,-1,-1,3,5,2,0,3,5,0,5,3,1,5,5,4,0,2,-1,4,2,0,-1,0,4,4,4,4,-1,2,-1,3,1,2,4,5,3,1,-1,2,4,-1,0,3,-1,0,0,1,-1,2,4,-1,-1,4,0,1,0,3,2,4,5,5,3,4,0,-1,-1,2
3150.76555556,0,3,-1,5,2,3,1,1,-1,1,3,5,-1,2,1,1,2,4,1,3,3,3,5,-1,2,5,5,-1,2,2,0,1,5,4,4,-1,0,5,2,5,5,3,4,4,5,-1,1,0,4,2,4,0,2,4,5,2,-1,4,0,-1,0,4,1,0,-1,0,1,3,4,-1,0,5,0,2,5,4,3,1,-1,2,1,1,4,0,-1,3,3,1,2,3
2947.52501357,5,5,-1,4,1,2,0,1,-1,5,-1,4,0,2,-1,5,0,4,-1,3,4,3,1,-1,1,-1,-1,3,1,5,4,0,3,-1,-1,-1,1,0,1,1,-1,0,2,3,3,2,3,3,3,0,2,1,-1,5,4,-1,0,5,3,3,0,5,3,4,2,4,2,0,1,3,2,5,-1,3,0,-1,0,2,1,4,3,2,2,1,5,-1,1,2,2,-1
3084.25660743,4,5,4,4,3,5,5,4,2,3,-1,-1,1,1,0,4,4,3,2,2,4,5,1,2,2,0,5,0,3,0,1,4,5,3,3,3,-1,4,0,4,-1,3,0,-1,2,-1,4,4,5,1,5,1,0,-1,3,1,-1,-1,-1,2,0,0,1,0,2,-1,3,5,4,2,5,0,3,1,2,2,3,0,1,1,-1,1,2,-1,4,-1,1,-1,2,0
3154.47925317,-1,-1,-1,1,-1,0,5,0,4,-1,3,1,2,2,1,1,5,1,5,2,1,0,0,4,1,-1,5,2,0,3,2,-1,3,5,5,3,4,4,-1,0,1,3,1,4,3,1,1,1,4,5,2,3,3,3,0,-1,2,2,1,1,5,5,0,0,3,4,0,2,5,0,5,2,3,4,-1,3,-1,3,-1,4,4,4,0,2,-1,1,4,0,2,-1
2912.4136907,-1,5,-1,3,4,-1,5,5,1,4,4,2,2,3,1,-1,-1,4,3,2,3,-1,0,-1,-1,2,1,2,3,1,2,-1,0,4,3,0,4,3,-1,1,-1,5,0,4,3,-1,5,5,1,2,0,0,3,3,5,0,-1,0,3,1,4,-1,4,5,1,-1,3,4,2,0,1,1,-1,1,0,1,1,3,2,4,2,-1,-1,2,-1,4,-1,0,2,0
3107.55161972,4,4,5,3,1,1,5,1,-1,4,2,1,2,3,0,-1,-1,3,-1,0,3,5,0,2,2,5,0,3,5,1,0,5,-1,1,-1,2,4,4,2,5,1,0,2,4,4,-1,-1,1,-1,0,-1,3,5,4,2,3,3,5,4,4,0,0,0,1,2,3,1,-1,2,5,1,2,3,-1,0,2,0,-1,1,4,3,5,-1,2,4,1,-1,5,3,0
2983.64916306,3,3,2,4,2,4,5,2,1,3,0,4,-1,2,0,1,4,3,0,1,4,4,3,0,2,1,3,1,0,3,5,5,-1,3,0,5,-1,5,4,4,-1,1,2,4,5,-1,-1,5,1,-1,0,1,2,-1,-1,-1,-1,3,4,-1,4,2,-1,-1,2,0,-1,1,0,0,4,-1,4,4,-1,1,5,5,1,0,5,2,1,2,3,0,2,-1,-1,-1
3043.74354259,3,2,2,5,0,2,5,3,1,3,-1,3,2,4,0,2,-1,2,-1,4,2,5,0,2,0,-1,-1,1,-1,1,1,4,5,4,5,4,3,-1,5,4,3,2,5,5,2,-1,1,3,3,0,5,4,2,0,0,3,4,0,-1,0,5,2,2,4,5,0,-1,5,-1,1,0,3,5,0,2,3,-1,1,3,3,0,-1,4,1,3,-1,1,1,-1,1
3013.02113508,5,1,3,1,4,-1,4,3,5,5,5,1,4,4,5,4,0,0,-1,0,2,4,2,0,5,3,0,4,0,3,5,3,-1,2,5,4,4,-1,-1,5,3,0,1,2,5,-1,2,1,0,1,4,-1,1,2,2,1,-1,0,-1,2,3,1,2,3,-1,-1,0,5,3,4,3,2,1,0,2,0,5,0,4,4,-1,3,-1,2,1,3,3,5,-1,0
2855.02018217,3,3,2,0,2,3,1,2,-1,1,3,2,1,-1,4,3,-1,1,1,5,0,4,2,3,-1,2,5,5,-1,2,-1,-1,3,-1,-1,5,0,4,4,0,0,1,-1,4,0,3,-1,0,4,4,1,-1,3,0,1,2,2,4,-1,4,3,5,3,-1,5,-1,0,0,2,5,1,2,5,4,1,4,0,5,-1,0,1,-1,1,-1,4,0,3,4,0,2
3082.90617194,2,1,0,5,4,1,0,-1,-1,2,-1,1,-1,-1,-1,2,0,0,-1,1,2,3,5,5,0,-1,2,2,2,5,-1,5,3,0,3,0,0,5,0,0,-1,-1,0,1,3,-1,2,-1,5,4,4,1,1,4,3,3,1,3,4,0,4,4,4,1,5,4,4,5,5,1,1,-1,4,1,3,2,4,0,5,2,-1,3,3,4,-1,2,2,2,3,2
3000.19199788,-1,0,-1,3,5,1,1,2,0,5,4,1,3,3,-1,4,0,0,3,3,5,-1,-1,1,1,0,2,2,1,1,-1,2,-1,4,-1,0,2,1,5,3,0,-1,2,2,4,1,2,0,2,3,0,5,3,5,0,-1,4,5,3,2,5,-1,4,3,4,3,5,3,0,-1,-1,3,4,-1,2,4,0,1,-1,4,1,5,2,2,1,5,4,4,-1,4
3140.97489822,0,1,2,2,1,5,0,4,5,0,3,3,2,-1,-1,-1,2,2,-1,4,4,4,-1,5,4,3,4,1,1,3,1,3,2,2,2,0,0,-1,3,5,0,5,3,-1,4,3,3,3,1,0,2,2,2,5,1,-1,5,-1,3,4,1,5,1,1,0,-1,4,2,5,4,5,4,0,0,-1,0,-1,1,4,4,4,0,2,2,-1,5,3,3,-1,4
2888.44346067,0,-1,1,2,2,4,3,1,1,-1,1,4,0,-1,0,-1,3,0,0,2,5,-1,3,1,5,4,2,1,0,5,-1,3,3,3,4,4,-1,5,-1,2,3,3,2,1,3,1,5,4,0,0,4,-1,5,0,-1,-1,2,1,5,2,2,1,0,4,-1,2,2,0,0,5,3,5,5,-1,4,5,4,4,-1,-1,-1,3,-1,-1,1,2,1,-1,-1,2
3219.97537468,4,4,2,1,2,4,3,1,3,2,4,3,1,3,1,2,0,-1,5,1,0,0,5,0,3,2,2,5,5,5,1,5,0,2,4,1,1,-1,4,1,0,0,1,0,4,-1,0,3,-1,-1,-1,5,3,0,4,-1,3,2,2,3,-1,5,-1,2,1,4,1,0,3,4,5,3,-1,0,2,1,0,2,5,2,-1,0,4,1,5,2,5,4,4,3
2845.5671337,-1,0,4,2,1,1,3,4,-1,4,3,1,-1,-1,3,5,3,3,2,4,2,2,4,4,2,-1,5,-1,2,0,3,5,4,5,2,-1,0,0,2,3,-1,-1,1,-1,-1,-1,5,5,1,1,0,5,4,2,0,2,5,0,4,-1,1,4,0,-1,5,3,1,5,1,1,1,1,5,3,3,3,-1,0,-1,-1,-1,0,2,2,-1,0,2,-1,0,5
3109.91488184,0,5,-1,5,-1,2,1,1,4,2,-1,1,5,2,5,3,2,4,2,5,3,4,0,0,2,5,4,-1,-1,0,0,2,3,0,-1,3,-1,1,2,5,0,1,-1,2,0,3,2,4,2,1,1,-1,0,1,0,0,0,4,5,1,5,1,-1,3,2,5,5,2,4,3,3,3,4,3,4,1,-1,4,4,4,-1,-1,1,0,4,3,-1,4,3,5
3023.48701016,0,2,1,0,-1,0,4,5,1,4,-1,0,5,3,3,3,4,4,1,1,2,3,-1,4,4,5,0,4,0,5,1,2,-1,4,2,5,-1,-1,-1,3,-1,0,5,-1,1,3,-1,-1,1,5,4,2,4,2,-1,-1,4,1,4,-1,1,3,0,-1,4,2,3,0,2,0,3,-1,2,1,3,3,3,1,5,3,5,2,0,0,0,3,2,1,0,1
3090.33356716,3,2,4,3,-1,5,2,4,-1,0,2,2,5,-1,1,1,1,3,0,5,4,3,5,-1,0,-1,-1,3,0,2,1,3,1,2,0,2,-1,4,-1,4,0,4,1,1,3,0,-1,-1,-1,0,-1,4,3,3,0,4,3,0,1,5,1,1,0,5,0,1,5,1,-1,4,3,2,-1,3,2,4,2,4,4,1,-1,0,5,5,4,1,3,1,5,5
3035.64092962,-1,-1,5,0,4,3,0,3,0,0,3,5,4,-1,2,5,0,3,0,3,5,5,-1,5,4,4,3,3,2,-1,2,4,4,-1,2,3,-1,5,1,-1,1,4,1,1,-1,1,3,1,0,4,0,3,-1,1,-1,4,1,2,2,2,-1,5,3,-1,2,5,2,2,1,3,-1,4,5,4,1,1,0,2,0,5,-1,2,1,3,5,-1,1,0,4,0
3049.14528457,2,1,1,4,-1,3,0,2,2,4,1,5,-1,5,0,0,-1,-1,-1,1,3,-1,3,1,4,-1,-1,3,-1,-1,-1,5,0,5,2,3,-1,0,-1,-1,3,1,5,4,0,5,4,4,0,0,4,2,0,5,2,2,3,3,3,0,2,4,5,2,5,-1,-1,4,-1,2,3,5,3,1,2,1,1,3,3,4,1,0,2,4,5,1,3,5,4,1
3032.94005863,5,1,3,3,2,4,3,0,-1,5,5,-1,2,-1,1,-1,4,5,2,2,3,4,0,5,3,4,3,0,0,4,2,2,1,0,5,0,0,-1,0,-1,4,0,3,4,-1,3,5,5,1,1,4,1,2,5,5,4,-1,2,1,4,3,0,0,2,2,3,5,3,2,3,5,4,4,5,0,0,3,-1,2,1,2,-1,1,-1,4,4,-1,-1,-1,-1
2996.47830026,0,1,-1,0,4,-1,1,3,5,0,4,2,2,3,0,-1,-1,-1,2,0,0,5,3,3,5,4,-1,-1,2,3,1,3,0,0,5,2,1,-1,5,3,4,5,4,4,3,2,4,3,-1,4,3,-1,-1,5,1,4,2,2,1,4,4,-1,0,4,-1,5,2,2,-1,2,2,1,5,-1,-1,4,5,1,4,0,0,1,0,2,3,-1,1,1,5,3
3100.79944225,2,1,3,4,3,2,0,4,2,0,0,-1,-1,0,-1,1,5,1,3,5,5,0,-1,0,0,1,3,-1,5,3,0,2,5,-1,-1,1,5,2,2,-1,1,1,5,3,0,2,3,2,3,0,5,3,-1,-1,5,1,4,3,1,0,5,-1,-1,4,5,-1,4,-1,0,5,-1,4,2,4,3,2,3,3,0,4,1,4,2,2,2,-1,4,-1,5,1
2990.40134054,3,2,2,-1,-1,2,0,3,1,1,-1,4,5,4,5,1,4,4,3,0,0,1,5,2,0,-1,3,5,4,4,-1,0,5,5,2,2,-1,-1,2,4,-1,3,-1,-1,-1,-1,1,2,1,0,5,5,1,4,-1,4,-1,3,4,1,1,-1,4,3,0,2,1,4,5,4,0,2,0,5,1,0,2,2,3,-1,2,3,-1,1,4,0,1,5,-1,0
3039.35462723,5,3,1,-1,-1,1,1,-1,5,3,3,0,0,0,4,0,2,-1,-1,1,2,4,3,3,0,4,0,4,4,-1,4,5,2,-1,-1,4,4,0,2,1,5,1,1,1,2,5,-1,5,1,5,3,2,-1,-1,5,-1,2,2,1,0,5,-1,-1,5,2,-1,3,1,0,5,0,4,2,2,2,0,1,3,-1,0,5,3,4,3,3,0,2,3,-1,3
2995.12786477,4,3,2,4,3,3,2,0,5,0,1,0,0,5,4,-1,1,1,2,0,1,3,1,5,-1,3,0,5,-1,1,0,4,4,-1,4,-1,4,-1,2,4,0,5,3,0,0,1,-1,2,4,0,-1,-1,2,1,4,0,3,1,2,5,4,4,3,2,-1,2,5,-1,3,3,1,-1,-1,3,2,5,2,4,3,5,0,0,-1,1,5,4,-1,1,-1,2
3083.91899856,1,-1,1,3,1,4,4,4,5,2,1,5,5,3,5,0,5,2,0,-1,1,-1,1,0,0,0,3,4,3,0,4,0,3,2,-1,5,-1,5,2,-1,-1,3,1,5,-1,3,5,-1,0,3,4,3,1,2,4,2,5,2,1,4,2,5,3,2,1,-1,4,4,3,4,2,1,2,4,0,4,3,1,0,0,-1,4,5,-1,-1,5,5,1,2,0
3064.67529276,-1,3,1,1,3,3,-1,3,-1,-1,1,1,2,0,4,4,2,2,-1,-1,-1,0,1,5,2,0,1,5,1,2,1,0,4,2,2,0,2,5,-1,1,0,-1,0,3,1,4,1,4,4,4,0,-1,3,5,0,3,2,0,0,-1,3,5,2,-1,4,1,-1,-1,3,-1,0,5,3,4,-1,2,3,-1,2,1,-1,4,5,1,4,-1,4,0,2,5
2996.81590914,4,4,0,1,1,2,4,-1,-1,1,-1,0,-1,3,4,0,1,0,2,1,-1,3,3,5,1,3,-1,-1,0,4,4,2,-1,-1,0,3,1,3,2,0,0,3,1,0,2,2,4,-1,-1,-1,5,2,2,1,1,0,2,2,-1,0,3,4,4,5,2,5,4,1,5,0,5,5,4,1,4,3,5,0,2,4,3,3,2,5,-1,2,-1,0,3,5
2996.14069139,1,4,5,5,-1,-1,2,-1,-1,-1,4,3,0,2,0,0,1,0,-1,1,3,0,5,4,5,0,5,-1,0,0,2,5,0,1,3,2,-1,5,4,-1,4,1,3,2,2,4,3,0,5,1,-1,-1,3,-1,0,2,0,1,5,4,-1,1,3,4,-1,4,3,0,5,2,1,2,2,-1,5,4,1,2,2,5,3,1,1,1,3,-1,0,1,4,2
2948.53784019,2,3,-1,0,2,3,0,3,-1,0,5,-1,-1,0,-1,0,0,-1,2,2,2,4,-1,0,-1,4,5,-1,2,-1,2,1,3,1,4,1,1,2,3,-1,0,4,2,-1,-1,4,-1,3,2,4,3,4,-1,3,0,4,3,5,2,5,5,-1,5,-1,4,-1,3,0,1,4,5,0,5,5,1,1,2,3,4,0,1,5,0,1,-1,1,3,1,2,-1
2870.88779923,2,1,4,4,-1,0,-1,1,0,-1,3,0,-1,2,-1,0,1,-1,3,-1,-1,2,5,2,1,0,0,-1,2,3,-1,4,3,3,0,0,0,0,5,2,5,0,4,4,-1,3,4,0,3,2,5,-1,3,-1,1,5,3,2,2,3,4,5,2,5,-1,2,2,3,5,5,1,2,-1,4,5,1,4,4,1,0,5,-1,1,3,3,1,4,2,4,5
3031.25201426,-1,-1,4,4,2,3,3,1,4,2,-1,2,2,-1,3,5,2,3,2,0,0,5,3,5,4,-1,-1,1,0,1,-1,-1,2,1,2,2,5,3,3,1,4,-1,0,4,5,1,0,2,4,-1,1,3,5,0,2,3,0,5,3,0,1,-1,4,1,1,-1,2,-1,2,4,4,-1,5,2,5,3,1,5,0,0,4,3,-1,0,0,4,-1,-1,0,-1
2989.05090504,5,-1,4,0,0,0,-1,4,-1,3,2,3,3,1,5,4,4,2,4,4,1,5,4,5,1,3,5,5,5,0,1,2,1,4,1,1,1,1,0,5,2,-1,5,4,2,0,3,2,3,-1,-1,2,-1,3,4,0,3,-1,-1,-1,5,2,2,4,0,0,4,-1,0,1,2,2,3,3,2,1,-1,0,-1,0,3,5,3,0,1,3,-1,2,5,4
2836.11408524,4,1,5,1,2,0,-1,2,3,2,-1,0,0,5,4,3,-1,3,4,1,-1,2,1,3,0,5,0,2,5,0,5,3,0,-1,5,3,1,-1,-1,1,3,1,2,1,1,0,4,3,3,3,4,4,-1,-1,-1,4,4,1,-1,4,5,-1,5,4,-1,3,2,-1,2,4,0,0,4,5,-1,-1,-1,2,3,5,0,-1,0,2,2,3,1,0,5,1
2972.17046136,4,-1,-1,0,3,0,1,2,-1,4,-1,2,-1,4,1,5,-1,2,0,1,4,-1,3,1,2,1,0,3,2,3,1,0,4,2,5,4,4,5,0,3,4,-1,1,-1,4,1,4,3,4,-1,2,0,0,3,5,-1,0,0,4,2,5,5,5,1,2,-1,5,3,4,5,1,0,-1,1,2,3,5,3,4,5,3,5,3,0,-1,1,2,5,3,1
3053.8718088,5,-1,1,-1,5,5,4,1,3,1,-1,-1,5,4,-1,-1,5,5,3,5,2,4,1,-1,2,4,0,1,0,0,4,3,1,-1,2,1,5,3,5,1,0,3,3,1,-1,2,5,3,5,2,3,0,1,4,-1,-1,5,2,0,3,2,3,4,0,2,4,0,4,2,1,0,2,2,2,0,1,-1,0,4,3,1,0,3,4,1,-1,0,3,4,5
2941.78566272,1,5,-1,1,5,2,5,5,3,0,5,2,1,4,3,5,-1,-1,5,4,2,1,-1,1,0,2,1,0,4,2,3,4,4,1,3,0,3,-1,3,5,5,-1,5,-1,5,4,5,4,-1,4,0,4,4,0,0,1,2,3,2,2,2,3,-1,4,-1,1,3,1,2,2,2,2,3,-1,3,-1,-1,0,2,0,5,4,-1,-1,1,1,0,4,-1,1
2960.35415077,3,2,-1,0,3,-1,-1,0,4,3,4,4,5,2,3,-1,0,5,0,5,-1,2,4,4,-1,0,3,0,-1,0,-1,2,3,2,-1,-1,0,-1,3,1,1,4,4,0,1,-1,0,1,1,5,4,5,5,-1,4,-1,2,0,1,-1,4,2,3,2,5,0,1,2,1,4,3,4,-1,1,1,0,1,3,5,2,1,5,1,-1,1,0,-1,2,-1,5
3001.88004224,2,3,0,4,3,0,1,2,3,2,4,-1,1,4,-1,4,0,0,-1,-1,-1,5,2,3,-1,4,4,2,1,5,5,-1,-1,1,1,1,1,3,5,4,4,2,3,-1,5,5,-1,2,-1,1,-1,2,-1,5,2,1,0,2,1,4,5,0,1,0,0,2,-1,4,3,3,5,4,0,3,3,-1,5,1,0,0,4,1,3,5,0,4,-1,-1,2,-1
2778.38296783,1,2,3,2,4,0,1,5,3,-1,-1,4,0,5,5,0,2,-1,0,-1,0,-1,4,5,4,0,3,2,-1,2,-1,2,1,1,5,5,-1,4,0,3,0,-1,4,2,1,0,-1,3,3,2,-1,3,5,3,0,2,4,4,-1,3,4,-1,1,5,1,4,2,1,2,5,1,5,-1,1,4,4,1,3,4,3,1,-1,2,-1,3,0,2,0,-1,0
2918.49065043,0,5,1,0,3,3,-1,4,1,2,4,4,2,1,-1,-1,5,1,3,-1,3,-1,2,5,1,5,-1,-1,5,3,3,0,4,0,1,2,2,-1,4,4,5,0,3,0,2,4,4,-1,-1,5,-1,5,3,2,5,3,-1,3,5,-1,-1,0,3,2,0,0,3,4,1,5,1,2,2,1,0,3,4,4,4,0,1,0,-1,4,2,3,4,2,1,-1
2959.67893303,2,0,2,3,-1,0,0,4,4,2,1,3,3,3,5,1,4,-1,-1,3,2,2,-1,4,5,3,3,3,-1,1,-1,5,0,-1,-1,1,2,1,0,-1,1,-1,1,5,3,5,4,2,4,5,4,-1,-1,1,3,5,4,2,0,0,2,2,3,0,0,4,3,5,-1,-1,5,4,-1,3,1,5,-1,2,4,2,2,2,1,0,-1,2,-1,1,0,4
3040.70506272,3,1,1,3,1,4,5,5,3,1,4,1,3,-1,-1,0,3,0,0,0,4,2,3,4,-1,4,5,5,5,2,5,5,3,-1,-1,0,3,5,-1,4,2,-1,0,1,0,2,0,5,2,2,1,-1,4,5,1,4,-1,1,4,-1,-1,2,1,-1,4,2,3,3,0,2,-1,2,0,1,5,3,1,3,2,3,0,-1,1,1,0,4,0,2,5,4
3182.16318082,4,0,1,2,-1,4,-1,3,3,2,1,2,3,5,4,0,4,0,1,3,3,0,3,2,0,2,-1,2,2,4,1,5,0,1,4,0,4,-1,-1,4,1,1,3,5,3,4,0,2,-1,1,3,4,0,0,2,-1,0,1,-1,3,0,3,2,-1,-1,3,1,-1,3,1,-1,4,2,2,-1,1,5,1,4,3,5,0,-1,4,5,2,-1,5,5,2
3188.24014055,2,3,-1,-1,4,-1,1,0,4,2,0,4,4,0,-1,5,5,3,0,1,0,-1,2,-1,3,2,-1,2,1,4,3,2,0,5,5,1,3,-1,4,-1,-1,2,-1,2,0,5,4,3,5,-1,4,1,0,1,4,2,5,3,5,-1,2,0,-1,1,4,3,3,-1,5,4,3,2,0,4,1,0,3,4,3,0,3,0,1,1,1,0,2,1,5,2
3046.78202245,0,0,5,2,-1,-1,0,3,3,5,4,5,5,5,-1,0,0,5,2,2,3,1,1,4,-1,0,2,2,1,0,-1,4,5,2,0,4,5,-1,-1,2,3,3,-1,5,1,3,-1,4,-1,2,1,5,3,1,3,4,3,2,3,-1,2,4,4,1,1,3,1,4,2,5,0,2,4,0,0,4,5,5,4,3,-1,2,0,3,1,4,1,1,1,4
2916.80260606,4,3,5,0,0,0,0,1,4,-1,3,-1,2,-1,-1,4,-1,-1,3,1,-1,1,2,2,4,4,-1,5,0,4,0,4,4,0,5,1,0,5,3,1,2,1,-1,4,-1,0,1,4,-1,3,3,5,3,4,3,5,-1,1,2,2,4,1,5,-1,1,0,5,1,2,5,2,5,2,3,-1,1,-1,-1,5,3,0,5,4,4,2,5,3,1,1,3
2818.89603268,-1,4,3,2,1,-1,4,3,2,-1,2,2,4,2,5,1,-1,-1,5,-1,1,-1,5,5,1,5,3,5,1,4,-1,3,5,1,0,4,5,-1,1,2,0,0,3,2,4,5,4,0,-1,5,-1,-1,5,1,-1,4,5,0,0,3,0,4,4,-1,0,3,0,3,2,2,4,-1,2,3,1,1,0,0,2,4,-1,-1,0,3,0,2,3,1,-1,2
2841.85343609,-1,3,-1,0,-1,-1,5,2,-1,0,-1,-1,0,1,2,5,-1,3,0,2,1,-1,4,-1,2,2,0,1,2,5,0,5,4,3,3,4,-1,0,2,4,1,-1,2,4,3,3,4,1,3,4,-1,0,4,1,4,1,2,-1,5,2,1,2,1,-1,2,3,-1,-1,1,5,-1,0,-1,0,1,5,-1,-1,5,4,4,4,4,3,0,4,3,0,1,1
3102.14987774,-1,3,0,0,2,2,5,4,3,-1,-1,0,3,1,0,0,1,2,-1,3,4,2,4,2,3,4,4,-1,0,0,-1,1,-1,5,5,4,3,5,-1,4,2,1,-1,1,-1,-1,1,-1,0,0,3,4,-1,1,1,2,-1,2,0,4,2,4,3,3,-1,4,-1,1,3,1,3,2,5,2,4,0,0,1,1,3,5,3,0,1,-1,4,5,-1,2,2
2918.49065043,-1,1,-1,3,4,4,1,4,-1,5,5,0,4,3,5,3,5,1,0,0,3,5,2,1,0,4,3,0,3,5,4,3,0,-1,1,-1,4,4,-1,0,-1,3,2,4,3,4,-1,5,0,-1,-1,-1,5,5,1,-1,2,2,4,5,-1,0,4,5,3,0,3,1,1,2,-1,3,0,-1,2,1,0,3,2,2,2,5,3,4,-1,0,-1,4,2,5
3087.97030505,3,4,2,4,-1,3,0,5,1,0,1,2,4,0,3,4,0,0,3,2,3,1,-1,2,1,-1,-1,2,0,1,-1,-1,1,5,3,2,0,-1,2,5,2,0,2,0,1,-1,0,1,1,-1,-1,5,5,2,5,-1,5,1,-1,3,4,0,-1,3,1,4,3,5,3,5,5,-1,4,5,3,2,-1,2,0,4,-1,1,5,4,2,4,4,1,4,3
2791.21210503,-1,-1,4,3,5,-1,3,2,3,0,1,-1,4,-1,0,3,3,5,2,-1,3,0,4,0,4,2,0,-1,4,5,1,-1,2,-1,2,0,5,-1,4,2,5,1,1,2,1,5,-1,3,3,0,-1,4,5,3,-1,-1,1,4,1,-1,2,2,4,-1,-1,5,2,0,-1,0,4,4,5,2,5,-1,5,0,0,-1,4,3,2,-1,2,3,0,5,1,4
2975.54655009,1,4,2,0,-1,2,2,5,4,0,2,3,3,-1,-1,3,4,-1,0,0,5,-1,2,4,-1,3,4,-1,4,3,1,1,3,-1,1,1,4,2,0,0,4,-1,-1,2,2,3,1,2,0,5,-1,5,5,0,2,5,3,1,0,-1,5,0,0,5,4,5,1,-1,0,-1,2,4,4,1,4,1,3,-1,5,-1,-1,0,3,2,2,3,1,4,3,3
3068.0513815,4,-1,2,2,2,-1,0,4,0,5,2,-1,4,3,4,2,3,-1,1,2,0,3,5,0,4,0,1,5,1,0,-1,5,4,0,4,-1,5,1,-1,3,-1,1,5,1,1,-1,4,0,1,4,3,3,1,0,3,0,-1,5,5,2,-1,5,1,4,5,1,2,4,2,4,3,-1,3,5,1,3,1,5,2,0,0,3,2,3,5,2,2,4,2,4
3068.0513815,3,5,3,1,2,2,5,1,-1,1,3,4,-1,3,0,2,3,0,-1,3,2,0,0,0,3,2,1,1,-1,4,0,4,2,1,1,2,5,2,0,-1,2,1,5,3,-1,-1,4,-1,2,-1,5,3,4,3,5,5,-1,2,2,4,-1,5,5,3,2,5,4,1,4,2,-1,0,5,-1,0,4,1,-1,4,1,0,3,-1,3,-1,4,0,4,0,4
3068.72659924,4,2,2,-1,4,1,-1,1,0,5,2,-1,5,3,-1,2,4,-1,3,4,5,4,1,2,0,4,4,1,1,0,3,-1,1,1,-1,1,3,-1,5,0,2,3,1,5,2,4,2,4,4,-1,0,-1,5,4,3,2,-1,1,3,-1,5,2,3,5,3,0,2,0,0,1,2,2,0,2,5,4,3,0,1,3,4,5,3,-1,0,1,5,4,1,0
2943.13609821,3,-1,2,3,0,5,0,1,2,5,2,-1,1,4,1,5,3,2,-1,-1,0,5,-1,1,2,-1,4,4,1,3,5,4,0,0,-1,-1,3,4,1,0,2,5,1,5,0,4,-1,1,-1,-1,5,5,4,0,5,0,-1,1,3,4,-1,0,0,2,-1,0,4,0,5,2,3,4,3,-1,4,1,1,4,1,5,1,1,5,2,3,2,2,2,4,-1
3190.60340266,4,-1,-1,0,2,2,-1,-1,0,2,0,4,5,-1,1,0,1,0,5,0,2,0,0,3,3,3,4,4,5,1,4,1,1,2,4,2,4,-1,1,0,4,3,4,3,2,4,2,3,0,3,1,5,2,1,2,5,2,4,0,-1,0,5,3,1,1,5,5,3,3,3,5,-1,4,2,1,2,1,5,0,-1,4,3,-1,-1,5,5,3,5,-1,-1
3041.38028047,1,-1,3,1,4,-1,-1,3,3,2,5,2,1,2,4,-1,5,0,1,0,1,0,0,4,2,3,-1,1,3,0,5,-1,4,-1,3,3,3,1,2,-1,-1,5,4,5,0,3,1,2,1,2,2,-1,0,0,1,-1,-1,4,4,2,5,4,5,3,0,2,1,1,5,5,5,5,4,4,-1,0,5,4,4,4,0,2,-1,2,4,2,0,1,3,0
2818.89603268,1,-1,2,-1,5,2,3,-1,1,2,4,5,0,4,1,-1,1,3,-1,4,3,2,4,2,2,0,2,5,0,0,1,4,1,1,-1,-1,0,0,3,4,2,-1,1,-1,2,0,4,0,1,1,2,0,-1,4,5,1,-1,4,-1,-1,3,3,-1,0,-1,5,1,1,2,4,3,2,3,0,5,5,2,3,2,5,3,-1,4,-1,3,4,5,5,5,3
3010.65787296,0,1,-1,-1,2,2,5,-1,3,-1,0,3,3,3,4,5,2,1,2,4,1,0,-1,1,3,5,3,1,-1,4,-1,1,3,2,-1,1,2,0,0,1,1,0,0,2,3,1,1,2,3,0,-1,-1,3,5,4,5,5,2,4,0,4,-1,2,4,1,4,0,0,2,0,-1,5,-1,2,4,1,3,-1,3,4,4,3,3,0,5,4,5,-1,5,5
2961.02936852,3,3,-1,4,-1,0,1,0,3,-1,3,0,1,-1,2,3,-1,2,2,0,3,0,4,1,2,0,1,1,-1,5,5,5,2,4,-1,4,-1,5,0,4,3,2,2,1,-1,0,-1,1,-1,4,4,0,1,1,2,-1,1,1,5,3,3,4,4,2,5,1,0,2,5,4,3,-1,4,3,2,1,3,3,-1,2,-1,5,3,5,0,0,-1,2,5,5
3031.92723201,0,-1,-1,3,5,1,-1,1,0,-1,0,5,2,0,2,2,2,-1,3,-1,1,5,4,0,1,5,1,5,1,5,0,5,4,1,-1,4,-1,-1,4,3,0,3,1,3,1,3,0,-1,5,4,1,-1,0,4,1,2,-1,4,3,5,5,3,1,2,0,5,2,5,4,4,3,0,4,-1,-1,4,1,5,3,4,2,4,-1,3,0,1,2,3,0,3
2999.51678013,4,0,4,-1,1,-1,5,3,-1,-1,-1,3,5,3,5,2,-1,5,2,3,1,2,3,4,-1,4,4,0,0,4,5,3,3,1,3,4,1,4,4,4,-1,5,0,-1,1,1,2,0,2,0,1,0,0,4,3,0,5,0,3,3,2,5,-1,2,2,1,-1,2,2,1,1,5,-1,-1,3,5,3,0,1,3,1,0,4,4,0,2,2,-1,-1,2
2931.31978763,3,5,-1,5,-1,3,0,4,1,0,-1,1,3,5,0,0,-1,-1,4,4,-1,-1,4,5,-1,0,5,2,2,2,-1,-1,3,1,-1,0,1,5,1,-1,3,5,5,3,1,-1,3,3,-1,0,0,4,2,4,2,4,-1,4,3,2,4,0,2,1,4,3,2,0,1,0,3,1,-1,1,4,0,-1,0,2,5,2,-1,0,-1,-1,2,3,2,3,1
2944.82414258,5,1,-1,4,-1,3,0,1,1,2,5,3,2,0,2,2,1,-1,-1,5,-1,-1,5,1,0,0,0,4,5,-1,3,0,5,4,1,5,4,-1,3,4,4,1,2,4,4,1,5,0,4,1,4,3,1,2,-1,2,-1,3,5,2,3,-1,1,-1,2,0,0,2,0,0,5,4,-1,3,2,4,-1,1,5,2,0,1,5,-1,0,4,3,3,3,3
2951.91392893,5,-1,-1,1,3,2,3,5,-1,4,5,4,5,3,4,1,-1,-1,-1,1,3,2,5,2,4,0,-1,-1,1,-1,0,1,3,4,-1,0,-1,-1,-1,2,0,-1,3,4,3,-1,1,-1,1,5,3,5,4,5,1,1,4,1,0,4,2,0,4,5,2,0,3,2,0,0,1,3,2,1,-1,0,5,2,-1,-1,2,2,4,4,3,4,0,1,5,3
2893.84520265,3,-1,3,-1,1,5,1,3,3,0,-1,-1,1,3,3,5,1,2,3,-1,-1,5,1,0,2,4,-1,3,4,2,0,2,-1,2,3,2,-1,4,0,2,-1,3,2,4,4,5,4,4,0,2,5,2,5,-1,-1,0,4,4,-1,0,0,4,4,4,3,3,1,1,5,4,-1,1,-1,4,1,5,-1,5,5,4,5,-1,1,1,1,1,0,2,0,2
3156.84251529,-1,4,5,4,5,0,4,1,-1,1,2,4,-1,3,1,1,0,-1,3,1,1,2,-1,5,-1,-1,2,-1,5,0,3,3,3,4,1,0,1,2,3,-1,1,5,3,-1,1,-1,0,0,1,0,-1,2,-1,-1,2,2,5,4,5,4,0,5,0,4,0,2,3,1,4,3,5,5,4,2,3,0,1,3,1,2,4,3,0,-1,4,5,2,3,0,0
3100.1242245,2,2,-1,0,0,-1,1,2,-1,-1,4,2,5,5,-1,0,4,4,1,3,2,3,1,2,1,2,2,3,3,5,4,-1,2,-1,4,3,-1,0,2,3,5,4,-1,0,1,0,1,3,3,5,0,1,0,3,1,4,0,2,1,5,-1,3,1,4,5,1,2,3,1,3,5,0,4,2,0,2,5,2,-1,3,1,3,0,4,4,-1,5,0,-1,-1
2997.82873576,1,2,3,1,1,4,5,5,3,-1,3,4,2,1,1,1,2,4,5,3,0,0,2,-1,3,4,-1,0,4,1,-1,3,-1,-1,0,2,-1,2,5,3,0,4,2,3,4,0,0,3,0,1,1,0,5,5,1,0,5,1,-1,-1,2,4,-1,4,4,-1,2,-1,0,4,3,5,3,-1,4,5,0,-1,5,3,2,0,5,4,1,2,4,2,3,2
3036.31614736,-1,1,0,-1,3,-1,0,0,5,0,-1,-1,2,4,0,1,-1,2,4,0,2,3,1,2,-1,-1,2,3,3,-1,-1,3,2,4,5,0,2,4,-1,3,2,0,5,0,2,5,4,0,-1,5,5,-1,3,1,5,1,2,-1,1,0,4,4,4,5,3,3,1,2,3,3,1,3,5,4,0,2,-1,1,2,2,4,1,-1,4,4,-1,3,1,-1,5
2995.12786477,3,2,0,3,-1,3,3,1,5,4,0,-1,0,3,4,0,5,1,5,5,5,0,-1,0,0,1,-1,-1,-1,4,3,3,4,2,4,-1,3,4,5,3,0,0,5,0,5,0,1,5,2,2,2,1,1,-1,-1,2,-1,2,0,4,1,3,-1,1,-1,2,1,4,3,1,2,3,-1,2,5,4,5,3,0,2,1,4,4,4,5,2,5,1,4,1
3132.53467638,-1,2,1,3,2,5,-1,2,4,1,2,0,1,-1,0,5,1,0,5,0,0,0,-1,2,2,1,-1,5,5,3,3,3,5,3,2,5,1,-1,2,3,2,-1,5,4,5,-1,1,4,3,5,0,4,0,0,1,0,4,2,5,3,0,2,4,3,4,0,1,5,1,0,1,-1,-1,4,1,-1,4,4,4,1,5,2,1,3,3,5,2,-1,4,4
2987.70046955,-1,1,1,2,1,2,5,3,-1,0,0,3,0,0,1,-1,5,4,-1,3,2,4,0,4,-1,2,3,3,2,-1,5,5,4,5,1,3,2,-1,-1,1,0,0,-1,1,4,3,0,4,-1,2,-1,4,2,0,-1,2,4,2,0,3,3,5,-1,0,1,1,3,3,1,4,1,1,3,2,2,3,4,4,2,-1,5,-1,-1,-1,3,4,4,1,-1,0
3137.59880948,1,4,1,3,5,5,3,4,-1,3,0,0,1,5,1,1,2,3,-1,2,1,4,5,4,-1,2,1,1,5,-1,0,0,1,1,-1,5,-1,5,3,-1,4,3,4,4,0,-1,2,0,3,2,3,-1,3,0,4,-1,2,-1,1,-1,2,0,2,3,2,2,5,0,5,-1,0,2,1,0,3,0,1,5,0,-1,4,0,5,4,-1,1,-1,4,5,4
2953.93958217,-1,1,1,5,4,-1,0,1,5,1,1,4,1,4,0,5,5,5,-1,3,-1,-1,4,2,5,2,-1,0,2,2,0,4,0,3,2,2,4,0,5,0,-1,1,-1,-1,3,3,1,1,-1,4,-1,-1,3,-1,3,2,0,0,5,5,2,4,3,3,3,-1,-1,5,4,2,-1,1,-1,5,4,2,1,2,1,2,4,0,0,3,0,0,4,1,-1,5
3060.96159515,4,4,2,5,3,2,2,5,0,0,3,3,0,1,3,4,4,0,5,2,3,3,5,5,4,-1,3,4,1,-1,-1,5,5,2,0,3,-1,4,2,-1,1,4,0,2,0,0,-1,4,1,5,0,1,5,5,-1,2,0,2,3,1,-1,3,0,1,3,1,4,3,-1,-1,1,1,5,2,2,0,3,-1,1,-1,5,4,4,2,2,5,-1,0,-1,4
2903.29825111,4,4,0,0,2,-1,5,-1,5,1,3,3,-1,5,0,2,2,4,4,4,-1,0,-1,3,0,0,2,-1,1,3,3,-1,-1,-1,4,0,-1,1,3,-1,5,2,-1,1,5,-1,2,4,2,-1,1,-1,3,1,-1,5,1,5,-1,4,1,3,1,0,2,-1,2,2,5,-1,-1,3,4,5,2,3,0,4,-1,0,-1,4,-1,0,0,-1,3,1,4,1
3023.14940129,1,-1,2,3,0,2,1,2,5,2,0,4,1,0,5,5,0,5,5,3,4,3,0,4,-1,3,2,1,-1,4,3,1,3,0,-1,5,5,1,5,0,2,0,-1,0,0,0,3,-1,-1,5,1,3,4,4,5,2,3,1,5,3,4,2,-1,-1,2,3,1,3,-1,2,-1,4,2,1,4,2,4,2,2,3,1,1,3,4,-1,1,0,-1,-1,4
3183.51361631,0,2,0,1,3,-1,5,1,5,1,3,3,4,3,-1,4,0,4,0,1,3,-1,4,1,-1,0,1,5,2,-1,3,5,5,3,-1,5,4,4,2,4,5,2,2,0,4,5,2,3,1,0,1,-1,-1,0,3,0,4,4,0,2,1,1,2,2,5,-1,5,-1,3,1,0,2,4,-1,5,3,0,2,2,2,-1,1,5,-1,1,3,-1,0,4,3
2965.41828388,1,1,-1,3,1,2,-1,2,5,3,5,-1,-1,-1,1,-1,-1,0,5,3,2,0,1,4,5,1,4,2,3,0,5,4,1,-1,2,3,1,0,0,2,4,-1,3,1,-1,0,2,1,-1,2,-1,2,-1,-1,3,1,4,5,4,2,0,0,5,5,2,-1,3,4,1,5,4,3,1,0,3,0,2,2,3,3,0,0,4,3,3,-1,-1,2,5,0
2887.43063405,4,-1,2,3,1,5,0,4,1,0,3,2,-1,-1,3,0,5,-1,4,3,5,-1,3,5,5,1,5,4,-1,2,0,2,0,0,1,3,-1,-1,3,5,1,1,0,3,-1,-1,3,3,5,2,1,5,2,-1,3,1,4,0,0,4,4,2,4,5,3,4,4,4,-1,-1,3,-1,5,2,3,1,0,4,-1,-1,-1,5,1,-1,0,0,1,2,1,-1
3109.57727296,0,0,5,-1,2,5,4,3,1,3,0,3,5,0,4,-1,0,-1,2,4,0,-1,2,3,2,-1,3,1,4,3,1,-1,3,0,5,4,4,1,2,3,4,5,5,3,1,3,4,2,1,-1,5,5,3,-1,0,1,2,2,2,-1,1,-1,1,-1,4,1,3,5,5,0,2,4,0,0,4,4,3,1,5,4,2,5,1,0,2,2,-1,0,3,4
3092.02161153,1,5,-1,3,2,5,2,-1,-1,1,3,2,-1,3,0,-1,1,1,-1,1,3,2,3,4,-1,-1,0,4,3,2,1,4,1,-1,0,0,5,-1,2,-1,0,4,3,1,3,2,3,-1,5,2,2,-1,0,5,4,1,4,0,-1,2,5,0,4,3,3,0,5,1,0,4,2,-1,0,1,2,3,4,4,4,1,3,4,4,-1,0,3,5,1,1,-1
3015.04678832,1,3,4,0,1,2,5,0,-1,4,1,2,1,2,2,3,1,5,4,2,5,2,1,3,1,2,2,-1,4,3,0,0,3,4,3,2,4,1,2,2,0,-1,5,3,5,1,5,5,2,5,1,-1,3,2,-1,4,0,5,3,5,0,5,4,4,1,5,3,4,3,4,3,0,-1,5,1,-1,0,3,4,-1,0,0,3,-1,-1,1,4,1,-1,-1
3182.50078969,4,0,-1,0,3,3,2,4,2,1,5,1,5,5,0,1,2,0,0,5,5,3,3,3,0,4,3,0,4,-1,1,4,1,5,0,4,4,5,5,5,0,2,2,0,2,1,-1,1,0,3,3,1,-1,0,-1,-1,-1,2,5,2,5,5,3,1,3,4,1,1,3,-1,3,5,-1,-1,-1,4,-1,4,1,0,1,1,4,-1,2,-1,4,2,2,2
2916.12738832,0,5,1,1,5,4,3,1,4,2,2,3,1,-1,2,0,1,5,-1,1,3,-1,1,4,-1,0,2,5,-1,4,3,3,1,-1,3,-1,5,4,5,-1,-1,-1,-1,1,-1,3,-1,5,2,-1,1,2,0,-1,5,3,2,0,2,4,3,-1,-1,1,3,0,4,0,-1,3,4,2,-1,3,2,0,2,5,4,0,3,4,-1,0,0,0,1,-1,0,2
3078.51725658,2,0,2,1,-1,0,-1,-1,-1,5,5,2,3,2,5,1,2,5,2,3,1,-1,3,-1,2,-1,3,1,-1,5,5,0,4,1,4,4,0,4,5,3,4,5,-1,0,2,-1,4,1,3,1,0,4,4,1,3,0,4,2,3,0,5,2,5,2,0,3,0,0,5,3,0,0,2,5,0,1,4,3,3,4,4,-1,2,4,1,3,1,3,-1,2
3032.26484088,3,5,0,1,5,3,-1,1,-1,0,-1,4,1,3,1,0,-1,4,1,3,1,3,3,5,4,0,2,0,-1,5,4,0,4,-1,0,4,5,2,4,-1,-1,5,2,-1,0,2,1,1,5,1,2,3,3,4,3,0,-1,1,1,5,2,2,0,4,4,3,4,-1,5,3,0,2,5,1,2,1,5,0,0,1,3,3,2,-1,4,0,-1,-1,2,2
3005.93134873,5,2,-1,4,0,-1,4,-1,4,-1,-1,-1,2,2,1,2,3,0,5,4,3,2,5,-1,4,2,3,5,-1,3,-1,1,-1,5,1,2,1,-1,0,0,5,1,3,3,4,4,4,2,3,3,0,1,5,1,2,3,1,2,1,3,0,4,0,2,5,2,5,1,5,4,-1,4,-1,0,2,0,3,5,4,3,1,4,0,4,-1,-1,0,0,1,5
2946.17457808,3,1,0,1,2,-1,5,2,2,1,2,4,0,1,2,1,-1,3,-1,4,4,3,3,5,2,4,5,3,4,0,4,0,1,3,5,0,2,0,2,2,0,3,0,1,3,0,4,3,2,1,0,-1,4,-1,4,5,5,1,3,5,5,4,4,-1,3,-1,4,-1,5,1,4,0,-1,5,0,-1,-1,-1,4,2,1,4,1,5,3,5,-1,2,-1,1
2991.41416716,1,0,-1,4,4,1,0,2,5,1,4,1,4,0,3,3,4,4,1,-1,1,5,2,0,3,5,4,0,5,5,0,1,3,3,2,5,5,-1,2,-1,-1,5,1,2,-1,3,1,0,-1,-1,-1,0,1,-1,-1,2,5,1,1,5,0,5,0,5,2,3,2,4,1,3,3,-1,-1,2,4,0,3,3,3,3,4,-1,-1,0,2,-1,1,3,2,4
3006.60656648,1,3,3,-1,3,2,-1,2,4,4,3,0,0,0,-1,1,1,2,-1,4,0,3,2,3,-1,1,2,-1,4,3,1,0,4,4,4,-1,5,5,2,0,3,1,4,5,3,5,1,-1,0,2,4,1,4,-1,1,0,-1,2,4,2,3,5,4,-1,0,0,5,0,1,2,1,-1,3,3,5,0,1,1,0,-1,3,4,0,-1,-1,2,-1,-1,2,-1
3088.64552279,5,-1,5,-1,3,-1,3,2,2,1,2,3,-1,1,2,2,2,1,1,5,4,5,4,0,1,0,1,5,2,2,-1,-1,5,5,1,-1,-1,0,4,0,5,5,0,3,3,2,1,3,0,0,3,4,1,4,-1,-1,3,3,3,4,1,1,4,2,1,0,-1,3,0,4,2,0,0,4,-1,4,2,3,2,4,5,4,1,1,-1,5,-1,4,-1,5
3041.71788934,1,4,3,3,1,0,-1,4,1,5,0,-1,4,0,4,2,4,3,0,2,4,-1,0,2,0,4,-1,5,0,3,1,4,0,3,0,4,1,2,-1,-1,2,5,-1,2,5,0,1,4,3,-1,4,-1,3,5,-1,3,5,1,1,2,2,1,2,1,-1,5,3,-1,3,4,-1,3,-1,1,2,4,2,4,2,2,5,4,2,2,0,-1,-1,0,1,5
3006.60656648,0,0,-1,-1,-1,3,4,-1,0,-1,4,1,2,0,3,1,2,3,3,-1,3,0,-1,4,3,0,0,4,5,-1,2,1,2,-1,1,4,1,2,5,0,-1,2,0,1,3,2,2,1,4,3,3,1,5,5,1,2,0,0,5,0,2,5,3,1,1,5,3,4,4,1,0,5,3,1,-1,5,-1,4,4,2,2,5,-1,-1,5,5,3,4,-1,5
3091.34639378,3,2,1,5,4,-1,2,0,1,-1,5,2,2,2,1,0,5,0,3,5,3,-1,0,4,5,1,0,-1,4,3,0,4,3,0,2,3,-1,-1,1,5,-1,1,5,0,4,-1,0,2,5,-1,1,1,0,-1,2,1,-1,2,-1,1,3,3,5,4,5,5,-1,-1,3,2,4,1,3,4,1,4,4,3,0,4,-1,0,0,5,5,5,3,0,2,2
2892.15715828,1,1,0,4,4,3,-1,5,5,4,0,4,3,3,-1,3,1,0,3,0,1,4,-1,-1,3,3,2,3,2,5,4,2,-1,5,2,1,-1,0,4,3,3,1,2,5,0,0,4,0,5,-1,-1,1,4,2,2,2,-1,3,1,4,3,-1,4,2,5,4,4,4,-1,1,5,0,-1,0,5,1,5,1,-1,1,2,0,5,0,5,2,2,-1,-1,-1
3021.12374805,4,1,2,3,5,1,5,0,3,5,-1,1,3,4,4,2,4,-1,3,-1,2,4,2,-1,4,4,3,-1,1,2,4,1,3,3,-1,0,5,4,4,2,1,1,1,0,2,0,1,-1,4,5,5,0,-1,0,1,1,-1,-1,2,2,3,5,-1,3,0,-1,2,2,0,4,4,2,5,5,-1,2,3,3,0,3,2,3,2,-1,5,0,1,0,0,5
3132.53467638,5,-1,0,2,1,4,2,2,5,0,1,5,4,0,2,1,1,3,4,-1,-1,3,5,0,-1,0,-1,-1,2,0,3,4,-1,4,1,3,0,-1,2,3,-1,-1,5,0,5,1,-1,5,5,5,5,4,3,3,3,4,4,2,0,3,0,3,0,2,3,4,3,-1,4,1,1,3,-1,-1,4,1,5,0,0,2,2,1,3,5,1,0,2,4,1,1
3205.79580198,1,0,4,4,5,4,1,5,-1,5,5,2,-1,-1,-1,2,2,0,4,4,3,5,1,-1,0,3,0,0,5,3,2,4,3,3,4,0,1,0,4,3,1,-1,-1,0,3,0,1,2,-1,5,3,2,1,-1,2,3,3,1,2,3,0,2,2,0,3,5,0,5,4,4,1,5,1,2,3,0,2,5,4,3,-1,1,4,1,5,5,2,4,1,-1
2887.43063405,1,3,5,1,2,0,-1,4,3,-1,2,3,3,5,3,1,1,3,1,2,3,-1,4,4,5,4,-1,3,1,2,-1,4,1,3,5,-1,2,-1,4,2,1,4,5,3,5,2,0,0,0,2,0,5,5,-1,-1,1,0,0,4,3,-1,5,4,5,2,1,5,3,0,0,3,1,-1,0,-1,1,5,1,0,-1,-1,4,5,2,4,-1,2,4,-1,0
3097.08574464,2,-1,4,-1,2,4,-1,2,4,5,4,3,-1,1,-1,4,4,-1,0,-1,2,3,2,2,1,1,2,5,0,4,4,0,3,1,4,3,-1,-1,0,5,1,-1,0,3,0,0,-1,5,2,3,3,5,-1,3,3,1,1,3,1,3,2,0,5,5,5,4,2,3,2,5,1,1,0,4,5,1,-1,4,1,0,0,4,2,2,1,3,-1,3,0,0
3204.44536648,-1,3,2,0,5,0,5,0,3,4,1,1,-1,2,3,4,5,5,3,5,-1,5,0,4,0,-1,4,-1,1,-1,2,3,3,1,-1,1,0,-1,4,1,0,5,3,3,5,0,5,0,4,4,-1,2,1,-1,0,3,2,3,1,5,4,1,0,2,1,0,5,1,1,2,2,4,2,3,1,1,4,-1,2,0,3,-1,2,0,-1,1,2,4,5,4
3038.67940948,3,2,0,0,-1,5,2,5,-1,3,0,1,-1,5,3,0,1,0,3,-1,5,3,4,-1,4,4,1,3,0,3,2,2,-1,5,2,5,1,4,2,4,3,1,2,4,5,4,-1,-1,4,2,0,5,3,1,1,-1,-1,3,3,5,2,3,1,0,2,0,4,1,-1,4,0,1,5,1,4,4,1,4,4,0,-1,-1,-1,1,-1,0,3,0,3,-1
3026.8630989,2,5,1,-1,-1,1,-1,4,4,5,5,0,-1,0,1,3,1,5,3,2,4,1,0,2,2,4,0,-1,3,4,4,0,-1,-1,5,4,-1,4,1,3,-1,4,0,0,-1,3,-1,0,0,5,-1,-1,-1,5,3,-1,2,0,1,2,1,3,1,0,5,1,1,4,2,2,3,3,1,1,2,2,2,2,0,5,5,4,4,-1,4,2,5,-1,0,3
3054.88463542,2,5,-1,1,4,4,2,0,4,5,2,0,2,0,-1,-1,-1,1,1,2,-1,0,2,2,4,-1,1,-1,1,3,-1,2,0,5,5,5,3,5,2,1,0,-1,3,3,4,-1,0,4,3,3,1,3,0,4,1,-1,4,4,3,1,4,4,5,2,5,-1,-1,-1,3,5,0,4,2,5,1,0,5,2,4,3,5,4,5,1,1,0,-1,0,1,-1
3176.76143884,4,0,4,2,-1,3,5,-1,5,1,4,2,-1,-1,5,2,4,2,4,5,5,3,3,5,1,4,3,3,1,1,0,1,4,4,0,0,-1,3,2,4,2,-1,2,4,2,3,0,3,-1,1,1,0,2,5,2,1,-1,1,3,1,1,0,3,5,4,4,3,2,-1,4,5,0,-1,3,4,0,1,0,0,0,5,1,1,2,3,3,5,5,0,2
2986.01242518,2,5,1,4,3,2,-1,4,3,0,4,3,-1,4,2,0,4,1,5,1,4,3,0,0,2,-1,-1,0,-1,3,2,0,3,-1,2,1,3,5,1,2,4,-1,-1,0,1,0,4,-1,4,1,-1,3,-1,-1,0,5,-1,4,0,-1,3,2,4,5,-1,1,3,-1,3,4,5,2,2,5,3,-1,1,5,3,5,2,-1,0,5,5,0,1,1,4,1
2917.14021494,5,4,3,2,0,3,-1,0,5,5,4,4,1,2,5,3,-1,2,2,1,5,-1,0,0,4,2,2,-1,0,0,-1,-1,3,-1,1,-1,0,4,1,3,5,1,0,3,1,4,3,5,3,5,2,2,4,4,5,0,3,2,-1,1,4,3,3,3,2,-1,1,2,0,4,4,1,2,4,-1,4,0,3,-1,-1,5,1,-1,5,1,5,-1,0,3,1
3120.38075692,1,0,2,1,0,2,3,4,1,-1,0,0,1,3,5,2,1,1,0,-1,-1,5,1,1,1,1,-1,-1,2,-1,1,-1,3,-1,2,3,4,5,5,-1,2,4,-1,0,2,0,2,3,5,3,3,2,-1,0,4,4,-1,0,4,3,2,3,1,0,3,3,0,2,4,5,4,5,2,5,-1,-1,3,1,2,3,4,2,1,-1,5,5,0,4,5,5
3090.67117604,-1,4,3,2,4,4,4,5,5,1,4,5,0,0,3,1,0,3,3,1,2,-1,1,2,2,4,1,5,3,-1,-1,2,5,3,3,4,1,2,-1,5,-1,0,5,4,0,-1,0,1,2,0,1,-1,-1,5,-1,4,0,4,4,-1,2,0,3,2,2,3,2,1,2,0,1,5,0,5,5,-1,1,-1,-1,5,4,5,4,1,0,0,-1,3,3,3
2979.2602477,1,4,3,4,5,1,5,-1,3,5,1,-1,1,5,5,-1,5,0,1,0,4,-1,0,3,2,-1,2,5,2,1,4,-1,1,-1,2,0,2,4,4,5,1,3,2,0,-1,5,1,4,-1,1,0,2,3,4,-1,0,-1,3,4,3,-1,3,1,-1,3,1,2,4,2,-1,3,0,0,5,5,0,0,0,5,2,3,1,3,2,0,3,-1,1,-1,-1
2905.9991221,4,-1,2,1,2,0,0,1,4,4,0,3,3,2,2,-1,5,3,1,5,4,-1,0,3,-1,3,5,-1,4,3,0,1,-1,-1,2,-1,0,-1,1,1,2,3,2,4,-1,4,4,5,5,5,4,-1,0,0,-1,1,4,4,3,3,2,4,5,-1,0,2,2,1,3,5,0,5,1,1,5,1,3,1,-1,3,2,3,0,2,4,-1,5,2,1,-1
2912.4136907,-1,3,2,-1,3,1,2,1,4,2,4,1,4,1,1,3,-1,3,-1,-1,1,-1,4,2,4,5,4,5,0,5,-1,0,5,3,5,-1,0,3,5,4,5,-1,0,1,3,5,-1,2,-1,3,2,4,4,1,-1,2,1,3,4,1,3,5,-1,2,0,0,4,3,-1,5,0,-1,4,0,2,3,1,0,2,1,5,0,1,3,2,-1,-1,1,-1,-1
2998.16634463,0,4,2,3,-1,-1,1,1,-1,1,1,1,2,5,5,2,-1,-1,4,4,0,1,3,4,-1,1,0,4,0,-1,5,3,2,-1,0,1,5,3,2,0,2,4,2,5,4,1,5,4,1,-1,1,0,0,4,3,0,-1,5,0,5,3,3,4,0,3,-1,3,3,4,0,2,0,-1,-1,5,2,3,3,5,1,5,1,5,5,-1,4,2,4,2,3
3017.41005044,3,1,4,3,4,0,0,5,5,1,-1,-1,-1,-1,3,4,3,2,2,0,-1,5,5,1,0,3,2,4,0,5,5,1,1,3,2,-1,3,-1,-1,-1,1,1,3,2,2,2,2,5,2,4,1,-1,3,-1,4,3,0,1,3,5,4,4,2,5,0,0,0,5,0,2,0,0,4,1,2,-1,-1,-1,3,5,1,3,3,1,4,-1,0,-1,4,4
3066.02572825,2,-1,2,5,-1,1,4,1,4,2,-1,5,3,5,4,1,3,2,-1,0,4,-1,3,1,-1,5,1,4,5,2,3,-1,1,1,5,-1,5,2,4,4,3,-1,4,4,3,-1,1,1,0,0,1,0,2,1,4,-1,5,3,5,5,2,2,0,0,1,0,-1,-1,2,3,-1,5,0,3,0,-1,5,3,1,0,3,1,3,3,2,4,0,0,-1,-1
2982.29872757,1,0,1,3,3,5,1,1,5,0,3,2,3,0,-1,2,-1,2,5,-1,3,2,3,-1,4,0,5,2,0,5,-1,5,0,3,0,-1,-1,2,3,5,4,0,2,-1,4,4,1,4,0,4,1,3,2,4,4,0,-1,2,4,0,1,4,1,-1,2,4,-1,2,1,5,0,1,3,5,2,0,4,2,4,-1,-1,-1,-1,3,5,1,-1,2,1,1
3116.66705931,4,1,5,4,2,1,2,0,1,4,2,0,3,-1,3,4,0,4,-1,2,3,1,5,-1,1,4,5,2,1,5,-1,0,2,-1,1,-1,3,-1,-1,5,0,0,0,-1,2,3,4,1,5,0,1,3,1,3,5,2,4,0,5,2,0,4,2,5,1,4,0,1,2,0,-1,-1,3,4,3,1,2,0,3,3,1,2,2,0,-1,4,5,3,5,3
3094.72248252,0,1,1,5,-1,0,0,1,5,4,3,5,4,3,4,4,4,-1,3,1,2,3,3,1,0,2,2,5,0,2,2,0,-1,1,-1,4,2,-1,5,0,-1,5,1,1,2,0,1,0,5,-1,4,2,5,3,1,4,-1,-1,4,2,-1,3,4,1,0,4,4,1,-1,2,3,-1,2,0,3,4,2,4,4,2,5,3,-1,-1,0,3,0,0,3,3
3148.40229344,0,-1,0,-1,-1,2,-1,1,-1,2,1,1,-1,5,0,0,0,2,0,0,2,2,-1,5,1,-1,3,2,1,-1,3,3,5,4,5,3,3,2,3,4,-1,3,4,4,4,-1,2,-1,0,5,1,0,2,1,3,0,4,4,1,5,5,0,2,4,0,4,5,5,5,5,0,3,1,5,2,0,3,1,2,-1,-1,3,2,4,-1,2,4,1,5,3
3083.91899856,0,1,0,3,2,1,3,4,1,0,4,-1,4,3,-1,3,4,5,1,-1,2,1,4,4,2,2,3,-1,5,-1,0,0,5,0,0,2,4,2,1,4,5,-1,3,1,2,1,2,5,5,5,-1,2,-1,-1,3,4,1,4,-1,-1,5,5,3,3,2,5,1,3,0,4,0,5,3,2,-1,0,5,0,4,0,-1,1,4,1,4,3,2,1,5,0
3010.65787296,0,-1,2,-1,0,0,-1,1,2,2,0,1,2,2,3,1,4,1,2,5,4,4,5,0,2,2,0,0,5,4,-1,3,3,3,3,1,4,1,1,-1,1,0,1,4,5,3,2,-1,-1,-1,5,5,0,2,0,-1,2,3,4,5,4,0,4,4,5,1,4,0,5,3,3,3,3,0,5,4,4,2,4,5,5,-1,2,3,-1,-1,1,3,1,-1
3153.80403542,5,3,2,5,-1,2,-1,0,3,4,4,1,-1,0,0,0,2,1,5,2,1,0,3,2,-1,4,1,-1,1,3,2,5,4,3,-1,-1,1,4,4,3,2,-1,-1,-1,3,-1,1,4,-1,4,5,1,1,-1,1,5,0,1,3,2,2,0,0,0,5,1,-1,0,1,2,4,0,3,4,3,2,5,0,0,3,4,5,5,4,4,-1,0,2,3,5
2858.05866203,3,1,4,1,5,2,2,5,3,-1,-1,0,1,3,2,4,1,5,0,4,0,1,-1,4,-1,4,0,1,1,-1,1,5,-1,4,2,3,0,2,5,0,-1,0,-1,3,4,2,5,2,-1,2,5,5,2,4,1,-1,2,-1,-1,3,1,-1,-1,-1,1,3,4,2,1,3,0,5,0,-1,1,5,4,3,0,0,3,3,2,3,-1,-1,3,5,-1,-1
3078.51725658,0,4,-1,-1,3,0,3,0,2,1,2,0,-1,1,5,1,-1,-1,4,-1,5,4,4,1,0,3,5,1,5,2,0,5,0,4,4,5,0,0,3,-1,1,5,2,2,-1,0,1,1,-1,-1,-1,3,2,-1,0,2,3,-1,3,2,-1,3,1,0,4,3,4,3,0,4,2,3,5,4,1,1,4,4,1,1,2,-1,1,2,4,5,5,2,2,3
3143.00055146,-1,3,2,0,4,1,-1,0,2,-1,4,0,-1,5,0,3,3,4,1,2,-1,4,1,0,2,3,3,3,0,5,0,3,4,2,1,2,-1,-1,-1,0,4,4,-1,5,-1,2,0,5,1,5,-1,1,4,1,1,-1,2,5,2,4,5,4,3,4,3,4,3,3,-1,0,2,3,5,0,5,2,1,0,2,1,0,5,3,1,5,3,5,0,2,1
2964.40545726,4,4,5,2,2,0,-1,-1,5,4,0,0,1,-1,2,3,0,-1,-1,2,3,1,1,3,1,0,4,3,3,4,5,4,-1,2,3,0,2,1,3,5,4,1,4,3,-1,1,1,2,0,3,-1,0,2,-1,2,4,-1,0,-1,2,5,4,0,0,-1,-1,5,3,2,3,3,5,2,0,2,-1,-1,1,1,4,0,0,3,1,-1,4,5,5,5,4
3099.78661563,-1,1,0,2,-1,4,3,3,1,0,2,0,4,1,-1,2,4,3,0,0,4,-1,-1,0,5,4,3,2,-1,5,5,3,1,3,5,2,2,-1,3,5,4,0,-1,-1,1,-1,-1,1,2,4,2,4,-1,1,1,5,2,1,4,4,1,0,-1,0,3,2,0,3,5,5,0,4,3,-1,0,4,4,-1,1,5,1,2,2,-1,4,3,-1,3,1,-1
3050.49572006,0,1,3,-1,0,2,3,1,2,1,4,4,-1,2,5,3,0,-1,0,2,4,5,-1,3,5,5,5,3,3,5,-1,1,3,4,1,1,-1,0,4,0,1,-1,-1,4,5,0,0,3,2,3,-1,4,4,1,-1,-1,1,2,3,2,-1,4,5,4,1,4,0,2,0,0,0,-1,5,1,2,2,0,3,0,-1,1,1,2,-1,2,2,2,4,-1,3
3043.74354259,0,4,2,4,2,2,1,1,5,3,3,0,0,2,3,2,2,3,4,4,-1,5,1,4,-1,1,-1,4,5,0,1,1,1,5,5,-1,-1,1,1,4,-1,4,-1,0,4,-1,2,1,-1,5,-1,0,3,-1,0,5,2,-1,2,5,0,0,4,-1,0,3,1,0,1,3,4,0,0,3,-1,-1,2,2,0,3,2,2,3,5,1,5,5,3,3,4
2871.90062586,0,4,5,5,-1,4,4,-1,5,-1,3,4,3,0,0,-1,1,-1,2,5,0,4,4,2,-1,3,4,-1,5,4,3,4,0,3,-1,3,2,-1,3,0,5,0,4,4,1,2,3,3,1,5,-1,-1,2,3,2,3,0,0,-1,1,5,2,1,-1,1,2,2,3,1,5,4,-1,0,5,5,2,1,0,1,1,2,-1,-1,-1,3,-1,5,0,0,2
2947.86262245,3,1,4,2,-1,4,2,3,0,-1,1,4,0,0,-1,1,3,-1,4,0,1,2,3,5,4,-1,5,2,1,-1,-1,-1,2,5,4,-1,3,3,-1,0,1,0,4,2,0,-1,2,2,-1,2,4,4,5,1,3,3,5,0,0,3,-1,0,-1,-1,2,5,4,4,3,3,3,-1,1,1,2,2,4,4,1,0,1,5,5,5,5,0,3,5,1,1
3049.82050231,5,2,1,4,3,-1,1,2,-1,-1,0,4,1,0,3,0,2,1,3,4,4,1,2,5,4,-1,-1,1,1,5,2,0,2,4,3,0,0,1,0,-1,5,-1,1,2,-1,5,2,5,2,-1,5,3,2,5,3,4,0,4,2,3,4,4,-1,4,5,5,2,3,-1,2,4,1,3,3,5,-1,-1,5,4,0,3,1,3,3,-1,0,0,0,2,-1
3010.65787296,2,4,2,3,-1,0,1,2,3,3,5,5,2,4,0,4,5,4,-1,0,2,3,0,5,3,3,4,4,4,-1,2,5,0,-1,-1,2,4,-1,4,0,1,5,-1,-1,5,3,0,5,2,-1,1,-1,-1,-1,0,2,3,-1,0,4,1,2,3,-1,2,1,1,-1,1,-1,1,0,0,1,2,5,4,3,1,5,1,4,5,0,0,3,1,-1,1,5
3185.53926956,-1,2,0,-1,4,0,3,1,3,2,-1,0,4,3,1,5,4,4,4,0,0,4,-1,1,1,0,5,0,-1,2,5,4,3,5,3,2,1,-1,3,5,-1,3,0,4,1,4,4,-1,3,0,0,-1,-1,-1,2,4,5,5,4,4,2,1,1,2,2,0,-1,3,2,1,5,-1,1,5,3,2,0,1,2,3,5,2,1,2,4,3,-1,0,1,5
2923.21717466,3,3,3,4,-1,5,2,5,3,1,2,1,0,1,2,-1,2,-1,2,-1,3,1,4,1,1,-1,2,-1,2,-1,5,1,0,0,4,5,4,1,5,0,0,1,-1,4,0,4,-1,4,2,-1,-1,1,4,5,4,-1,3,5,-1,0,-1,2,5,-1,4,0,5,0,3,4,-1,3,0,0,-1,3,2,4,3,2,-1,0,4,2,2,3,-1,4,5,-1
3154.1416443,0,-1,0,1,2,5,-1,5,2,2,5,-1,5,1,5,3,0,4,4,1,3,0,1,3,1,0,4,0,1,3,5,1,2,3,-1,2,5,4,0,4,4,5,2,2,3,-1,5,0,4,0,2,2,4,1,4,4,3,2,-1,1,2,3,5,-1,0,3,1,-1,1,5,1,0,-1,5,5,3,3,0,3,1,2,0,-1,0,-1,4,3,4,4,2
3124.43206341,1,1,3,2,5,4,2,1,4,4,0,4,3,-1,2,0,0,2,4,1,3,4,0,0,1,5,4,-1,0,4,4,0,-1,1,-1,5,1,3,5,1,0,3,2,4,1,3,4,1,3,3,4,2,2,3,0,0,-1,2,-1,2,3,5,0,3,-1,5,5,2,0,5,1,5,-1,5,2,2,5,-1,2,5,-1,5,0,4,0,5,-1,1,-1,1
2974.1961146,3,-1,5,-1,-1,0,0,2,-1,2,3,2,0,3,-1,3,2,0,5,3,5,3,0,-1,2,5,4,1,2,-1,-1,-1,2,4,-1,1,-1,3,1,2,4,3,3,0,-1,2,-1,5,5,0,4,4,-1,4,0,1,5,5,1,1,-1,4,4,0,3,-1,0,1,4,-1,1,1,4,3,2,1,1,4,2,2,0,2,1,2,0,-1,2,3,-1,3
2802.35319787,2,1,3,-1,2,2,5,0,3,1,2,-1,1,1,4,2,-1,5,4,2,2,4,2,1,5,3,4,0,-1,-1,-1,2,5,1,3,-1,3,-1,-1,4,0,-1,0,4,-1,1,5,0,1,0,0,3,0,3,-1,0,-1,4,1,-1,4,0,3,4,-1,3,2,4,5,3,-1,2,3,0,4,3,0,5,-1,-1,2,-1,0,-1,4,0,1,2,-1,4
2995.12786477,5,2,1,4,1,2,3,4,5,0,4,1,1,2,3,1,3,-1,5,3,2,0,-1,-1,3,-1,2,1,-1,4,5,4,4,3,2,-1,2,1,1,4,2,5,1,5,-1,4,2,3,0,-1,3,3,-1,4,0,1,4,-1,0,1,0,5,2,3,1,-1,4,0,-1,5,4,5,2,0,-1,5,5,3,0,5,4,-1,2,1,0,2,0,3,0,-1
3168.99643474,1,3,0,5,1,0,4,3,2,2,1,-1,0,2,3,0,2,3,2,-1,5,1,2,-1,5,2,3,-1,4,3,4,-1,0,-1,1,5,4,-1,5,4,2,3,3,1,0,0,2,3,4,0,2,5,2,3,5,4,2,0,1,4,5,0,0,2,4,-1,4,0,0,1,1,0,3,3,4,1,5,0,3,-1,-1,1,4,5,1,1,-1,1,-1,-1
3098.43618013,2,2,3,3,5,5,4,2,2,5,3,-1,-1,1,5,1,1,3,4,4,1,-1,3,0,4,5,-1,4,1,5,1,4,5,1,5,0,2,0,3,2,0,-1,0,3,0,0,2,2,3,0,4,2,-1,2,4,4,0,2,1,1,1,1,4,3,5,3,3,0,4,-1,-1,-1,1,-1,0,2,5,1,-1,2,-1,-1,-1,-1,-1,1,5,-1,0,4
3062.98724839,3,-1,0,-1,4,-1,2,2,0,0,-1,2,5,0,-1,1,1,5,5,3,0,4,0,5,4,-1,4,3,3,2,1,0,1,3,2,2,1,3,0,4,-1,4,3,4,3,1,5,4,-1,0,5,1,-1,2,4,5,3,5,5,2,-1,1,3,1,1,2,4,2,3,4,4,1,2,4,0,3,1,4,5,-1,-1,-1,5,2,1,2,5,-1,3,0
3014.0339617,3,0,5,4,2,1,4,-1,3,2,5,0,1,5,1,3,3,4,-1,2,0,0,5,4,4,0,-1,2,2,-1,-1,4,-1,3,2,3,1,0,-1,4,5,-1,5,2,3,3,-1,0,0,3,4,0,1,1,1,2,-1,-1,1,1,-1,0,4,-1,3,5,1,0,3,0,-1,2,3,0,4,2,1,-1,-1,5,5,2,2,1,2,1,4,3,1,4
3003.90569549,0,1,2,4,1,0,4,3,3,1,2,2,-1,1,4,1,-1,1,0,1,2,2,1,3,3,0,-1,3,-1,-1,0,1,-1,-1,5,5,3,5,0,0,-1,1,5,2,-1,0,3,5,-1,5,2,4,-1,2,0,0,5,3,5,0,4,0,0,4,4,4,1,0,-1,5,2,3,3,1,2,-1,-1,4,3,2,4,-1,2,5,4,5,5,4,-1,2
3089.32074054,2,5,3,1,3,4,3,1,-1,2,0,0,0,5,0,2,5,4,5,2,5,0,5,2,3,2,-1,-1,1,3,3,1,0,-1,-1,4,1,1,5,-1,5,4,0,4,-1,-1,1,1,3,-1,-1,5,4,4,0,2,1,2,0,4,3,2,4,-1,2,2,-1,4,4,-1,3,-1,2,5,1,2,5,4,0,5,-1,1,1,0,0,0,3,1,0,2
3070.41464361,-1,1,4,4,1,2,2,3,2,4,-1,-1,-1,5,1,-1,-1,0,-1,3,-1,2,2,0,1,5,1,2,1,1,2,0,0,2,1,3,5,-1,5,4,1,3,2,4,2,0,3,2,3,5,-1,-1,2,0,1,3,0,-1,0,-1,-1,1,4,4,5,3,-1,1,4,3,1,0,3,4,4,0,4,4,3,3,-1,5,2,-1,5,1,5,5,0,3
2998.16634463,3,3,2,2,5,0,-1,0,-1,4,2,2,2,0,1,1,0,3,-1,-1,5,1,1,4,5,1,2,-1,0,-1,2,2,3,-1,1,3,-1,4,-1,0,2,3,-1,3,0,3,0,5,-1,3,1,5,1,0,1,-1,5,2,4,5,2,-1,5,5,-1,2,1,4,5,4,-1,3,4,0,0,0,0,1,-1,3,1,3,5,2,0,3,1,5,4,4
2880.00323883,5,3,5,2,3,0,-1,5,4,3,1,3,0,1,3,4,2,2,2,5,-1,3,1,2,-1,0,4,2,2,1,-1,3,1,5,4,-1,4,-1,0,1,3,-1,5,0,2,1,4,0,0,-1,0,4,0,2,0,0,-1,1,-1,3,2,4,4,-1,3,5,0,2,5,0,5,-1,3,0,1,-1,2,1,4,3,2,5,5,-1,4,1,4,2,-1,3
2926.93087227,2,1,-1,4,5,0,-1,1,5,5,2,2,0,4,2,-1,4,-1,3,3,5,-1,1,0,5,2,0,0,2,5,2,-1,4,0,4,1,1,3,1,5,5,0,3,0,5,4,2,1,-1,0,-1,-1,3,0,1,4,-1,1,5,2,-1,2,5,-1,-1,1,4,5,3,4,3,-1,3,4,3,1,1,3,2,2,-1,2,3,3,-1,3,4,0,4,2
2990.40134054,4,4,0,-1,5,4,5,2,-1,0,3,0,5,2,3,-1,1,5,2,4,4,-1,-1,-1,-1,0,5,4,5,3,5,0,1,4,-1,-1,2,-1,1,0,-1,1,1,2,1,4,0,1,2,1,0,1,0,2,5,4,5,2,3,2,0,-1,4,4,1,4,2,3,4,-1,1,0,3,0,3,0,2,5,1,-1,2,3,-1,5,3,3,-1,1,3,0
2930.64456989,-1,5,3,2,4,-1,-1,0,4,-1,5,4,0,4,1,-1,3,4,1,0,0,1,5,2,-1,2,1,-1,1,-1,2,3,4,0,0,3,-1,5,2,-1,2,0,0,0,-1,2,2,4,3,5,5,5,4,5,2,-1,4,3,-1,5,-1,0,1,2,1,0,2,1,3,1,-1,1,1,3,5,5,1,0,-1,2,4,2,0,1,-1,4,3,1,-1,5
3190.94101153,4,3,1,1,4,3,-1,0,4,2,3,3,1,1,1,4,2,1,-1,4,0,0,5,2,3,5,1,3,0,-1,0,0,0,-1,-1,5,2,2,5,0,4,3,-1,2,0,0,1,-1,-1,-1,1,2,5,2,5,5,5,0,2,2,-1,4,5,3,1,4,0,1,4,0,-1,3,-1,4,4,2,0,5,1,4,3,1,3,0,1,4,-1,2,3,4
3062.31203064,4,0,0,3,3,-1,-1,-1,3,3,2,3,2,1,3,0,1,3,0,4,4,0,4,-1,4,1,0,2,5,0,4,-1,0,1,5,3,2,2,0,-1,1,3,2,3,2,4,-1,3,5,2,-1,2,1,5,2,-1,1,1,3,-1,4,0,1,-1,4,2,5,5,1,5,0,4,1,-1,4,5,0,-1,-1,5,-1,4,2,1,5,5,3,4,1,0
2976.55937671,1,4,4,-1,5,-1,5,3,4,1,5,0,1,1,1,1,1,2,2,3,1,3,-1,2,0,1,5,5,3,-1,3,2,1,-1,2,3,3,0,3,0,0,5,-1,4,-1,5,3,0,-1,1,-1,0,3,0,2,4,4,3,-1,0,-1,3,4,1,2,4,5,0,0,5,-1,0,4,2,2,4,-1,1,0,0,-1,-1,-1,3,-1,5,-1,1,-1,2
3083.91899856,4,-1,1,2,2,4,-1,3,0,2,1,-1,0,1,-1,0,3,2,3,1,0,5,2,-1,5,0,0,-1,3,1,2,5,5,-1,4,5,-1,-1,5,1,-1,1,2,-1,2,3,1,1,4,3,4,3,-1,3,0,3,1,5,-1,1,0,4,4,3,1,-1,3,0,3,4,4,2,0,4,2,0,5,4,3,5,4,1,0,5,2,4,4,2,-1,0
3084.93182518,-1,1,1,-1,5,5,0,2,3,2,4,1,4,4,3,1,-1,5,5,2,3,3,2,0,4,3,4,3,5,-1,4,2,-1,0,-1,2,1,5,0,-1,4,-1,4,0,3,0,5,0,2,-1,0,-1,3,3,-1,2,5,2,2,2,4,1,4,1,2,0,3,0,0,-1,5,0,3,4,-1,5,2,2,1,3,1,1,1,3,-1,1,4,4,-1,5
2961.70458627,4,0,2,2,4,3,5,0,1,-1,4,1,5,-1,4,4,0,5,3,5,0,1,5,1,3,3,-1,1,-1,4,3,4,4,5,2,-1,3,1,0,3,4,-1,1,-1,2,0,1,3,0,2,1,-1,5,-1,-1,-1,-1,0,5,3,5,3,4,2,4,4,1,2,3,2,5,-1,5,1,2,2,5,2,2,0,1,0,-1,0,4,0,1,2,3,0
2976.55937671,1,1,2,2,4,2,2,-1,2,3,-1,0,-1,4,1,-1,5,5,-1,-1,3,5,1,0,2,5,-1,0,3,1,1,3,2,0,5,1,3,0,4,2,2,0,-1,-1,5,0,1,1,5,4,3,0,1,5,-1,-1,2,5,1,5,3,2,4,4,4,4,-1,1,4,5,5,3,0,1,3,-1,-1,5,4,2,0,3,0,-1,4,0,-1,3,2,3
3120.7183658,1,3,0,4,2,5,1,0,2,5,5,1,0,0,2,1,4,5,3,2,0,2,5,0,1,-1,3,4,0,2,4,4,1,3,-1,1,4,1,2,-1,1,-1,2,0,3,0,-1,4,4,0,0,4,-1,3,3,5,5,-1,1,1,3,3,0,-1,-1,1,2,0,4,3,-1,-1,2,0,1,-1,-1,2,5,4,5,2,1,5,5,5,3,2,-1,4
3140.63728935,3,0,2,1,0,3,-1,5,0,1,2,4,3,4,2,5,-1,5,1,1,0,1,4,0,4,4,-1,-1,3,0,5,0,1,1,5,2,3,1,-1,4,5,-1,0,3,0,-1,2,3,-1,2,2,4,3,-1,1,3,-1,4,3,-1,0,1,-1,1,3,-1,5,5,2,5,5,2,4,-1,4,1,2,3,0,5,4,0,0,2,4,2,3,2,3,1
3203.43253986,-1,5,5,1,0,-1,1,0,-1,0,5,3,4,1,-1,3,5,0,5,3,1,2,5,0,0,4,-1,4,4,4,4,5,1,3,5,1,2,2,0,2,0,-1,3,2,5,-1,5,-1,3,0,1,4,5,2,1,3,1,1,2,4,3,3,4,2,2,5,4,-1,3,0,4,3,-1,0,5,2,-1,4,1,0,-1,1,0,4,2,1,2,-1,3,4
2970.14480811,5,3,5,4,-1,1,0,3,5,-1,2,-1,2,3,-1,4,1,2,2,4,2,4,-1,-1,4,3,0,-1,0,2,-1,0,5,3,3,5,1,2,3,2,3,5,0,0,-1,4,0,3,2,0,4,1,4,3,4,-1,5,2,1,-1,0,1,-1,1,3,4,-1,1,-1,5,1,1,0,5,0,4,0,2,5,5,3,1,4,0,5,4,1,4,2,5
2931.31978763,4,5,-1,4,5,4,3,1,5,2,0,3,1,5,5,0,4,0,0,2,1,-1,1,5,-1,1,2,0,3,4,3,-1,-1,1,-1,-1,5,1,1,0,4,-1,2,2,3,3,1,5,-1,-1,-1,2,1,3,0,3,4,3,3,-1,5,2,4,-1,4,3,3,0,-1,4,0,4,1,2,5,2,2,0,5,2,5,4,4,0,-1,1,1,0,3,0
2955.96523542,4,1,4,-1,2,0,-1,-1,3,5,1,5,3,-1,2,5,2,2,1,-1,1,0,1,4,-1,1,-1,-1,3,1,-1,4,4,5,1,3,-1,5,0,5,3,-1,1,0,0,4,0,3,4,3,0,3,0,0,4,2,5,3,3,1,3,2,5,4,2,0,5,0,2,4,-1,2,2,1,1,3,-1,2,1,3,-1,5,-1,-1,5,4,0,4,4,2
3065.35051051,0,5,-1,-1,5,0,5,0,1,4,0,1,4,2,5,1,5,4,0,3,1,0,2,5,1,5,2,3,-1,4,0,4,1,-1,0,-1,-1,3,4,1,5,1,-1,1,2,5,2,4,1,4,2,-1,0,3,-1,0,3,3,3,4,1,4,-1,1,3,3,2,0,2,3,5,0,-1,4,-1,3,2,0,3,2,1,4,2,2,-1,0,2,3,-1,5
2919.16586818,0,2,5,5,5,-1,-1,2,0,-1,-1,0,4,5,1,3,-1,4,3,4,5,2,1,1,3,1,0,2,0,2,0,3,2,5,0,3,4,1,3,2,0,-1,4,2,5,2,1,1,5,3,-1,3,4,4,1,3,5,2,4,4,-1,4,-1,3,4,3,-1,1,4,0,-1,-1,-1,1,1,2,0,1,-1,3,0,5,5,2,1,0,2,5,4,1
3034.29049412,1,3,1,0,-1,0,-1,1,2,4,0,4,1,-1,4,1,3,2,-1,3,2,0,5,3,2,-1,0,-1,0,4,1,1,-1,0,3,4,2,0,0,0,4,0,-1,5,4,3,4,-1,5,2,2,1,1,5,2,1,3,-1,2,2,-1,3,0,4,1,-1,-1,3,-1,3,-1,3,5,3,3,2,4,1,3,4,5,0,1,5,4,-1,5,5,5,2
2963.05502176,-1,4,4,1,5,1,1,2,5,0,2,2,-1,-1,4,-1,-1,5,-1,3,2,2,5,1,-1,2,5,3,-1,4,3,3,3,0,3,3,2,1,-1,2,0,0,1,-1,0,3,0,-1,0,-1,3,5,5,4,-1,1,3,0,5,5,4,4,-1,0,0,1,3,5,2,1,-1,1,3,2,2,4,2,2,-1,2,-1,0,-1,0,4,5,3,1,4,4
3002.21765112,5,4,-1,-1,-1,4,-1,4,1,4,0,5,-1,0,1,-1,3,5,-1,0,3,2,2,4,-1,5,1,2,0,3,2,0,-1,4,1,3,5,3,2,5,0,4,1,5,2,4,2,3,-1,2,-1,1,-1,1,0,5,3,1,0,1,4,5,2,-1,3,4,5,1,0,1,3,2,4,1,3,3,5,2,5,1,4,0,3,-1,5,0,3,-1,-1,-1
3144.68859583,0,3,1,2,1,1,5,5,0,0,2,5,-1,3,4,1,3,0,-1,2,4,1,0,-1,-1,5,4,4,-1,3,-1,1,0,5,4,0,3,3,4,1,0,5,2,3,4,-1,-1,2,2,3,5,0,2,5,1,-1,1,3,1,1,4,5,4,3,2,4,-1,0,0,-1,-1,5,0,4,2,2,0,-1,5,2,4,-1,5,5,3,2,4,1,-1,2
3112.9533617,2,4,-1,-1,5,5,1,-1,2,1,1,3,0,-1,1,4,5,2,3,1,5,3,4,2,-1,1,2,-1,-1,3,0,4,0,4,-1,3,3,0,5,-1,5,-1,4,1,2,2,1,5,-1,1,2,3,2,-1,4,4,2,0,0,5,3,1,3,0,-1,0,5,1,1,4,0,-1,0,2,4,-1,3,4,0,5,5,5,3,3,4,0,2,1,3,0
3159.2057774,0,1,-1,-1,0,2,4,2,2,4,2,5,3,4,-1,1,5,4,0,1,3,0,3,-1,3,2,1,1,3,-1,5,5,1,2,0,2,0,-1,-1,3,1,2,5,4,0,-1,4,3,0,1,1,-1,3,5,0,4,4,-1,4,3,1,4,5,1,5,5,3,-1,4,5,5,3,-1,-1,0,4,2,1,0,3,3,4,2,0,2,1,5,2,3,0
3034.29049412,1,3,5,5,2,1,3,-1,4,3,3,1,4,2,1,1,5,3,5,3,1,4,4,0,0,1,2,3,5,0,-1,2,5,-1,0,4,-1,-1,4,5,0,-1,4,3,1,4,0,2,2,1,-1,2,1,5,-1,2,5,0,3,2,2,3,3,5,1,0,1,4,-1,4,5,-1,2,2,5,0,4,1,4,-1,0,0,4,-1,-1,2,1,-1,0,3
2950.90110231,1,1,3,0,1,4,1,2,3,-1,3,5,5,4,1,-1,-1,2,0,-1,5,-1,5,3,-1,3,2,2,2,0,-1,4,4,2,0,3,3,4,-1,-1,3,0,0,5,5,2,4,1,1,3,0,5,3,4,2,-1,1,0,2,0,1,5,-1,-1,4,-1,1,1,2,3,-1,4,4,5,0,4,0,3,0,-1,3,2,0,2,-1,2,4,1,5,5
3049.48289344,0,-1,2,-1,-1,0,2,4,5,1,5,1,5,3,4,5,4,3,-1,0,3,2,2,3,4,1,3,0,0,0,-1,3,-1,-1,4,-1,2,5,1,2,4,0,5,-1,1,4,-1,4,2,0,3,2,4,0,1,3,2,0,4,3,5,1,2,5,3,4,1,2,4,-1,4,1,1,5,3,3,0,-1,3,0,-1,2,1,5,3,5,1,0,5,1
3037.66658286,2,5,4,-1,2,1,0,0,3,3,3,4,-1,1,2,4,5,3,4,4,2,1,1,1,-1,3,0,3,1,0,5,5,3,1,1,-1,-1,2,0,5,3,1,3,-1,2,2,-1,-1,4,-1,2,1,-1,0,4,5,5,1,2,2,-1,5,0,-1,3,2,2,2,3,4,-1,4,0,3,5,0,4,4,1,-1,0,0,5,0,5,3,4,-1,2,5
3198.03079788,3,-1,5,5,4,5,0,5,-1,2,3,1,3,1,4,1,2,0,3,2,2,4,-1,3,0,2,1,-1,5,5,0,3,4,-1,-1,3,4,1,2,2,4,0,5,5,4,-1,2,5,0,5,5,2,4,-1,1,3,1,3,0,0,1,0,5,0,3,5,4,2,4,1,2,1,1,1,2,3,3,-1,4,2,0,0,4,-1,2,-1,3,3,-1,-1
2979.59785658,-1,3,0,1,1,5,4,2,1,4,1,3,1,3,2,1,4,4,5,3,4,4,5,-1,-1,3,2,3,2,0,2,3,3,5,-1,5,-1,-1,-1,0,1,5,-1,4,3,1,2,2,3,2,2,-1,0,2,3,5,5,1,1,-1,-1,0,4,0,5,0,0,0,1,2,3,5,-1,4,4,4,-1,1,3,-1,0,2,0,-1,0,4,5,5,2,0
3077.84203883,5,0,2,3,3,2,0,5,-1,2,-1,-1,3,4,1,1,0,2,-1,1,4,2,3,1,0,-1,2,4,-1,-1,4,1,4,4,5,2,-1,-1,5,2,5,3,-1,1,3,0,0,5,5,0,-1,1,2,3,1,-1,0,0,2,1,4,-1,3,5,3,5,2,1,2,4,4,5,1,3,0,2,3,3,1,-1,1,5,-1,-1,4,4,0,-1,3,2
2973.85850572,-1,-1,0,3,-1,5,-1,-1,-1,2,4,4,2,3,5,-1,-1,0,0,3,1,1,-1,0,3,0,4,1,-1,-1,4,4,1,3,-1,-1,4,-1,5,2,5,5,2,5,2,3,0,4,4,3,0,-1,0,-1,1,2,1,0,4,0,2,-1,2,5,1,2,0,-1,1,0,3,-1,5,2,1,2,5,3,0,1,3,1,0,3,1,3,4,4,2,5
2890.46911391,4,4,-1,1,1,4,4,-1,3,-1,-1,5,3,0,3,0,1,0,4,5,4,1,2,2,3,2,2,0,0,2,5,4,3,3,0,1,2,5,5,-1,5,4,4,-1,-1,3,-1,1,3,1,-1,3,5,-1,3,3,-1,5,-1,0,1,3,-1,0,4,2,5,0,-1,1,2,1,-1,1,-1,5,0,0,5,3,-1,2,-1,4,2,1,5,4,1,5
3049.48289344,-1,1,3,0,1,5,1,0,2,-1,2,-1,-1,4,0,4,-1,1,-1,-1,4,4,4,2,5,4,-1,-1,5,1,0,1,1,4,3,5,3,-1,-1,1,5,-1,2,2,5,3,4,5,4,0,2,0,3,2,-1,4,-1,0,-1,0,4,5,-1,0,1,2,-1,-1,1,4,0,3,3,1,2,3,4,3,0,1,3,5,0,2,3,5,2,-1,0,1
3106.20118423,-1,-1,2,4,1,2,3,2,-1,3,2,1,4,0,1,-1,3,2,-1,4,1,1,1,0,1,0,4,0,5,4,3,3,0,0,4,3,0,-1,2,1,-1,0,5,-1,5,5,2,2,2,5,1,4,2,5,5,3,2,3,1,4,0,0,4,-1,1,5,3,5,1,-1,3,3,3,4,1,4,0,-1,5,4,4,0,5,-1,4,3,-1,2,-1,2
2934.69587637,0,-1,0,4,5,3,5,-1,0,-1,-1,3,5,1,-1,0,3,1,-1,3,2,1,2,4,3,5,1,-1,2,0,1,3,-1,-1,3,2,1,-1,5,-1,1,2,5,3,5,4,3,3,0,2,2,4,1,1,-1,2,-1,3,2,1,0,0,3,-1,4,5,1,-1,0,4,1,2,5,3,2,-1,2,4,-1,2,-1,0,3,0,4,-1,-1,-1,4,0
3106.87640198,1,-1,1,1,5,4,0,2,4,2,5,0,-1,4,1,3,2,1,0,1,-1,2,4,-1,-1,5,5,2,3,1,3,2,0,0,-1,-1,0,-1,2,1,-1,1,5,5,0,3,4,5,-1,-1,1,-1,3,4,3,-1,4,0,1,5,2,0,0,1,3,0,4,1,3,5,2,5,4,4,2,2,2,4,5,2,-1,5,2,4,3,4,5,0,0,-1
3076.82921221,2,0,3,-1,1,4,4,3,4,0,-1,-1,0,5,3,3,0,1,3,0,3,3,5,5,3,0,4,1,0,3,2,5,3,4,-1,5,2,1,1,1,2,-1,1,2,5,2,-1,4,2,1,2,-1,0,4,0,3,3,2,1,5,4,5,0,-1,0,2,3,0,2,0,-1,4,5,-1,1,4,4,2,1,-1,-1,3,0,0,2,5,1,4,-1,5
3084.93182518,1,-1,2,-1,2,0,5,3,3,5,4,1,0,0,4,5,4,5,5,2,2,3,-1,3,3,-1,-1,0,0,0,4,1,3,3,2,1,4,2,-1,1,0,2,1,0,3,-1,2,1,5,-1,3,1,1,-1,-1,-1,4,1,0,1,3,2,0,2,1,2,3,3,4,1,-1,4,5,2,0,0,4,-1,1,5,-1,-1,0,3,5,2,0,3,4,4
3121.39358355,2,0,2,-1,1,4,-1,1,-1,0,0,2,-1,3,3,1,2,4,1,5,0,4,5,2,3,3,4,3,-1,-1,5,2,2,4,-1,0,0,4,5,0,0,4,-1,-1,2,5,-1,2,1,5,2,-1,0,3,2,3,-1,0,-1,2,3,2,3,3,0,3,0,1,1,3,4,0,5,1,1,5,1,2,2,1,5,1,3,4,4,1,-1,-1,5,-1
3042.05549822,1,5,0,3,-1,0,3,2,2,3,4,3,0,0,1,-1,1,0,3,5,4,3,1,3,4,1,2,-1,2,1,5,3,5,-1,5,3,4,4,0,-1,1,4,0,-1,1,4,0,2,2,2,2,1,4,-1,3,-1,0,0,5,4,3,-1,5,5,4,-1,2,0,3,5,1,4,5,4,0,3,1,0,5,-1,-1,2,1,4,-1,0,2,5,1,2
3084.59421631,-1,5,0,0,4,-1,2,0,-1,4,-1,3,5,1,4,1,2,4,4,4,0,3,5,2,-1,2,0,2,4,1,3,5,2,-1,5,2,-1,-1,-1,3,1,1,1,0,3,3,2,0,-1,5,2,1,0,0,0,5,3,3,4,4,3,3,5,0,3,4,4,2,1,-1,0,3,-1,5,-1,4,5,2,3,2,-1,0,1,5,1,4,1,2,4,3
3030.57679651,2,-1,2,5,4,2,4,-1,2,3,2,-1,3,0,3,4,2,-1,4,5,5,2,3,-1,2,-1,3,-1,3,-1,3,3,2,1,0,4,0,5,0,3,4,-1,3,2,0,3,0,-1,-1,4,0,4,5,1,0,2,1,4,1,2,5,2,-1,0,-1,-1,-1,-1,0,1,-1,0,4,1,3,1,1,2,1,4,1,-1,4,1,0,4,2,1,3,-1
2981.62350982,4,-1,5,4,2,2,4,4,3,1,1,4,3,5,4,4,-1,0,-1,5,1,-1,4,3,3,-1,5,2,4,3,-1,0,-1,0,3,3,0,2,-1,1,5,0,5,0,3,2,3,3,5,2,5,-1,-1,0,0,5,1,2,0,0,0,1,2,3,-1,4,0,-1,5,5,-1,1,1,-1,3,4,2,2,2,-1,1,2,4,-1,2,1,4,1,-1,3
2955.96523542,4,5,0,1,3,2,3,-1,1,-1,3,5,4,-1,-1,0,2,-1,2,-1,2,4,1,5,2,2,0,2,-1,4,1,2,4,5,5,3,4,0,5,0,1,3,3,2,0,4,0,-1,-1,1,2,-1,5,0,4,-1,4,4,2,-1,0,1,4,-1,2,3,1,3,2,1,0,2,1,3,0,-1,-1,4,0,5,-1,3,4,3,-1,1,3,1,0,-1
3088.98313167,0,3,2,2,3,4,5,3,4,4,1,4,-1,0,0,1,3,4,4,4,0,2,5,-1,3,3,0,0,3,5,0,2,0,1,5,2,1,0,1,4,5,2,-1,5,5,5,1,5,-1,1,3,-1,2,3,4,4,-1,1,-1,2,-1,0,1,1,3,-1,-1,-1,2,1,4,4,2,-1,0,1,3,2,3,3,2,5,0,4,-1,1,3,-1,5,-1
2989.72612279,0,1,-1,-1,4,0,3,0,5,5,4,0,2,4,1,3,-1,1,1,4,0,0,1,-1,3,5,5,2,5,3,3,0,1,3,3,0,2,4,-1,-1,-1,1,2,-1,2,0,2,1,-1,1,5,5,1,-1,3,0,-1,3,4,0,4,2,1,3,-1,0,2,1,0,0,2,4,4,-1,-1,2,-1,4,5,5,5,3,4,4,-1,1,2,4,-1,-1
3050.83332894,2,2,1,0,5,3,4,2,4,1,3,4,4,1,2,3,0,3,-1,4,4,-1,-1,-1,5,4,2,3,4,4,0,0,1,2,-1,0,4,1,5,2,-1,-1,5,0,5,5,-1,3,0,1,5,5,2,3,5,0,-1,3,-1,2,5,2,-1,1,3,3,-1,-1,3,5,0,2,3,4,4,-1,2,0,1,1,2,0,4,1,1,2,-1,0,1,-1
3057.24789754,-1,2,-1,5,-1,3,-1,3,3,1,0,1,1,5,2,4,0,5,1,4,2,1,5,3,0,3,-1,4,0,3,-1,2,0,3,2,3,-1,4,3,1,5,3,4,-1,4,1,4,1,5,1,4,-1,0,0,-1,5,5,4,0,2,1,2,2,4,1,-1,0,3,4,0,-1,2,0,0,1,0,4,-1,2,0,2,-1,2,0,4,5,-1,2,5,2
3154.47925317,5,1,2,-1,2,3,0,-1,3,3,2,-1,1,5,0,5,0,2,1,4,3,1,0,3,3,0,2,4,2,0,5,4,3,2,-1,2,3,1,-1,-1,5,4,3,0,0,4,1,0,4,4,5,1,3,4,2,1,4,-1,2,0,1,2,-1,5,-1,2,1,0,5,3,4,5,1,4,1,5,0,3,-1,1,5,5,4,0,-1,-1,3,-1,-1,0
2988.37568729,-1,-1,1,1,0,1,5,2,4,0,-1,1,2,2,0,4,5,2,5,2,3,-1,4,1,3,1,3,2,3,0,5,4,3,4,-1,5,1,3,-1,4,2,0,4,3,-1,4,1,5,1,3,1,-1,4,-1,1,4,-1,0,4,5,3,-1,4,5,-1,2,-1,2,0,2,5,5,0,0,4,2,-1,0,3,3,0,0,-1,0,2,2,5,3,-1,3
2822.27212142,3,-1,4,-1,5,1,4,4,1,2,1,0,0,2,5,2,3,3,-1,1,-1,4,-1,3,1,3,4,3,1,4,2,2,4,5,-1,0,-1,0,4,5,2,2,-1,4,3,-1,-1,2,5,1,5,-1,-1,-1,-1,3,4,0,-1,1,5,-1,4,3,0,1,3,-1,4,1,-1,0,5,0,3,1,2,5,0,-1,1,4,5,2,2,2,0,1,5,-1
3045.76919583,0,2,5,1,1,-1,2,3,0,3,-1,5,4,1,3,5,-1,-1,5,3,3,-1,0,5,0,0,0,5,-1,5,4,0,0,4,5,1,5,4,2,2,4,1,-1,1,0,-1,4,4,4,2,4,0,0,2,1,2,-1,3,3,-1,3,-1,0,3,5,-1,-1,3,1,4,2,-1,2,3,1,2,-1,0,1,3,1,-1,0,1,4,1,4,5,3,-1
3080.20530095,0,3,5,3,2,3,1,3,4,2,2,2,5,4,2,-1,2,-1,3,3,1,2,-1,1,4,2,4,0,1,4,5,3,4,-1,2,0,5,4,0,0,1,4,-1,0,-1,1,-1,4,-1,2,-1,5,5,5,0,0,2,-1,0,5,3,-1,0,1,3,1,4,-1,0,4,3,-1,1,0,1,2,3,3,1,1,-1,4,4,0,-1,3,3,5,-1,2
3017.41005044,3,3,4,0,-1,3,-1,1,3,4,-1,4,3,1,3,0,0,0,1,2,-1,-1,2,2,-1,2,-1,-1,1,-1,5,0,1,4,5,4,4,-1,3,2,2,0,3,-1,5,5,2,4,0,2,4,5,3,1,3,4,0,0,0,4,-1,3,1,0,0,3,2,5,5,-1,3,2,1,2,1,-1,5,-1,0,2,2,5,4,-1,1,4,1,-1,-1,1
3076.15399447,1,2,4,5,-1,5,0,3,3,5,0,3,4,4,5,-1,2,-1,0,-1,1,4,0,5,2,1,5,1,-1,4,0,3,3,0,-1,3,3,-1,0,1,5,5,-1,0,4,2,1,3,-1,1,3,2,4,2,1,3,1,-1,5,2,-1,1,0,4,2,2,2,3,1,5,0,-1,4,0,4,2,-1,2,4,1,-1,1,5,5,3,0,-1,-1,3,5
3203.77014874,0,4,5,4,4,0,5,0,2,2,0,-1,2,5,2,3,0,1,-1,0,4,4,1,4,-1,4,-1,1,0,4,4,3,-1,5,3,1,4,3,5,5,2,5,-1,1,4,0,3,2,5,2,-1,-1,-1,0,5,3,3,3,3,2,-1,3,1,2,3,1,-1,1,1,3,1,0,0,1,-1,2,-1,-1,3,0,4,0,4,1,2,0,3,-1,2,1
2911.06325521,2,4,3,3,-1,-1,0,3,-1,-1,5,0,1,1,0,5,1,0,5,1,4,3,3,5,2,2,1,1,1,4,2,0,4,-1,5,3,1,4,2,3,-1,2,3,0,3,4,2,5,-1,-1,1,0,5,4,5,0,4,1,0,-1,-1,3,-1,5,0,1,3,1,2,2,-1,4,-1,5,-1,-1,-1,4,4,3,-1,0,4,-1,3,1,5,0,-1,0
2930.30696101,0,0,1,1,3,1,-1,2,0,2,-1,1,-1,3,5,1,5,3,4,1,5,0,-1,1,5,-1,5,3,4,-1,2,1,1,-1,3,0,5,2,1,4,-1,0,-1,4,0,2,1,0,3,5,4,0,1,-1,3,2,3,5,-1,-1,1,4,-1,4,2,4,-1,-1,3,-1,0,4,-1,0,2,2,4,-1,3,-1,0,1,5,3,4,0,2,4,3,-1
2943.81131596,2,0,3,5,5,1,0,5,0,4,1,3,1,2,-1,5,2,5,2,1,2,0,3,2,5,4,3,4,3,1,0,0,3,5,4,4,3,2,4,1,0,5,3,0,-1,0,0,4,2,1,3,5,4,-1,1,2,1,2,4,1,-1,0,-1,-1,4,-1,-1,2,5,0,1,0,-1,5,3,-1,2,2,-1,-1,-1,-1,-1,1,4,3,-1,2,3,3
3000.52960675,3,5,2,5,5,0,-1,5,5,4,1,3,4,3,-1,5,1,1,1,-1,3,3,2,0,-1,-1,3,-1,-1,0,-1,0,4,4,5,3,1,2,-1,-1,0,5,1,1,4,3,2,4,4,4,1,2,-1,0,-1,2,2,0,2,0,1,4,1,-1,1,3,3,-1,2,2,-1,-1,1,3,2,2,-1,3,4,2,3,1,4,0,4,-1,0,5,5,0
3066.700946,1,0,1,-1,4,3,-1,2,5,4,1,5,5,1,0,-1,4,0,3,-1,1,5,2,0,-1,3,0,4,1,2,2,3,2,4,3,-1,1,2,5,0,3,-1,-1,0,2,-1,4,0,4,5,3,0,4,1,5,4,1,0,4,5,2,0,-1,2,4,5,-1,3,0,1,2,-1,0,-1,1,1,2,3,-1,2,-1,3,1,2,-1,5,-1,-1,-1,-1
2987.70046955,2,1,4,4,2,-1,2,1,5,5,0,4,1,-1,0,-1,3,-1,4,-1,4,-1,5,4,-1,2,2,4,4,-1,4,0,3,1,1,0,3,-1,2,1,2,-1,0,-1,3,0,5,-1,5,3,1,2,-1,3,-1,4,-1,2,4,0,2,1,3,3,5,-1,2,3,1,1,0,1,3,2,-1,0,-1,2,3,0,5,0,1,0,4,3,-1,3,4,-1
2928.28130777,2,-1,-1,2,5,2,4,1,-1,-1,3,0,0,0,2,1,3,0,-1,2,1,5,3,1,5,3,4,-1,4,2,1,0,1,3,4,2,5,4,3,3,-1,4,3,4,5,2,-1,-1,1,0,-1,2,2,1,4,0,-1,5,2,0,0,3,2,-1,3,2,1,-1,3,0,5,0,1,1,1,-1,-1,1,4,5,0,-1,4,2,0,3,3,-1,-1,4
2908.36238422,4,0,1,3,2,2,2,-1,4,-1,2,3,4,2,4,1,0,-1,1,3,0,-1,2,3,0,0,3,3,3,5,-1,0,4,1,-1,0,3,2,5,0,0,4,0,3,-1,4,4,4,5,-1,1,5,2,0,0,1,5,1,4,3,1,5,4,-1,-1,2,1,0,5,3,4,-1,-1,3,4,5,-1,1,2,5,5,5,-1,1,2,-1,3,4,1,2
2995.46547364,0,5,-1,1,4,3,3,4,0,5,3,-1,1,1,5,4,-1,5,4,1,0,0,2,2,4,3,-1,5,2,-1,-1,2,3,1,0,1,1,-1,-1,4,4,-1,0,0,3,4,2,2,3,2,5,2,2,1,1,0,3,-1,2,5,3,3,5,4,0,1,2,-1,1,-1,4,3,0,3,-1,-1,2,2,3,2,5,-1,5,4,5,3,0,-1,0,4
3048.13245795,4,-1,2,3,-1,-1,-1,4,1,2,1,5,4,0,2,-1,4,-1,5,0,4,5,1,-1,0,1,2,3,5,3,4,4,1,-1,3,2,1,4,-1,4,4,-1,5,4,4,2,-1,4,0,0,5,2,5,2,0,1,5,3,1,3,5,5,-1,-1,2,5,1,2,2,3,4,1,2,0,0,4,3,1,0,1,-1,1,5,3,0,3,3,1,0,0
2950.56349344,2,1,1,0,3,0,3,1,2,5,-1,1,3,0,2,3,0,3,2,4,0,-1,4,5,-1,-1,-1,5,4,-1,2,-1,-1,4,1,2,0,1,-1,5,5,1,3,-1,3,2,0,1,5,4,-1,4,3,2,5,1,5,3,3,5,2,2,4,4,0,4,-1,3,0,1,0,0,2,4,0,1,1,3,1,-1,-1,-1,4,4,-1,3,3,0,-1,2
2868.52453712,-1,0,3,0,-1,0,-1,3,4,1,5,3,5,4,2,-1,0,4,3,2,4,1,1,-1,-1,5,-1,3,0,2,-1,4,0,3,2,2,5,3,0,2,2,1,0,5,1,-1,0,2,3,5,-1,4,1,5,3,4,1,2,0,-1,-1,2,-1,5,4,3,2,0,-1,-1,-1,-1,2,-1,1,4,0,1,1,4,1,4,2,4,1,0,3,0,4,-1
2964.74306613,2,5,4,5,4,-1,1,2,3,1,-1,2,3,3,0,-1,0,4,2,-1,-1,5,3,5,5,1,3,2,4,4,-1,5,1,0,1,0,0,4,4,4,0,5,0,3,0,1,-1,3,3,-1,1,1,4,-1,-1,5,5,-1,4,5,3,4,2,0,5,-1,1,0,5,1,3,-1,2,-1,-1,2,3,2,0,4,4,1,2,-1,2,4,0,-1,3,2
2856.70822654,-1,0,1,3,-1,5,1,2,5,-1,2,5,2,-1,3,3,4,0,-1,3,1,1,4,-1,5,2,2,4,2,-1,5,0,0,-1,4,3,4,1,2,1,0,4,1,3,2,0,0,0,-1,-1,5,1,3,2,-1,5,4,2,4,5,-1,-1,5,3,3,0,1,-1,5,5,3,0,5,1,3,2,1,3,4,0,5,-1,0,-1,0,1,1,2,4,4
2969.13198149,3,5,2,-1,4,2,1,4,0,4,3,4,-1,1,5,-1,1,4,4,2,4,3,0,5,0,1,5,5,0,1,3,1,1,-1,-1,0,-1,5,5,2,3,-1,4,4,2,4,-1,-1,5,-1,5,2,3,3,-1,1,2,4,0,3,0,0,4,3,1,-1,1,0,-1,-1,-1,3,1,4,0,-1,3,1,5,3,2,2,0,-1,5,2,3,2,4,1
2997.49112689,-1,4,5,-1,5,5,4,0,4,-1,0,5,2,0,2,-1,0,2,1,1,1,3,-1,3,5,2,2,-1,3,3,1,-1,2,3,5,-1,-1,5,0,1,0,2,0,4,5,2,5,1,0,-1,3,2,5,3,3,4,2,-1,4,2,1,0,1,1,4,5,0,4,3,4,-1,-1,0,1,1,4,0,1,2,3,-1,-1,5,3,-1,5,2,5,3,0
2943.81131596,0,4,3,2,5,0,1,2,1,4,3,4,2,3,1,4,1,3,2,0,3,0,3,0,-1,0,5,4,5,1,3,1,-1,1,4,0,-1,5,4,2,-1,4,2,2,5,-1,0,5,5,-1,-1,0,1,-1,5,2,0,-1,-1,5,3,2,1,2,4,1,-1,0,-1,0,3,4,5,-1,0,3,-1,2,5,-1,1,4,-1,0,2,-1,4,2,5,-1
2975.20894122,3,0,2,3,-1,3,3,-1,5,4,0,2,5,1,1,0,2,-1,5,3,5,-1,0,4,1,0,2,3,5,1,1,1,1,2,4,0,5,4,1,0,4,2,0,3,4,5,3,5,-1,2,4,0,0,-1,-1,3,3,-1,2,2,3,2,0,-1,-1,5,1,3,-1,0,1,4,-1,0,1,5,4,-1,2,1,4,5,4,2,5,4,-1,3,-1,4
3081.55573645,4,2,5,2,1,4,0,-1,-1,4,-1,2,1,3,3,1,1,5,5,0,2,4,-1,0,3,0,4,4,0,0,0,5,1,5,-1,-1,3,-1,3,1,4,0,-1,1,4,2,5,1,5,4,4,-1,2,4,1,1,-1,-1,3,0,-1,4,3,3,1,0,3,0,1,0,2,5,3,-1,1,3,0,-1,1,5,2,2,1,4,2,4,-1,5,2,2
2972.50807023,-1,2,3,4,2,5,-1,0,4,0,4,1,-1,1,0,1,-1,4,2,2,5,2,5,3,1,-1,4,3,-1,3,-1,0,5,3,3,-1,3,0,-1,-1,0,-1,4,1,1,-1,4,0,2,0,5,-1,2,0,3,2,-1,1,-1,4,0,5,1,1,-1,2,3,0,4,3,3,2,-1,4,2,-1,2,-1,4,0,0,3,-1,4,-1,1,-1,1,1,1
2875.95193234,1,2,5,4,-1,0,-1,2,3,1,3,2,1,3,4,-1,0,-1,-1,1,4,2,4,2,4,2,1,-1,3,-1,2,4,5,0,5,-1,5,0,1,1,5,0,4,3,-1,3,0,2,-1,5,4,5,5,4,0,5,3,1,4,4,0,2,3,-1,-1,1,-1,1,2,1,5,1,3,1,-1,3,5,2,2,3,0,-1,3,0,0,5,4,4,2,2
2909.03760197,1,0,2,4,4,3,1,-1,2,0,0,5,5,-1,-1,2,1,4,5,3,0,4,2,0,3,0,-1,5,3,5,4,4,2,-1,0,3,5,-1,1,4,-1,3,-1,-1,1,4,2,4,5,2,-1,3,5,4,3,3,5,-1,0,-1,5,-1,-1,3,4,2,2,3,0,1,4,1,1,2,2,1,3,0,-1,3,2,-1,4,-1,0,5,2,1,-1,0
2963.73023951,4,1,5,0,-1,4,0,4,-1,5,0,3,1,-1,-1,0,3,-1,1,5,1,2,3,1,2,4,0,3,2,3,5,3,4,5,4,4,-1,2,4,4,4,-1,1,5,0,3,0,0,4,3,3,3,-1,1,3,0,-1,5,0,5,5,0,1,-1,-1,1,3,-1,2,-1,1,-1,2,1,2,1,4,-1,2,2,2,4,4,0,0,2,2,5,-1,2
3046.1068047,4,2,5,-1,4,4,2,1,0,3,-1,-1,3,1,5,-1,2,4,1,2,0,3,1,1,-1,2,-1,1,3,5,-1,0,0,2,3,1,4,5,2,4,4,2,3,0,4,5,1,3,-1,2,0,4,3,0,2,1,3,4,5,0,-1,5,-1,-1,5,1,0,1,3,1,4,0,1,5,2,2,-1,4,3,4,4,0,5,-1,5,3,-1,3,0,-1
3115.99184157,4,3,1,5,4,0,1,-1,1,3,0,5,5,4,2,3,-1,0,1,2,0,2,1,-1,2,0,5,1,1,-1,5,2,3,2,3,1,3,5,-1,-1,5,-1,5,2,4,4,2,-1,1,-1,0,4,-1,3,2,-1,5,2,3,4,5,2,4,-1,-1,0,2,-1,0,0,4,-1,3,5,1,3,5,2,0,5,0,1,4,0,4,4,0,3,1,3
3028.21353439,2,1,3,0,2,3,-1,0,3,-1,-1,4,-1,2,3,4,1,3,5,4,-1,2,3,3,5,0,3,4,1,2,-1,-1,-1,1,4,5,4,5,5,1,1,4,2,3,0,5,1,1,-1,-1,5,4,3,0,-1,3,1,1,0,2,3,2,0,4,2,-1,4,3,4,0,0,5,-1,2,2,3,2,-1,1,0,4,1,1,-1,0,2,5,2,0,5
3027.53831665,2,3,3,3,-1,0,5,1,-1,3,-1,5,2,1,-1,3,0,4,0,-1,5,3,2,1,3,0,-1,-1,0,2,1,4,0,4,3,3,4,-1,1,0,-1,-1,1,0,5,0,1,3,-1,2,2,4,1,2,0,0,4,-1,1,3,4,0,0,2,2,5,4,3,1,2,5,-1,-1,-1,4,1,-1,0,2,4,4,1,3,-1,2,2,5,3,5,1
3054.54702655,1,5,5,0,-1,4,4,1,5,4,2,3,5,5,3,1,5,0,2,3,3,0,3,-1,4,1,1,5,2,-1,-1,1,0,0,1,4,3,1,-1,-1,2,4,1,-1,0,-1,0,-1,-1,5,-1,2,2,2,5,2,-1,3,2,3,1,1,1,0,5,4,3,4,0,-1,0,-1,3,4,0,-1,1,3,3,4,2,0,-1,0,2,1,2,2,3,4
2974.1961146,-1,3,-1,5,-1,2,3,5,0,2,4,-1,3,-1,-1,2,2,0,5,2,-1,4,0,0,3,-1,4,1,1,1,2,-1,2,0,-1,-1,2,0,3,5,0,2,5,-1,4,0,4,4,4,5,5,2,4,-1,2,3,3,0,0,1,1,5,4,-1,1,5,3,2,-1,1,3,1,1,2,4,4,1,4,0,4,5,-1,0,1,3,4,4,1,-1,1
3070.07703474,3,2,1,1,-1,1,2,5,5,4,0,2,-1,-1,4,0,4,-1,-1,3,0,1,0,5,2,4,3,3,-1,1,3,2,1,0,-1,5,1,2,4,2,2,5,5,2,0,1,3,-1,4,0,4,4,3,1,0,1,4,5,-1,3,2,3,4,2,5,0,4,3,3,3,1,3,2,5,1,3,4,3,-1,0,5,-1,5,-1,1,5,0,-1,5,0
2921.19152142,2,3,0,-1,0,3,-1,-1,4,-1,-1,1,2,1,0,2,0,3,0,2,5,5,0,-1,3,3,2,5,3,1,2,4,-1,2,0,0,0,1,4,4,-1,3,-1,1,1,2,4,3,2,-1,0,2,-1,-1,-1,0,1,-1,5,1,3,4,3,-1,5,3,2,-1,-1,4,4,5,1,1,-1,4,2,5,4,-1,5,5,5,1,0,3,-1,1,1,3
3035.97853849,-1,4,-1,5,0,1,-1,1,4,5,5,-1,-1,-1,5,5,-1,1,4,2,3,0,4,0,4,3,-1,3,0,1,1,-1,2,1,2,5,0,3,2,5,3,4,1,4,2,0,2,1,2,5,0,5,0,5,0,-1,4,2,-1,4,4,3,-1,3,1,1,2,3,2,2,0,1,3,0,3,4,4,0,0,5,2,2,2,3,5,0,1,-1,3,3
3028.21353439,1,-1,2,0,2,4,4,3,2,0,-1,3,5,2,1,0,1,4,1,1,0,5,-1,1,0,1,-1,-1,3,-1,2,2,2,3,0,-1,3,4,4,0,0,1,-1,4,3,1,4,1,1,4,5,0,1,-1,-1,3,5,2,-1,2,2,0,0,-1,-1,3,0,5,4,5,3,5,-1,3,2,1,5,4,3,0,3,2,0,3,4,4,-1,2,-1,1
3012.34591733,-1,2,3,2,-1,5,5,0,2,4,-1,1,2,-1,0,1,4,-1,3,4,1,3,0,1,0,-1,1,4,2,0,0,5,0,2,5,2,1,-1,-1,4,1,4,3,2,-1,5,3,-1,0,5,4,0,3,-1,3,0,4,4,3,5,-1,5,1,2,1,1,0,-1,5,3,-1,0,3,4,4,4,3,4,1,2,-1,2,3,-1,-1,3,0,-1,5,-1
3067.71377262,-1,-1,0,2,5,0,0,2,-1,3,1,2,1,5,5,0,-1,5,-1,2,4,3,1,0,3,5,3,5,1,3,1,2,-1,-1,4,4,2,4,1,2,4,4,3,0,0,0,5,5,4,1,-1,3,3,2,5,4,-1,-1,0,4,5,0,3,2,3,-1,4,3,4,2,5,1,2,3,5,1,2,4,3,1,0,2,3,-1,4,-1,0,1,1,0
3015.38439719,3,-1,-1,5,3,0,-1,5,5,4,1,0,4,-1,4,1,4,-1,-1,1,2,0,2,4,3,5,1,1,4,2,4,5,1,0,2,4,-1,3,-1,2,2,-1,1,0,0,3,1,3,2,5,4,1,1,0,3,0,0,-1,3,-1,0,4,2,2,3,1,2,4,0,2,-1,5,-1,3,5,4,-1,1,-1,5,-1,3,3,4,4,3,2,2,0,1
2825.64821015,0,2,0,2,-1,0,4,4,5,5,1,2,3,2,5,0,-1,4,5,3,4,5,4,3,0,1,-1,5,5,-1,-1,3,2,-1,3,3,4,-1,3,0,2,0,-1,4,5,1,4,5,-1,4,3,-1,1,0,1,3,1,2,4,-1,3,3,-1,1,1,-1,5,2,1,0,-1,1,-1,5,0,1,5,5,2,1,0,2,4,3,-1,1,-1,2,-1,3
3003.90569549,1,3,4,0,2,5,5,2,5,2,5,1,1,-1,4,0,2,5,2,1,0,3,-1,4,5,3,-1,0,-1,2,-1,1,-1,3,2,5,4,2,0,0,1,3,0,5,0,-1,0,0,3,4,3,-1,1,4,4,2,1,4,-1,4,4,3,5,-1,0,5,4,3,0,1,3,0,4,3,2,1,3,1,0,3,1,1,2,4,-1,2,-1,2,5,1
2990.73894941,1,4,2,-1,5,4,3,4,4,4,1,3,3,-1,2,1,0,0,2,0,5,0,1,1,3,2,0,3,5,1,4,-1,-1,-1,2,2,1,0,2,0,5,-1,3,4,0,5,3,-1,2,1,5,-1,3,3,0,0,-1,3,4,-1,2,1,4,-1,3,5,1,3,4,4,4,3,2,3,5,5,1,2,5,-1,0,0,-1,0,5,-1,5,4,2,0
2893.50759377,1,1,5,1,-1,-1,4,-1,1,1,0,0,-1,1,3,-1,0,2,4,3,-1,1,2,0,4,1,3,3,2,0,-1,-1,-1,3,4,2,2,2,5,5,-1,-1,3,4,3,3,3,0,2,0,-1,-1,2,1,5,0,0,4,-1,5,0,4,4,-1,-1,3,0,1,-1,4,1,-1,5,3,2,1,0,5,3,1,0,-1,2,3,5,2,4,4,2,-1
3033.61527637,3,5,1,-1,0,-1,2,1,1,1,0,5,-1,5,-1,2,4,-1,4,1,2,-1,5,0,1,-1,4,1,-1,4,-1,2,4,0,3,2,-1,4,3,3,3,-1,1,0,1,5,0,2,4,-1,-1,4,3,2,2,5,1,2,3,-1,2,4,0,5,-1,0,-1,0,3,-1,0,1,2,2,-1,5,-1,3,2,3,3,3,1,5,-1,1,5,3,0,0
3207.48384635,4,1,3,0,2,3,5,2,3,2,-1,0,-1,5,4,1,1,4,2,2,2,1,0,-1,3,-1,2,0,5,2,3,4,0,1,1,4,-1,0,1,-1,5,4,-1,-1,3,5,4,-1,0,5,0,0,-1,2,1,2,3,1,4,3,4,2,3,2,1,1,4,0,4,3,5,-1,0,1,4,2,3,3,5,0,5,0,-1,4,-1,5,5,1,-1,-1
3010.65787296,-1,5,-1,2,-1,0,0,4,2,5,5,2,4,3,2,3,2,2,3,-1,0,-1,3,4,1,4,5,4,5,1,5,3,2,5,-1,1,-1,-1,-1,-1,3,1,-1,3,5,4,4,4,4,-1,3,-1,3,-1,1,0,1,-1,5,2,-1,4,0,1,1,2,4,1,2,3,5,1,3,4,-1,5,0,4,2,1,0,0,1,0,2,0,3,1,4,3
2902.96064224,1,-1,2,3,5,2,-1,-1,3,0,4,1,-1,-1,5,-1,4,4,-1,1,-1,3,5,0,2,0,4,1,0,1,2,0,-1,1,-1,5,0,4,1,4,4,1,0,4,2,3,-1,3,2,2,0,4,3,4,-1,3,-1,3,4,0,-1,5,0,5,4,1,2,2,3,-1,-1,2,1,3,2,3,2,3,1,2,0,-1,2,-1,3,5,0,0,1,-1
3156.16729754,3,-1,1,0,2,4,4,2,4,3,1,2,3,1,2,0,1,-1,0,-1,-1,5,-1,2,5,-1,-1,2,1,0,-1,5,3,0,4,5,5,4,4,5,1,-1,-1,0,2,0,1,2,1,2,5,0,0,4,1,2,2,1,0,2,1,4,3,3,5,-1,2,5,3,0,3,3,4,4,0,0,-1,-1,1,5,1,1,5,3,3,2,3,4,4,3
2987.70046955,4,1,0,3,2,5,4,4,2,2,5,2,1,4,3,4,-1,4,3,-1,1,5,5,1,0,5,5,5,-1,1,1,1,2,-1,2,4,-1,-1,5,2,4,0,2,2,-1,5,-1,1,2,-1,3,0,1,-1,1,2,4,5,3,4,1,0,0,4,-1,0,0,1,0,0,0,-1,4,5,2,-1,3,1,5,5,5,3,-1,2,3,1,3,0,3,3
3074.80355897,0,2,-1,3,5,0,1,1,4,0,2,3,3,-1,4,3,4,-1,2,1,1,1,2,4,3,1,3,1,3,4,1,0,1,3,3,1,-1,-1,0,2,4,5,2,2,-1,5,4,5,5,-1,3,0,2,-1,1,0,5,2,1,-1,0,0,4,5,4,3,0,3,4,2,-1,2,4,0,1,5,-1,4,2,0,3,-1,0,1,2,-1,-1,-1,0,4
2992.08938491,0,4,1,2,5,2,-1,-1,4,2,2,-1,2,5,2,1,4,5,2,-1,1,0,4,3,1,0,3,4,4,-1,-1,0,0,5,-1,5,-1,4,3,2,5,2,1,0,0,3,-1,5,1,-1,2,1,5,-1,-1,4,-1,3,3,1,2,3,3,0,1,5,1,1,4,-1,5,3,2,4,1,3,2,-1,5,3,0,5,3,0,0,0,4,5,4,0
3064.33768388,-1,1,3,3,3,0,-1,-1,1,1,2,1,0,3,1,1,4,1,5,3,-1,3,4,-1,2,2,0,2,5,4,0,2,3,-1,1,3,4,1,-1,0,3,4,0,5,5,3,4,-1,5,4,3,-1,0,5,0,2,4,4,2,2,4,0,3,-1,0,1,5,2,-1,2,1,2,2,3,0,4,-1,4,0,-1,5,2,0,4,0,2,5,5,1,-1
2878.31519446,1,5,2,1,5,5,5,-1,1,4,5,2,0,3,2,-1,0,-1,3,1,4,-1,0,-1,4,5,0,1,4,2,1,-1,5,-1,-1,4,1,-1,-1,-1,-1,-1,2,-1,2,4,5,2,3,1,4,2,3,5,1,3,-1,4,1,2,3,1,-1,5,0,0,4,1,3,4,0,0,5,-1,-1,4,2,3,1,5,0,4,3,3,-1,0,0,5,2,3
3013.02113508,4,-1,2,1,4,3,-1,3,5,1,-1,2,3,5,0,0,5,2,-1,-1,0,3,-1,4,-1,5,5,3,0,-1,3,4,0,4,2,4,5,-1,1,-1,1,4,2,0,1,1,3,3,1,3,0,1,-1,2,3,3,5,0,0,3,1,4,2,2,0,-1,-1,0,4,4,5,3,2,-1,5,5,1,-1,5,1,-1,0,-1,5,4,0,0,-1,-1,-1
3074.4659501,5,-1,2,0,3,0,1,2,5,2,3,0,-1,-1,0,2,0,1,-1,5,1,3,1,5,4,3,4,-1,1,-1,-1,2,4,0,5,4,4,2,3,-1,0,-1,1,2,2,1,-1,2,-1,-1,1,4,4,0,1,2,0,0,5,3,0,5,2,4,1,2,3,3,5,4,5,0,0,-1,4,5,3,-1,5,5,3,1,1,3,1,3,3,5,4,5
2899.5845535,5,1,-1,4,0,0,-1,-1,1,4,5,0,3,5,3,2,0,0,0,3,4,0,-1,1,2,3,2,4,5,2,2,-1,4,4,3,-1,5,3,3,2,-1,0,2,-1,-1,2,5,-1,4,1,1,5,-1,5,-1,5,1,4,-1,0,-1,3,2,4,3,3,3,2,4,3,1,2,2,0,4,3,0,5,4,-1,0,1,4,3,-1,5,2,1,-1,1
3179.7999187,0,4,2,4,1,1,4,2,5,2,-1,3,-1,5,-1,0,1,3,5,2,-1,-1,1,1,2,-1,2,-1,-1,4,2,4,-1,2,2,0,5,4,5,-1,1,5,4,4,3,3,1,-1,5,4,0,0,0,3,5,2,-1,0,0,3,3,-1,1,2,2,3,1,5,1,-1,0,0,1,-1,0,1,1,0,2,5,4,4,0,0,3,5,1,3,4,3
2999.854389,-1,5,4,3,2,2,5,4,5,2,-1,-1,3,5,1,1,-1,-1,0,1,1,0,4,0,4,1,1,0,-1,-1,1,4,3,2,4,3,1,-1,-1,1,-1,-1,3,4,1,4,4,4,2,-1,5,3,2,2,1,1,0,3,5,2,0,3,3,-1,-1,5,3,1,0,2,2,5,2,4,3,4,3,3,0,0,4,-1,5,3,5,5,2,-1,0,4
3095.39770027,0,2,1,4,4,3,1,2,-1,4,5,5,-1,0,4,0,-1,-1,3,5,0,3,2,-1,4,4,1,2,0,4,1,-1,4,-1,5,3,5,3,4,5,3,5,-1,1,0,4,2,1,4,3,5,0,1,4,2,0,-1,3,0,-1,0,3,1,1,5,2,5,3,0,3,0,2,-1,5,2,1,1,-1,0,1,5,-1,2,5,-1,0,1,2,3,3
3030.57679651,5,3,4,0,4,3,5,4,4,3,1,0,1,4,-1,5,2,-1,4,0,1,2,0,2,0,1,-1,3,1,-1,3,5,3,3,0,4,1,2,4,3,5,1,2,5,5,-1,0,0,5,-1,-1,2,4,1,1,3,5,-1,1,3,1,1,5,5,2,2,2,5,4,3,-1,0,-1,2,0,1,0,0,1,4,2,5,4,3,-1,0,2,2,0,-1
3043.06832484,3,2,2,0,4,1,0,1,4,4,5,1,2,0,2,-1,1,5,0,5,1,-1,0,5,1,5,3,4,4,3,-1,2,4,3,2,-1,-1,4,4,-1,1,3,-1,1,2,5,1,-1,-1,0,5,5,-1,4,1,3,5,2,2,5,4,-1,2,-1,0,3,0,2,3,3,1,-1,2,0,3,5,1,3,1,5,3,0,0,3,1,2,-1,5,0,4
3043.40593371,1,0,-1,4,5,1,3,3,5,0,-1,5,1,1,3,-1,0,-1,1,1,0,5,0,5,2,5,3,1,3,3,0,3,4,3,0,-1,2,3,5,2,-1,4,4,1,-1,4,2,5,4,3,4,3,0,2,0,2,5,-1,5,1,3,1,1,2,-1,-1,4,4,5,0,0,4,2,-1,0,-1,2,4,-1,-1,2,2,1,1,5,5,4,0,4,1
2843.54148046,5,-1,0,3,5,-1,3,3,2,0,-1,1,2,1,-1,3,-1,1,3,3,0,-1,1,4,5,0,0,1,3,1,4,-1,0,5,0,2,-1,4,0,3,5,-1,2,-1,-1,5,2,2,0,-1,-1,5,5,1,4,4,0,3,4,2,1,1,-1,4,4,3,-1,2,2,3,0,1,5,1,4,5,1,0,-1,3,2,4,5,3,-1,4,4,0,-1,-1
2999.51678013,2,4,2,4,-1,3,5,0,0,3,3,2,0,1,2,-1,-1,4,0,4,-1,-1,4,1,1,1,4,-1,-1,-1,3,5,4,3,3,3,0,4,0,4,1,-1,2,4,-1,-1,1,3,5,0,3,0,-1,0,-1,1,2,1,0,4,-1,4,3,5,3,1,1,-1,2,1,2,-1,5,-1,4,2,-1,-1,1,0,2,2,2,3,-1,0,4,5,1,3
3038.67940948,5,4,0,-1,-1,3,3,-1,1,-1,5,0,4,1,2,4,-1,1,2,1,4,0,5,0,5,-1,2,0,2,1,2,4,0,5,3,4,1,-1,2,4,2,4,5,1,5,5,4,1,0,3,2,2,3,-1,3,3,0,-1,4,4,5,3,2,5,5,-1,3,4,3,2,-1,0,-1,0,0,0,1,1,5,1,2,0,3,1,-1,3,5,4,-1,3
2911.73847296,5,4,-1,-1,1,5,1,1,5,2,0,-1,-1,2,3,-1,0,1,3,5,4,0,3,-1,4,3,5,5,1,-1,3,4,-1,4,0,2,1,-1,-1,3,-1,4,4,1,-1,1,-1,3,2,0,-1,-1,0,1,5,5,-1,-1,1,4,5,2,2,-1,1,3,2,4,0,0,0,-1,4,0,0,-1,2,4,0,0,5,1,3,5,1,3,4,-1,5,5
3119.03032143,-1,-1,0,3,-1,1,2,1,3,1,3,5,5,0,2,-1,3,4,2,3,5,-1,0,3,1,0,1,5,3,3,4,2,4,5,-1,5,3,4,-1,1,3,0,0,2,1,5,0,2,4,5,0,3,0,1,0,4,2,4,5,3,-1,2,-1,2,5,3,4,5,5,-1,4,2,0,5,4,4,1,1,0,-1,1,0,2,1,-1,2,-1,2,4,1
2884.72976306,2,5,-1,1,1,4,5,3,0,3,-1,3,-1,0,4,-1,1,-1,1,-1,3,4,-1,-1,1,3,-1,0,3,-1,4,2,-1,1,4,0,2,1,2,2,4,0,4,2,-1,1,-1,1,0,5,5,2,4,-1,5,5,3,5,3,-1,5,5,0,-1,4,2,1,3,1,1,4,5,0,4,0,3,0,4,0,0,2,2,1,5,2,-1,-1,2,-1,5
3000.86721562,1,2,4,-1,4,0,5,1,4,0,5,1,-1,1,-1,3,0,4,-1,5,1,3,1,3,-1,3,-1,0,4,5,3,-1,2,0,5,3,2,3,-1,-1,3,0,-1,1,5,3,-1,5,5,1,5,5,-1,0,2,0,4,2,2,4,3,4,3,2,1,4,-1,2,1,2,5,3,2,4,2,4,-1,-1,3,5,1,2,4,0,-1,-1,4,2,1,1
2977.23459446,3,-1,1,4,-1,1,2,4,-1,-1,1,0,4,5,4,3,5,0,0,1,1,2,3,3,0,3,4,0,4,3,-1,2,3,2,5,-1,3,2,0,-1,1,1,4,1,1,-1,2,1,1,3,5,-1,2,0,4,2,5,4,4,4,5,5,-1,0,0,-1,1,3,0,2,2,-1,2,3,-1,4,4,0,-1,2,0,4,-1,0,3,5,5,5,-1,1
3100.46183337,4,1,-1,-1,-1,0,1,0,5,3,3,0,-1,0,5,2,-1,-1,1,0,0,4,0,2,1,5,2,2,4,5,1,1,3,3,-1,-1,4,2,5,-1,2,1,1,3,5,0,0,4,4,1,2,-1,-1,3,3,5,2,4,2,4,5,3,1,5,-1,3,4,0,3,-1,-1,-1,4,-1,4,0,5,1,1,2,2,0,2,0,5,1,3,0,3,-1
2958.66610641,-1,-1,0,1,4,2,5,3,3,2,1,-1,2,4,5,3,4,4,0,5,4,0,-1,3,-1,4,1,1,3,5,4,-1,4,0,4,2,4,1,-1,1,3,0,3,-1,2,3,-1,3,3,1,3,2,-1,0,5,4,-1,0,1,3,2,-1,4,1,5,1,-1,5,2,5,5,0,-1,0,-1,2,3,2,4,-1,0,2,1,2,2,1,-1,0,0,5
2866.83649275,5,-1,3,0,2,0,2,1,0,1,0,1,1,-1,3,2,-1,-1,4,2,-1,4,-1,5,3,3,0,2,-1,5,0,4,4,2,-1,-1,1,4,3,0,2,-1,2,-1,5,3,2,1,4,4,0,3,1,0,1,4,4,2,-1,-1,-1,0,3,2,4,5,0,-1,-1,3,5,3,1,-1,3,-1,3,-1,2,5,2,0,5,4,5,5,-1,1,0,-1
2778.04535896,4,4,5,2,-1,3,5,-1,1,3,2,1,-1,5,5,2,4,4,1,-1,-1,3,4,5,-1,2,1,-1,5,0,2,3,4,-1,-1,0,1,0,2,2,1,1,2,5,0,0,4,2,-1,5,5,5,4,0,-1,-1,3,1,-1,4,3,1,3,-1,0,3,4,4,1,0,2,4,-1,5,3,3,2,0,0,4,0,-1,5,0,0,-1,2,2,-1,1
3150.76555556,4,-1,3,2,2,2,-1,2,4,2,1,5,1,0,4,0,3,3,4,-1,3,-1,5,0,4,0,3,-1,0,4,1,3,0,3,2,1,5,5,1,5,4,1,3,4,0,0,3,5,-1,2,2,5,1,0,-1,2,3,4,-1,4,5,2,1,4,0,5,4,1,0,-1,2,4,0,3,5,1,4,1,3,5,3,2,1,1,-1,3,5,0,1,2
2986.01242518,3,2,4,-1,1,4,-1,-1,1,3,0,3,3,5,2,-1,4,0,0,2,5,0,-1,-1,4,3,-1,5,3,3,2,5,4,5,4,2,-1,3,1,4,5,-1,3,4,4,1,0,0,3,0,3,1,-1,1,-1,-1,0,4,4,0,3,1,2,-1,5,1,5,2,1,2,0,4,2,5,0,5,-1,-1,0,0,3,1,2,-1,-1,5,2,4,-1,-1
3052.18376443,5,-1,4,4,4,3,-1,0,-1,5,0,0,2,1,3,1,3,1,3,-1,1,2,-1,2,5,1,2,1,-1,3,5,0,3,0,0,2,4,1,4,4,-1,3,5,1,1,2,3,-1,-1,-1,-1,-1,4,-1,1,-1,0,3,0,2,1,4,1,2,3,-1,0,4,3,2,0,2,2,4,4,0,3,0,4,2,5,5,1,5,0,4,2,5,-1,5
3076.15399447,0,-1,5,2,5,-1,-1,-1,1,2,2,4,0,-1,-1,4,4,4,3,1,0,2,1,0,4,-1,1,-1,0,3,5,-1,5,5,3,2,-1,-1,4,0,5,3,-1,5,3,-1,4,4,2,2,5,3,1,0,1,-1,4,3,1,1,3,0,3,4,4,5,-1,0,1,0,1,0,2,4,2,0,0,2,4,3,4,2,1,-1,-1,0,5,1,2,5
2996.14069139,4,-1,4,3,4,3,4,1,-1,2,5,0,0,5,4,5,-1,4,1,2,0,2,-1,2,1,2,4,1,3,-1,-1,0,1,0,-1,2,4,2,3,0,-1,5,5,0,0,2,1,3,2,4,3,3,1,1,4,5,1,5,0,2,5,1,1,3,1,-1,0,0,-1,4,3,-1,0,3,3,-1,5,2,1,4,1,-1,2,-1,5,1,5,3,5,-1
3132.87228525,0,4,1,2,2,5,4,5,-1,3,4,1,-1,0,0,1,2,0,5,2,-1,1,-1,5,4,1,5,5,3,3,2,2,4,2,1,2,0,-1,-1,5,5,3,4,1,5,3,5,3,1,2,0,1,3,0,-1,2,-1,-1,1,1,-1,1,1,4,2,2,2,0,-1,0,4,-1,4,4,0,4,3,0,3,5,-1,3,0,4,3,-1,3,1,0,-1
2829.69951664,1,3,5,1,5,0,4,3,2,3,4,3,2,0,1,4,-1,2,-1,4,5,4,0,-1,2,-1,1,2,1,2,2,0,1,-1,5,0,0,-1,5,5,1,0,2,3,-1,0,1,2,-1,-1,5,4,3,4,-1,-1,1,2,-1,4,-1,4,5,-1,4,4,4,5,3,1,5,0,0,-1,3,-1,1,5,-1,-1,0,1,2,1,1,5,3,5,5,-1
3040.70506272,5,1,1,3,3,0,0,4,1,2,-1,0,3,4,4,2,-1,0,0,-1,4,4,4,5,0,0,1,3,3,0,3,2,1,5,-1,5,-1,-1,0,-1,-1,2,3,5,3,0,1,3,1,-1,4,-1,5,5,5,4,0,-1,2,5,2,3,-1,1,-1,2,-1,5,5,0,2,-1,2,2,5,0,1,2,1,1,2,2,4,-1,3,4,4,3,-1,1
2772.98122585,4,3,4,2,-1,2,-1,4,-1,1,5,3,3,0,2,0,0,-1,-1,4,3,-1,2,2,-1,-1,2,-1,4,4,2,1,1,5,-1,-1,5,1,1,3,0,-1,4,5,3,0,-1,0,-1,3,-1,2,1,1,4,2,5,5,2,5,5,-1,0,1,3,2,2,5,3,4,-1,4,-1,1,3,0,3,0,1,4,-1,3,3,-1,0,5,1,0,-1,2
3024.83744566,1,0,3,3,0,2,5,0,2,1,-1,5,3,1,0,0,2,4,-1,-1,-1,5,3,5,0,2,3,3,2,3,2,1,-1,4,0,1,-1,-1,0,4,-1,2,3,3,5,2,3,-1,1,1,2,5,2,5,5,3,4,0,-1,4,4,-1,4,0,-1,-1,-1,1,1,5,4,5,-1,5,0,2,1,0,5,4,4,4,3,4,2,1,0,4,2,1
3165.28273713,4,1,3,3,-1,1,0,-1,0,4,3,-1,5,2,4,1,2,-1,0,1,3,2,0,0,5,0,4,-1,-1,1,4,2,5,5,-1,5,2,5,4,2,5,4,-1,2,0,3,5,-1,5,4,3,-1,4,5,1,0,4,5,5,1,3,2,2,3,2,3,3,1,0,1,3,-1,0,2,3,2,1,1,2,1,4,2,3,2,-1,-1,0,1,1,4
3014.0339617,2,0,5,1,1,1,0,3,2,4,0,1,5,-1,5,5,3,5,0,5,4,-1,-1,-1,2,1,4,3,3,-1,-1,1,2,2,3,1,3,2,5,3,0,-1,0,1,2,4,2,4,1,0,1,1,5,0,1,2,2,2,3,0,0,4,4,4,-1,2,3,3,-1,3,0,-1,-1,4,4,-1,0,1,2,4,4,5,5,5,3,5,-1,-1,-1,-1
2938.07196511,5,0,0,1,1,2,4,2,-1,2,4,5,4,-1,1,2,3,-1,3,3,1,5,1,-1,0,-1,4,4,5,0,-1,-1,4,3,0,3,1,2,-1,3,1,0,3,5,0,0,1,5,-1,1,4,3,5,2,2,5,1,-1,1,-1,-1,5,1,2,3,0,0,-1,-1,4,0,3,2,0,3,3,2,3,3,-1,-1,-1,5,2,1,0,-1,2,-1,4
3132.53467638,1,4,3,4,5,4,2,5,0,1,0,1,-1,3,3,0,2,5,5,1,4,2,-1,1,1,5,3,4,2,5,-1,2,1,2,0,-1,0,2,-1,0,2,-1,5,4,1,2,3,-1,3,1,0,-1,5,3,3,5,5,5,3,2,4,0,1,4,2,0,0,3,-1,4,2,3,2,-1,0,3,1,4,0,3,1,5,-1,4,5,0,-1,4,1,-1
3051.50854668,1,3,-1,4,5,0,-1,4,5,4,1,0,0,5,2,3,1,1,5,4,3,5,3,-1,4,5,0,3,-1,-1,2,4,1,2,-1,2,0,-1,1,4,1,1,-1,1,2,1,-1,1,5,3,0,3,4,5,-1,0,3,5,0,3,4,3,2,-1,-1,4,5,0,2,0,0,2,1,-1,0,-1,2,1,3,2,4,4,2,5,3,3,1,2,5,2
3164.60751938,4,5,5,-1,0,2,5,3,3,1,0,4,3,-1,5,2,4,5,0,2,1,2,3,3,2,0,0,3,0,1,4,3,2,3,3,0,0,-1,4,2,4,3,1,5,2,-1,2,1,0,4,1,-1,3,2,5,5,4,5,2,-1,1,0,0,5,1,-1,3,0,5,1,-1,1,1,2,4,0,-1,0,-1,-1,2,1,4,4,4,2,-1,4,2,5
3111.94053508,1,1,3,5,1,2,5,2,2,-1,2,-1,0,4,-1,1,2,5,3,4,3,4,4,-1,1,2,2,5,-1,2,0,5,3,-1,-1,4,2,5,1,3,4,-1,-1,0,0,-1,4,-1,0,5,1,-1,3,3,0,-1,4,-1,5,0,0,3,2,-1,4,3,1,1,-1,5,4,1,2,4,2,0,3,1,3,0,-1,0,2,1,0,-1,3,3,0,4
3014.0339617,4,-1,0,5,3,0,0,-1,4,2,4,2,5,1,0,-1,3,4,1,4,2,5,1,-1,2,1,3,-1,1,-1,3,4,0,3,-1,0,2,3,2,0,3,-1,1,1,-1,1,5,0,2,4,5,2,1,0,2,2,-1,2,4,5,5,-1,-1,0,1,4,2,5,5,-1,-1,1,1,3,-1,3,-1,-1,1,1,4,0,0,3,4,4,5,3,3,-1
2987.70046955,3,0,-1,4,-1,3,0,4,0,3,3,5,4,5,2,4,4,1,1,4,4,-1,-1,1,4,0,-1,0,3,4,3,3,2,2,3,2,-1,0,-1,0,0,0,-1,-1,1,-1,1,1,1,1,0,2,5,-1,1,2,-1,-1,1,0,2,4,2,-1,-1,-1,0,4,3,2,2,1,4,-1,2,-1,5,4,2,3,1,5,-1,4,1,3,2,-1,3,5
2975.88415897,5,0,3,-1,2,-1,3,-1,5,1,1,5,0,4,1,4,1,4,2,3,-1,3,0,5,-1,0,5,4,0,4,4,4,4,3,1,4,3,0,5,-1,0,1,2,-1,0,0,2,2,-1,-1,3,-1,2,0,-1,1,2,3,2,1,4,1,0,5,5,2,1,1,5,-1,1,1,-1,3,2,5,4,4,-1,3,0,3,5,2,2,0,-1,0,2,1
3060.2863774,3,-1,1,-1,1,0,4,4,4,2,0,1,3,1,2,2,1,4,3,0,0,1,3,2,0,2,-1,5,5,3,-1,2,3,0,1,-1,-1,-1,-1,3,3,5,-1,3,3,3,0,5,-1,0,4,2,3,0,3,1,4,0,5,1,5,5,-1,2,1,-1,3,2,4,-1,-1,1,0,0,0,1,-1,4,3,4,1,2,5,-1,4,2,5,5,2,4
2901.94781562,2,2,1,3,-1,2,1,1,-1,-1,3,1,4,3,0,0,5,-1,4,-1,0,-1,1,3,-1,3,3,0,5,0,3,5,2,1,4,0,4,5,1,2,4,0,-1,3,5,-1,1,2,5,3,-1,4,1,0,-1,2,-1,3,2,4,5,1,4,-1,4,3,2,-1,2,4,4,0,2,-1,0,3,1,0,0,2,1,-1,4,4,1,-1,0,2,-1,2
2880.67845657,5,4,3,4,2,2,-1,3,-1,1,2,4,4,2,0,-1,4,-1,2,2,1,4,0,1,5,3,-1,2,2,5,2,3,-1,-1,0,1,-1,0,0,3,4,3,3,2,1,5,-1,4,0,0,-1,-1,3,1,0,3,4,0,-1,1,1,5,4,-1,3,-1,4,1,1,5,3,5,4,3,2,5,0,0,-1,-1,5,5,-1,2,2,-1,0,1,4,1
2930.64456989,2,3,-1,0,4,0,1,-1,4,2,3,1,4,-1,1,-1,2,3,2,-1,2,-1,0,1,4,1,2,0,2,0,-1,5,2,3,0,-1,5,0,-1,4,5,4,2,3,5,0,-1,3,5,5,5,3,2,1,3,4,4,0,4,4,-1,2,5,5,1,0,2,1,-1,4,-1,-1,1,4,1,2,5,1,5,3,2,0,4,1,3,3,2,5,1,0
2913.42651733,4,1,0,5,5,0,1,3,1,4,3,-1,4,-1,-1,1,0,4,5,-1,4,3,1,1,-1,5,1,3,4,0,1,3,5,0,2,-1,3,4,-1,1,2,-1,3,4,-1,1,-1,4,1,-1,2,4,4,2,5,2,3,-1,0,4,0,2,2,-1,5,4,1,2,2,5,2,0,5,0,3,-1,-1,0,5,0,-1,2,2,0,3,0,-1,0,5,-1
2987.70046955,-1,-1,4,3,2,1,-1,0,0,0,2,-1,5,1,2,0,-1,4,3,2,5,4,5,-1,-1,-1,3,-1,-1,-1,-1,-1,5,-1,3,2,3,3,3,1,3,1,4,2,0,5,2,4,4,1,2,2,1,4,4,2,0,-1,-1,0,5,-1,0,-1,3,0,0,3,1,2,2,5,-1,4,5,4,1,3,2,1,2,1,1,5,0,0,3,1,4,5
3131.52184976,5,3,5,2,3,2,3,1,-1,-1,2,5,5,4,4,4,0,3,0,2,-1,1,2,0,2,0,1,2,3,4,1,2,0,-1,3,1,1,4,0,1,0,5,0,2,-1,-1,4,-1,3,1,3,5,4,5,-1,2,-1,4,4,0,-1,5,-1,0,5,4,0,1,4,2,2,2,1,-1,-1,0,0,4,2,3,5,1,4,1,5,-1,3,3,5,3
2949.88827569,2,-1,3,1,0,4,4,-1,1,1,5,-1,2,0,5,3,2,4,3,-1,0,2,4,-1,1,-1,1,-1,-1,1,3,0,1,5,-1,3,4,-1,-1,2,1,3,0,3,-1,-1,5,4,-1,3,3,4,4,0,1,-1,-1,0,3,2,4,0,5,2,5,5,4,0,0,0,2,-1,5,2,4,5,0,1,-1,4,2,1,5,0,3,2,-1,2,-1,2
2993.77742927,5,5,2,3,5,2,4,0,1,1,4,-1,0,2,5,-1,-1,2,0,-1,4,2,2,5,3,5,5,1,4,0,1,3,3,3,-1,5,4,2,5,3,3,0,1,-1,2,2,0,1,0,0,-1,1,1,4,-1,0,1,-1,4,-1,3,0,1,-1,3,0,0,1,4,5,2,2,4,4,2,5,3,-1,1,0,5,4,3,5,4,2,3,3,1,-1
2885.40498081,-1,3,3,1,-1,-1,-1,1,5,-1,4,5,4,-1,0,3,0,4,-1,3,-1,4,5,-1,3,4,2,5,2,0,2,-1,1,4,3,3,4,3,2,0,4,2,5,2,0,0,5,3,2,-1,2,3,1,1,0,-1,1,4,4,3,-1,0,5,1,0,5,5,2,-1,-1,-1,4,0,1,2,2,-1,2,5,5,-1,1,5,1,4,5,0,4,0,-1
3073.79073235,3,0,-1,2,4,2,5,1,-1,2,-1,2,-1,4,2,0,1,0,5,2,-1,5,4,2,0,4,4,1,3,3,0,0,3,-1,5,5,0,-1,-1,4,4,1,3,-1,5,5,1,-1,4,-1,-1,5,1,1,3,3,0,3,5,0,4,4,1,0,3,-1,1,5,4,-1,1,2,1,4,3,5,0,0,4,2,5,3,2,-1,1,2,1,3,-1,3
2714.23728182,4,3,-1,-1,-1,2,3,4,-1,1,1,5,2,-1,1,5,0,0,3,4,0,-1,-1,2,4,0,2,0,-1,1,5,0,1,3,2,-1,3,4,4,4,3,2,5,-1,2,3,2,4,2,0,4,-1,5,-1,-1,5,-1,5,0,-1,3,0,-1,5,0,-1,3,4,-1,5,1,4,3,1,3,2,3,-1,-1,2,-1,0,-1,4,2,-1,5,4,5,-1
3010.65787296,4,5,-1,-1,0,-1,3,-1,2,0,3,1,1,4,-1,4,5,4,-1,5,-1,2,-1,3,3,4,3,-1,-1,3,3,2,-1,5,4,2,3,2,0,5,2,2,4,1,-1,5,3,2,0,3,4,0,4,-1,0,-1,3,2,1,1,1,1,5,4,-1,4,0,0,2,4,-1,-1,1,2,0,0,0,2,0,4,0,3,2,1,1,2,5,1,5,-1
2791.88732278,1,4,1,3,0,0,4,3,5,-1,5,-1,0,4,1,2,5,5,0,1,0,5,2,-1,5,-1,0,0,-1,3,5,1,-1,-1,3,-1,3,1,2,0,4,2,0,4,1,2,5,2,-1,4,-1,0,-1,-1,4,2,-1,-1,3,2,4,1,-1,0,-1,5,3,4,1,3,1,5,2,1,2,4,5,-1,-1,3,2,4,2,-1,0,-1,1,4,1,3
3016.73483269,2,0,-1,1,0,2,2,4,0,3,2,3,5,3,5,1,2,-1,4,5,0,0,-1,4,1,-1,2,4,-1,0,5,2,2,3,-1,-1,4,4,5,0,0,5,1,3,4,3,2,5,4,-1,1,-1,3,1,3,4,-1,1,-1,3,1,5,3,-1,2,1,4,5,-1,2,4,0,-1,3,1,1,2,0,2,2,5,2,5,1,1,5,4,0,0,3
3018.76048593,-1,5,0,2,1,0,5,3,4,-1,4,1,1,0,4,2,3,0,-1,5,0,4,-1,2,3,2,-1,-1,0,1,1,3,3,4,4,1,1,-1,0,3,5,-1,0,4,2,2,1,4,5,5,4,-1,4,5,1,2,0,-1,2,3,4,3,4,1,-1,-1,3,-1,5,3,-1,2,2,0,1,5,1,0,2,3,3,0,4,4,-1,3,3,3,0,2
3004.91852211,-1,4,5,0,-1,3,3,2,3,1,5,0,0,4,-1,0,1,-1,3,2,-1,5,1,5,4,3,0,5,-1,3,0,3,1,5,1,3,4,-1,4,4,2,2,0,4,5,-1,3,1,2,1,-1,3,3,0,4,-1,1,-1,-1,5,5,2,2,3,4,5,-1,0,5,1,2,2,2,1,0,2,2,2,2,1,4,4,0,-1,1,4,5,1,4,-1
3048.47006682,-1,-1,2,1,4,3,5,1,-1,1,0,4,1,0,1,1,5,0,0,3,5,3,-1,2,5,-1,4,-1,0,2,1,4,3,5,4,4,4,4,1,2,5,-1,4,3,-1,2,2,5,0,3,1,-1,1,5,2,0,0,2,-1,5,1,1,4,3,2,2,1,0,-1,3,-1,4,3,0,4,5,2,1,2,0,5,3,3,-1,3,4,0,3,2,-1
2880.67845657,0,1,2,0,-1,0,4,3,3,0,1,2,3,3,-1,4,5,5,1,1,4,-1,4,-1,5,1,5,2,-1,0,4,5,3,2,2,1,3,3,-1,5,-1,1,-1,1,4,-1,5,2,3,-1,0,0,2,0,0,4,5,5,1,4,1,4,2,-1,5,5,0,4,-1,2,4,1,-1,2,4,4,0,2,-1,-1,-1,3,1,4,-1,5,2,1,3,-1
3144.68859583,-1,-1,3,2,4,3,5,3,4,3,1,-1,5,0,-1,2,5,5,5,2,2,4,2,3,2,4,-1,4,2,4,4,0,3,0,5,1,0,1,-1,3,1,2,4,0,3,-1,1,5,-1,-1,3,1,5,4,0,3,0,3,2,1,4,2,1,0,5,1,1,-1,1,-1,1,3,4,5,1,2,3,0,0,5,0,-1,2,0,2,-1,5,2,3,4
3133.547503,4,3,4,2,4,0,-1,5,5,5,-1,1,0,0,3,1,1,4,3,4,3,0,4,4,0,3,5,-1,2,5,5,1,3,0,-1,1,4,2,0,0,1,2,5,3,2,-1,4,2,2,1,5,-1,5,1,-1,-1,3,-1,2,3,1,4,2,4,0,3,1,5,3,5,1,4,2,0,5,2,-1,5,-1,0,3,3,2,0,4,3,1,1,2,0
2875.61432347,0,-1,1,1,-1,5,2,4,2,4,1,-1,0,0,1,0,3,5,-1,0,5,2,5,4,3,5,3,0,3,-1,-1,-1,3,1,-1,4,-1,5,3,3,5,4,0,-1,-1,5,-1,3,3,2,2,2,5,4,1,5,2,2,0,5,0,2,-1,-1,4,4,1,5,-1,3,3,3,5,1,3,1,4,0,2,1,1,-1,1,2,2,3,0,-1,1,-1
2978.92263883,4,0,-1,3,0,0,2,3,2,3,4,4,3,1,1,2,3,5,5,0,1,0,5,3,5,4,3,2,5,4,5,3,5,1,-1,3,4,3,0,0,2,4,1,4,1,-1,4,1,1,-1,3,0,-1,5,5,1,0,3,-1,0,3,3,5,-1,5,0,5,5,-1,4,-1,2,-1,2,0,4,2,1,-1,-1,5,2,2,1,-1,2,1,2,-1,4
2914.10173507,1,4,4,-1,2,1,-1,3,4,-1,2,2,1,5,0,3,0,3,-1,4,-1,3,5,1,5,4,0,0,2,5,-1,3,3,-1,1,3,-1,1,3,0,-1,4,2,5,0,0,-1,-1,1,-1,-1,4,5,0,2,2,4,0,2,4,5,2,3,2,-1,5,0,3,5,1,-1,1,5,4,3,5,5,3,0,4,3,0,4,2,0,2,2,5,0,1
2955.96523542,-1,4,2,3,2,2,3,1,-1,4,1,0,4,2,2,0,1,4,1,-1,3,4,1,5,3,-1,3,-1,4,1,1,4,0,-1,-1,-1,-1,5,1,4,-1,-1,4,4,-1,5,0,3,1,3,0,5,-1,5,1,4,-1,0,2,2,-1,1,3,2,4,5,3,2,2,0,3,5,1,5,0,4,3,0,5,2,3,-1,-1,5,2,1,-1,-1,5,0
3029.56396989,3,2,3,1,3,4,5,1,2,2,-1,1,3,0,2,-1,4,3,3,2,3,4,2,3,0,0,1,4,4,1,4,0,-1,5,0,0,4,-1,4,5,2,-1,0,4,5,4,2,5,2,5,1,1,1,-1,3,1,1,-1,1,4,0,1,2,2,5,-1,-1,0,3,2,5,4,5,1,3,0,-1,0,5,-1,-1,-1,0,4,3,-1,3,5,5,-1
2881.01606545,2,5,4,-1,3,0,-1,5,3,1,-1,5,-1,-1,1,2,3,3,-1,-1,5,1,-1,2,1,2,1,2,2,-1,1,3,4,1,3,-1,0,0,-1,4,2,3,4,0,-1,0,0,0,1,3,5,5,0,5,-1,3,4,2,5,4,4,-1,4,1,-1,3,2,1,0,0,1,-1,2,4,5,0,-1,2,1,3,-1,4,4,-1,5,2,0,5,2,-1
2933.34544088,4,-1,-1,-1,4,4,2,-1,5,3,-1,1,3,3,4,3,1,5,4,3,-1,3,2,-1,-1,2,5,1,2,1,4,1,-1,1,2,1,5,2,5,0,2,2,1,1,4,2,0,2,-1,0,3,0,0,-1,0,3,-1,5,3,3,-1,1,4,4,1,5,3,-1,0,1,4,2,0,2,0,2,-1,5,1,5,4,3,1,0,4,5,0,4,-1,5
2972.8456791,0,-1,5,0,0,2,-1,2,4,2,1,0,-1,4,3,1,2,5,1,2,3,-1,-1,5,0,3,1,1,2,-1,-1,5,1,0,2,5,4,2,0,1,4,3,-1,4,1,-1,-1,3,0,1,0,-1,2,4,4,-1,5,3,4,4,1,4,3,-1,3,2,3,-1,0,3,2,3,3,4,4,5,5,2,0,4,2,5,5,3,0,0,-1,1,-1,-1
3125.10728116,-1,0,4,3,3,1,0,5,5,2,0,0,2,0,5,1,3,5,3,4,3,5,-1,-1,4,1,4,3,2,5,-1,2,2,-1,2,-1,-1,3,-1,-1,2,5,4,1,1,4,3,2,1,5,1,3,4,1,5,-1,-1,5,4,0,1,1,2,0,0,3,-1,4,2,2,4,0,2,5,4,1,2,1,1,0,4,-1,1,5,2,-1,-1,1,3,3
2961.3669774,3,5,4,3,0,-1,2,5,5,3,1,0,0,1,3,4,4,2,1,0,2,-1,-1,1,-1,0,1,-1,5,1,0,1,3,0,3,0,2,4,2,1,-1,-1,-1,4,4,0,-1,3,3,3,4,2,2,2,1,4,0,1,5,2,5,3,4,2,4,-1,0,0,4,0,4,5,-1,2,5,4,3,5,5,4,-1,-1,5,2,5,-1,1,3,-1,-1
3002.21765112,4,5,-1,5,4,1,-1,1,4,0,3,4,4,5,3,-1,2,4,3,-1,1,0,3,-1,1,5,1,-1,4,3,-1,0,0,2,2,1,2,5,2,3,4,5,0,5,0,4,4,4,-1,-1,3,-1,0,1,-1,0,0,1,1,2,0,0,2,-1,4,4,2,0,2,1,1,2,-1,-1,3,2,2,5,2,-1,4,1,3,0,3,3,-1,5,3,0
3062.98724839,0,5,3,1,2,-1,5,5,2,4,4,4,1,4,4,5,1,0,0,0,2,0,1,4,2,0,3,5,0,0,-1,0,-1,-1,2,-1,2,1,0,-1,-1,-1,3,-1,2,1,4,3,3,3,5,0,3,5,2,-1,5,2,0,2,1,1,4,5,1,4,4,1,3,5,1,3,-1,0,2,1,3,1,0,3,5,4,1,5,-1,1,4,-1,2,3
3060.2863774,2,-1,1,0,4,0,0,1,4,-1,5,1,5,1,2,-1,4,4,2,-1,3,0,0,2,2,1,3,0,0,3,5,-1,0,2,5,5,-1,1,3,4,4,0,4,1,2,-1,-1,2,2,-1,3,1,2,4,3,1,0,4,5,4,4,3,5,3,2,5,2,4,0,-1,5,-1,1,3,5,4,5,1,3,1,3,4,0,2,-1,3,5,2,1,3
2910.72564634,0,4,4,-1,1,-1,3,3,0,4,0,5,4,-1,4,0,3,2,5,1,1,-1,4,-1,4,3,3,1,-1,-1,0,3,4,2,0,2,0,1,3,4,-1,-1,2,3,-1,5,1,2,0,1,-1,5,1,2,-1,4,-1,4,5,1,2,5,5,-1,3,-1,2,1,0,0,5,4,5,5,5,1,-1,1,-1,0,4,3,-1,1,-1,3,2,5,2,3
3072.44029685,0,3,1,-1,-1,2,4,0,0,1,-1,0,0,3,5,-1,3,3,1,3,0,5,-1,1,2,3,4,0,4,1,2,2,0,5,-1,0,4,4,-1,0,5,0,5,4,4,1,1,1,-1,3,2,4,0,4,3,-1,-1,2,0,5,5,3,1,4,1,3,5,-1,2,5,-1,5,2,1,3,2,5,0,2,3,2,4,2,-1,2,1,-1,4,3,1
3107.8892286,1,1,0,-1,0,-1,3,0,0,0,5,-1,1,5,2,-1,4,0,1,3,1,4,3,1,4,-1,0,4,-1,-1,2,5,0,1,2,4,-1,3,0,2,-1,2,-1,4,2,2,-1,-1,5,5,3,-1,1,4,1,-1,2,4,0,2,3,4,2,5,1,3,4,1,5,0,3,5,5,4,5,1,3,3,-1,1,-1,3,5,2,3,2,0,5,-1,4
2936.72152961,2,1,5,3,-1,0,5,4,0,-1,-1,-1,2,-1,4,3,1,5,2,1,1,2,2,0,4,-1,3,5,4,0,1,1,0,2,0,2,3,-1,1,3,4,4,3,5,4,4,1,1,-1,2,-1,5,-1,3,5,-1,0,4,-1,-1,0,2,-1,0,1,5,1,0,-1,4,2,3,2,0,-1,2,3,1,5,5,4,3,4,2,1,4,4,0,5,3
2923.89239241,3,-1,3,-1,2,5,4,4,5,-1,5,0,5,4,-1,0,5,-1,2,1,-1,5,3,0,1,-1,-1,-1,1,-1,2,4,5,-1,4,5,1,4,0,2,0,5,5,2,5,5,-1,0,-1,2,4,0,0,-1,2,1,4,1,1,2,0,1,1,3,2,4,1,1,4,0,0,3,-1,1,3,2,2,2,5,1,1,3,-1,1,4,3,0,-1,3,3
3084.93182518,4,0,3,2,1,3,4,-1,2,5,0,-1,1,1,3,1,3,1,2,0,3,-1,4,0,4,3,2,5,3,-1,-1,-1,0,-1,4,-1,-1,5,-1,0,0,0,5,0,2,0,-1,2,-1,-1,5,3,0,2,3,3,4,1,0,1,4,2,3,1,0,4,2,5,4,2,2,3,-1,4,-1,4,3,2,2,4,1,1,3,0,1,1,-1,1,5,5
2996.14069139,0,-1,1,1,3,-1,0,1,5,-1,2,4,2,5,1,2,3,5,2,4,4,4,-1,5,-1,2,4,1,1,-1,4,2,2,5,3,1,0,5,-1,-1,-1,3,0,1,3,5,3,4,0,0,5,2,1,5,-1,-1,-1,-1,-1,3,4,-1,2,1,1,4,1,5,4,-1,0,3,2,4,0,0,5,4,3,1,0,5,3,3,0,4,2,4,0,2
2913.42651733,0,1,-1,0,4,2,5,1,-1,-1,4,1,1,2,5,-1,3,1,3,5,2,0,1,3,-1,4,0,3,5,-1,-1,0,0,5,4,4,1,-1,-1,1,2,4,0,3,5,2,0,0,5,1,5,4,1,3,4,-1,4,1,2,3,-1,2,3,-1,-1,2,3,5,2,3,2,3,2,1,0,4,5,1,3,1,0,5,4,3,0,2,4,-1,2,-1
3056.23507091,3,1,3,4,-1,3,0,0,3,3,-1,-1,1,-1,1,3,5,1,2,1,-1,3,5,4,0,-1,2,2,1,2,1,2,4,-1,0,2,1,2,-1,4,-1,-1,0,3,0,4,-1,0,4,4,0,1,1,1,5,2,3,4,0,-1,3,2,3,2,5,0,-1,3,5,-1,0,3,-1,1,4,2,2,1,4,-1,-1,0,2,5,5,0,5,4,4,5
2973.52089685,4,4,-1,-1,2,3,0,4,4,-1,0,5,0,5,3,-1,5,5,0,4,0,-1,3,-1,2,1,1,-1,-1,1,1,3,-1,2,-1,5,5,4,5,1,3,5,5,-1,1,2,1,3,-1,2,5,1,3,5,3,-1,3,3,4,-1,2,3,0,1,1,0,3,5,2,-1,2,0,0,1,-1,1,1,0,3,-1,3,0,2,4,0,3,-1,-1,2,0
2963.39263064,-1,2,0,2,0,5,0,2,0,1,2,4,5,3,-1,4,5,2,3,4,2,4,1,-1,2,4,4,-1,-1,2,2,1,3,5,0,-1,5,0,3,-1,1,3,5,2,-1,-1,4,1,-1,2,5,5,4,4,5,3,5,1,5,-1,1,3,1,4,-1,3,1,-1,0,0,1,-1,2,3,4,1,3,-1,4,2,4,1,1,0,3,-1,1,-1,4,3
2936.04631187,0,4,-1,5,1,1,-1,4,0,5,4,0,-1,1,3,1,-1,2,-1,0,5,2,0,5,5,5,-1,-1,5,1,5,-1,3,1,0,3,2,1,2,4,1,3,-1,2,5,2,4,3,3,-1,3,4,2,2,3,0,-1,0,0,2,2,0,1,5,3,1,4,2,4,4,4,0,-1,3,-1,4,2,5,5,1,5,-1,4,3,3,2,4,1,-1,0
2962.71741289,3,5,4,-1,-1,0,-1,2,3,4,1,1,0,0,3,3,0,4,0,1,5,1,0,3,5,4,3,0,3,1,1,2,5,1,1,-1,3,5,-1,3,2,5,0,1,-1,2,2,0,0,3,1,5,-1,5,-1,4,4,2,4,1,4,0,5,-1,5,2,2,-1,4,4,2,1,-1,-1,3,3,0,-1,2,-1,1,3,4,2,0,4,2,4,-1,5
2921.19152142,3,0,-1,4,2,3,2,0,-1,-1,3,1,4,2,1,1,-1,2,3,0,-1,4,2,4,-1,5,5,2,4,1,-1,-1,3,-1,1,5,5,2,5,-1,2,-1,4,0,3,0,4,2,5,1,0,-1,2,1,3,0,4,0,0,4,4,0,-1,0,0,-1,1,3,1,5,0,-1,-1,3,5,2,-1,-1,1,4,-1,1,5,3,4,3,2,3,5,-1
3103.50031324,0,-1,1,3,4,5,5,5,-1,5,-1,0,4,0,3,5,1,-1,3,1,0,0,3,0,3,5,0,2,2,2,2,3,-1,2,-1,1,-1,3,-1,2,4,-1,4,1,0,4,-1,4,-1,-1,4,4,4,3,2,4,-1,4,1,1,1,1,3,0,4,3,4,1,4,0,3,1,3,0,-1,1,-1,2,-1,0,1,0,1,2,1,-1,2,-1,5,2
3148.06468457,3,1,-1,4,2,1,0,1,4,0,2,2,1,5,-1,0,2,-1,3,4,3,2,0,2,-1,0,-1,1,-1,2,-1,5,5,4,0,0,5,-1,2,1,5,3,-1,4,-1,3,1,-1,4,4,0,4,5,3,3,-1,3,0,1,3,2,1,2,3,2,1,0,2,4,5,1,5,3,4,1,4,0,0,0,3,5,2,5,0,-1,5,4,-1,1,5
3078.17964771,1,5,5,2,4,1,0,0,3,5,4,4,0,4,1,4,3,5,0,2,-1,5,2,3,5,5,3,2,0,-1,1,-1,1,-1,1,3,1,3,1,2,1,4,-1,4,0,3,0,-1,4,-1,0,0,2,5,5,3,4,1,-1,1,0,2,4,5,5,3,5,3,-1,0,1,0,4,1,1,-1,0,-1,3,5,2,3,4,2,3,2,2,2,-1,2
3125.44489003,0,3,3,-1,-1,0,3,0,1,-1,2,-1,2,5,-1,0,4,-1,5,1,3,3,0,4,2,4,4,5,1,0,4,0,0,5,-1,1,-1,2,2,5,1,0,4,0,5,5,5,5,0,4,1,0,3,2,-1,5,1,1,3,3,4,3,2,2,0,4,3,5,3,-1,2,4,4,4,3,1,2,-1,-1,2,1,3,1,5,-1,5,2,3,1,1
3054.54702655,0,0,3,-1,4,-1,-1,-1,5,0,0,-1,2,4,5,5,0,3,1,2,1,0,0,3,0,0,1,-1,1,-1,3,-1,4,2,1,4,-1,3,0,4,5,5,5,5,3,2,2,5,1,5,2,2,1,4,-1,4,1,5,2,3,0,-1,4,-1,0,3,4,2,2,5,1,3,3,0,2,3,3,2,1,3,-1,-1,1,4,2,4,-1,0,5,4
2923.89239241,1,-1,0,0,4,2,2,-1,2,-1,3,2,5,-1,-1,4,3,4,-1,1,5,-1,4,1,5,4,3,1,3,4,1,1,4,5,0,0,5,4,3,-1,0,0,1,-1,3,0,2,3,-1,3,-1,2,-1,5,4,2,-1,-1,-1,2,2,3,2,5,-1,1,4,5,-1,3,1,4,1,3,3,2,1,0,1,4,3,2,0,3,2,0,0,0,0,4
3142.32533372,1,-1,4,2,0,3,2,1,5,1,3,1,-1,0,-1,2,1,4,5,0,4,1,4,1,3,1,4,1,-1,-1,4,5,4,2,5,2,3,-1,-1,2,-1,-1,2,2,4,5,3,-1,3,1,5,4,3,-1,4,0,2,3,2,2,0,-1,0,-1,3,3,2,-1,-1,5,0,3,5,4,-1,0,-1,5,4,0,5,0,0,1,1,0,5,1,0,4
2981.62350982,0,3,4,2,-1,3,4,-1,2,4,-1,1,2,4,5,5,3,2,5,4,3,3,5,0,3,-1,5,1,5,1,0,4,5,-1,1,-1,-1,-1,5,1,1,2,5,2,4,-1,-1,3,0,1,4,0,2,0,2,3,-1,2,4,2,1,0,0,3,-1,0,3,-1,3,5,0,4,1,1,2,4,4,1,1,1,5,-1,-1,3,-1,2,0,0,3,2
3068.38899037,3,-1,-1,1,4,0,3,-1,4,2,1,5,-1,0,0,2,4,5,5,-1,4,2,2,3,-1,3,-1,-1,2,5,5,4,1,4,-1,1,3,1,1,2,2,5,2,5,4,3,1,4,0,4,0,-1,1,0,1,2,4,3,0,-1,3,1,3,2,1,5,3,3,5,0,0,3,2,0,4,-1,-1,5,3,0,0,2,1,2,-1,3,0,-1,5,4
3046.1068047,-1,-1,4,0,0,3,2,5,1,1,-1,0,2,2,1,5,5,2,3,0,5,5,3,4,3,3,4,2,5,-1,0,5,1,1,3,-1,-1,3,4,-1,4,-1,2,2,3,2,5,2,1,-1,2,5,5,3,0,4,0,4,5,-1,1,5,0,1,4,0,0,-1,4,0,3,1,-1,4,2,5,3,2,5,3,-1,4,4,0,3,4,4,1,5,0
3114.97901494,-1,2,3,-1,-1,2,0,1,0,0,2,-1,1,3,5,5,1,2,0,1,1,5,-1,5,2,5,3,3,4,4,2,1,1,4,0,1,-1,-1,3,5,2,-1,5,5,4,4,1,0,4,0,4,4,2,3,-1,5,4,-1,4,-1,-1,1,1,1,3,2,3,0,5,4,3,3,2,0,5,0,2,1,2,-1,5,4,1,0,3,0,-1,3,0,5
2945.49936033,2,1,3,3,3,1,0,3,0,0,5,1,5,4,4,5,5,-1,0,-1,4,4,0,1,4,1,-1,3,4,3,0,3,1,4,2,-1,5,1,0,3,3,5,0,2,2,1,1,0,2,-1,5,4,2,-1,5,0,-1,4,3,5,1,2,-1,2,2,5,4,2,5,1,2,1,2,4,1,4,-1,4,2,5,5,-1,-1,4,3,0,3,3,2,-1
3028.88875214,-1,-1,5,3,2,4,5,0,0,-1,2,1,3,2,2,5,0,3,3,5,-1,4,2,-1,2,0,1,4,2,0,0,5,3,-1,0,3,-1,1,4,5,5,5,5,0,4,-1,3,1,4,2,2,1,0,3,-1,-1,4,3,3,5,1,1,4,-1,0,0,0,-1,-1,1,3,0,-1,3,4,2,2,1,4,5,3,2,1,3,1,4,1,5,2,1
3049.48289344,0,4,1,-1,4,5,5,1,2,1,3,-1,5,3,2,4,1,4,-1,1,4,5,3,2,3,-1,1,-1,0,0,1,5,-1,4,1,2,-1,3,2,-1,0,-1,2,4,0,2,1,3,0,1,1,-1,4,4,0,3,-1,5,-1,4,5,2,4,-1,-1,1,-1,2,2,-1,-1,-1,0,3,2,0,-1,0,2,2,0,0,0,5,0,4,-1,4,1,3
2828.01147227,0,4,-1,3,3,-1,5,5,-1,1,-1,0,2,0,0,-1,-1,-1,4,2,5,5,2,4,4,4,2,5,1,0,3,5,-1,1,1,3,2,5,5,4,0,4,1,1,4,1,1,5,5,-1,4,0,2,1,3,-1,0,-1,-1,3,2,5,5,2,4,0,3,0,1,-1,1,2,-1,4,-1,2,-1,3,-1,0,1,5,3,-1,2,1,-1,-1,2,-1
2996.14069139,3,0,-1,0,2,4,2,2,-1,-1,3,-1,0,1,4,1,1,0,2,0,0,3,4,5,1,5,-1,-1,1,4,1,0,1,5,2,3,4,1,1,0,3,4,5,0,3,-1,5,2,3,3,3,3,3,-1,0,4,2,2,3,5,5,-1,-1,-1,-1,4,0,2,4,-1,-1,2,3,5,1,4,5,1,0,4,2,2,5,0,4,-1,2,1,5,1
3123.41923679,5,-1,2,0,2,4,-1,1,5,3,1,5,5,1,1,3,-1,2,-1,2,4,1,0,-1,4,1,4,-1,-1,4,1,-1,2,5,-1,0,2,-1,0,2,2,3,-1,-1,4,4,0,0,3,5,5,0,5,-1,2,1,4,3,4,0,1,0,3,2,5,3,2,3,0,1,3,1,5,3,1,-1,4,1,0,1,0,4,3,2,2,4,5,4,0,3
3015.38439719,0,2,-1,0,4,-1,0,2,3,4,-1,-1,5,2,1,-1,3,1,0,4,5,5,2,-1,1,4,5,0,1,2,-1,5,1,5,5,0,4,1,4,1,0,2,5,5,-1,3,-1,5,0,3,4,2,4,4,4,3,0,4,0,4,-1,5,3,0,5,5,0,3,1,-1,3,3,1,1,-1,4,1,-1,3,1,3,2,-1,3,-1,2,-1,2,1,-1
3017.07244156,-1,4,2,1,3,4,4,4,-1,0,4,-1,-1,-1,4,5,4,-1,0,2,2,-1,1,1,3,3,1,2,5,-1,1,1,3,4,1,2,-1,0,-1,5,0,0,3,3,3,5,-1,3,5,0,3,3,-1,-1,5,4,2,2,-1,4,2,2,1,0,5,5,5,0,4,3,0,2,1,0,1,1,-1,4,2,-1,3,3,0,1,1,5,0,-1,2,5
2854.34496442,1,0,1,0,-1,3,1,-1,2,5,-1,-1,2,-1,4,4,0,1,3,2,5,5,-1,-1,0,2,0,4,3,3,3,5,4,2,0,-1,0,-1,1,4,4,-1,-1,-1,3,1,0,0,-1,2,5,3,2,1,0,4,2,4,1,-1,5,-1,4,5,0,0,3,5,2,-1,5,1,1,3,0,5,5,1,-1,3,4,3,2,4,5,3,4,5,4,3
2744.62208046,-1,3,0,4,-1,5,1,4,4,5,5,1,3,4,1,-1,-1,-1,1,2,-1,5,4,2,3,1,1,4,-1,4,5,2,3,2,3,2,2,3,0,-1,5,0,1,3,0,2,-1,3,5,5,2,5,3,-1,-1,-1,3,1,1,-1,3,-1,4,-1,1,5,3,1,-1,2,2,3,-1,-1,0,5,2,1,0,4,-1,-1,2,0,0,4,0,-1,0,0
2869.19975487,3,-1,-1,5,-1,5,2,0,2,3,0,5,0,0,4,-1,1,-1,5,1,-1,4,5,1,4,3,-1,1,4,4,2,-1,2,2,5,4,4,0,3,2,-1,-1,5,0,1,1,4,2,3,0,2,5,5,-1,3,4,-1,0,0,1,-1,-1,3,1,3,4,3,3,4,1,3,5,-1,-1,3,3,1,2,2,4,2,3,5,-1,2,5,2,5,4,-1
3060.2863774,3,0,5,3,5,1,-1,1,-1,0,0,5,2,3,3,4,-1,0,1,4,3,5,2,-1,5,5,4,5,2,-1,0,5,2,5,2,1,1,5,0,2,1,5,1,-1,-1,2,4,4,4,1,2,2,3,4,4,-1,3,5,-1,0,4,1,5,3,-1,1,3,1,1,4,4,-1,0,0,3,3,-1,3,1,2,-1,0,0,3,2,4,2,3,-1,4
3046.1068047,2,5,-1,2,-1,3,2,1,4,2,1,4,2,4,4,1,5,4,2,0,5,0,-1,3,0,0,4,4,2,5,4,3,5,0,3,-1,1,-1,5,3,-1,-1,5,1,4,4,-1,4,2,1,2,1,1,1,3,0,-1,0,-1,5,5,0,1,3,3,5,1,3,3,5,0,4,-1,4,2,0,2,3,1,0,0,0,0,5,-1,3,-1,0,-1,3
3048.13245795,-1,3,3,4,0,5,3,2,3,-1,4,5,-1,4,1,1,4,1,-1,5,0,1,1,-1,0,2,4,-1,0,0,4,4,1,1,3,4,5,-1,-1,5,-1,4,0,0,0,3,5,2,2,-1,4,5,2,-1,0,5,1,1,2,2,3,5,1,2,1,3,4,4,1,4,3,2,-1,2,-1,2,2,5,-1,2,5,3,5,0,1,5,-1,5,-1,2
2968.79437262,1,5,2,1,4,2,1,3,4,4,-1,1,0,3,1,0,3,4,2,2,0,-1,0,4,2,3,-1,-1,1,2,4,2,5,5,3,3,3,-1,4,2,-1,2,0,3,1,0,5,0,3,-1,5,0,2,5,1,0,3,2,0,3,2,1,5,-1,5,1,1,3,1,-1,4,-1,4,4,-1,5,5,5,0,4,2,1,0,-1,0,3,-1,4,-1,-1
3065.35051051,1,1,2,4,-1,-1,1,-1,3,1,4,0,4,3,5,3,5,0,2,4,1,0,2,-1,5,-1,3,3,2,3,2,-1,2,0,-1,1,4,1,5,5,0,5,3,4,4,1,-1,2,4,-1,2,2,3,5,5,0,-1,1,5,5,-1,1,2,0,0,3,1,0,3,0,1,4,2,5,-1,0,0,5,0,1,0,4,4,-1,3,3,2,2,-1,-1
3080.54290982,0,2,5,0,3,4,1,0,3,0,2,3,2,-1,2,4,3,2,1,-1,3,-1,4,2,3,-1,4,5,-1,3,2,-1,4,1,5,2,0,4,-1,2,0,2,0,4,5,2,4,3,1,1,3,4,1,-1,-1,-1,5,0,-1,3,4,4,1,1,1,-1,-1,2,5,1,0,1,2,-1,4,0,-1,0,0,3,4,4,0,5,3,1,-1,3,5,-1
2944.82414258,4,3,2,0,3,1,-1,1,2,0,4,1,3,-1,5,-1,2,2,2,2,-1,4,-1,1,5,-1,-1,-1,5,5,3,1,-1,3,3,-1,2,4,0,-1,0,0,-1,-1,4,-1,2,3,-1,-1,-1,-1,1,4,3,4,4,1,2,4,5,0,1,5,1,0,3,3,0,4,1,2,0,-1,1,3,1,0,2,3,0,1,5,3,4,0,-1,1,0,5
2778.04535896,1,5,2,2,3,0,4,1,1,-1,0,3,0,4,4,-1,-1,1,4,3,1,-1,4,1,5,0,5,3,2,1,-1,-1,2,1,3,-1,0,3,3,-1,-1,-1,0,-1,5,5,-1,5,-1,3,5,3,3,2,5,5,0,0,4,0,2,-1,2,-1,0,4,0,5,2,5,2,-1,1,4,2,-1,2,2,-1,4,4,3,1,3,5,1,0,4,-1,2
3105.18835761,0,4,5,-1,3,-1,3,1,2,5,0,4,2,0,3,4,2,5,0,1,1,0,-1,3,1,-1,-1,2,-1,1,2,4,1,-1,-1,-1,2,3,2,4,2,5,3,0,3,-1,5,1,0,1,3,5,3,2,4,4,0,-1,1,2,5,1,5,4,-1,1,3,-1,1,0,5,-1,0,5,2,-1,0,2,0,4,-1,4,4,5,4,0,4,-1,3,1
2964.74306613,4,0,2,4,1,3,-1,5,0,2,0,4,2,3,0,4,-1,5,3,1,3,4,2,1,0,2,3,-1,2,-1,4,-1,-1,1,-1,4,-1,1,3,0,-1,-1,5,-1,3,1,5,-1,2,1,-1,4,0,1,1,4,2,-1,3,5,3,0,2,-1,3,2,0,5,2,0,4,5,4,2,-1,0,0,2,3,-1,1,5,0,5,4,0,1,-1,5,3
3117.34227706,2,4,1,1,0,1,2,0,0,1,3,4,-1,0,2,1,4,2,0,0,2,4,1,-1,1,-1,3,3,5,3,2,3,0,-1,1,5,2,-1,4,1,5,3,5,5,5,5,4,5,0,3,-1,2,4,-1,-1,1,-1,2,5,2,2,3,5,3,5,-1,0,3,4,5,4,5,0,0,2,-1,4,1,3,0,4,-1,1,3,4,5,0,3,1,2
2922.87956579,1,-1,3,-1,5,0,0,1,0,2,2,4,0,5,3,4,5,-1,1,0,1,4,-1,2,4,-1,0,2,-1,-1,5,1,1,-1,2,4,4,4,1,2,1,2,4,-1,3,2,5,4,5,-1,4,5,2,1,0,0,-1,3,4,1,3,5,4,3,3,5,3,0,5,-1,3,1,3,0,3,3,5,4,2,4,3,2,-1,3,1,2,2,5,-1,1
3061.97442177,2,5,2,2,4,5,1,2,5,3,2,-1,-1,4,3,3,1,1,-1,2,5,2,3,4,3,3,0,1,2,4,0,0,-1,-1,5,-1,0,-1,4,-1,0,0,-1,1,0,0,4,2,-1,-1,3,3,5,3,5,4,1,0,2,2,-1,-1,-1,1,3,1,1,1,-1,2,0,-1,5,0,4,0,1,2,2,2,4,4,3,5,5,3,1,3,-1,5
3073.1155146,-1,0,-1,4,0,2,5,5,3,3,4,-1,3,4,1,2,1,0,-1,5,2,4,-1,4,2,4,4,2,0,2,2,5,3,-1,0,3,3,-1,-1,1,4,3,5,2,0,2,1,4,1,2,0,5,5,0,4,3,4,5,5,1,3,-1,1,3,3,2,5,1,1,4,-1,5,4,5,-1,1,1,5,2,1,0,-1,5,1,1,0,-1,3,-1,-1
3111.26531733,5,1,1,3,2,1,3,3,-1,0,0,0,1,5,-1,4,5,2,3,2,2,0,3,4,2,-1,-1,1,1,-1,1,4,4,-1,0,-1,2,-1,5,2,-1,4,3,2,5,2,5,5,4,-1,0,0,3,5,3,4,2,4,4,-1,-1,3,1,5,4,4,0,4,1,2,0,1,3,-1,2,0,3,3,4,2,4,0,0,5,5,2,1,3,0,1
3056.23507091,4,5,3,0,0,4,4,2,-1,3,4,2,-1,2,4,0,3,4,2,-1,2,-1,4,-1,3,3,-1,0,5,0,1,1,2,-1,-1,0,5,0,4,5,2,5,-1,3,1,3,1,3,4,2,3,2,5,1,3,-1,5,0,3,3,4,5,1,2,-1,-1,-1,3,5,0,-1,0,5,1,1,0,1,3,3,1,2,1,0,-1,5,4,5,2,4,-1
3033.95288525,0,0,0,4,1,2,3,1,1,3,5,2,1,1,3,5,3,-1,1,1,-1,4,3,-1,4,3,1,2,5,0,4,-1,5,-1,5,0,-1,4,4,2,2,3,-1,3,2,-1,2,4,3,4,-1,0,0,5,3,2,-1,0,3,4,4,-1,4,0,2,2,4,1,3,-1,5,-1,1,0,5,1,4,0,2,2,3,-1,5,1,0,5,-1,0,-1,1
3074.80355897,2,3,3,4,4,5,3,4,5,2,3,-1,0,5,2,4,2,-1,1,-1,0,1,-1,-1,-1,2,5,4,-1,4,4,0,2,-1,0,1,2,3,-1,5,4,-1,4,0,3,5,4,5,2,0,0,0,-1,4,3,1,1,2,5,5,1,5,3,2,0,4,1,3,2,5,0,-1,3,1,5,5,3,2,2,3,0,3,1,1,1,0,2,0,1,5
2880.00323883,2,5,3,2,3,0,-1,1,-1,5,-1,3,4,4,-1,1,-1,1,2,5,3,2,-1,-1,4,0,4,1,3,5,1,5,5,0,2,4,1,4,1,1,5,0,2,-1,4,2,2,0,1,3,2,-1,4,5,4,5,0,3,4,0,4,3,1,3,0,1,4,5,-1,3,-1,2,-1,1,3,0,5,4,-1,-1,0,0,5,2,0,2,-1,3,-1,0
3047.4572402,1,3,1,-1,2,3,-1,3,4,4,1,4,0,3,1,2,0,2,-1,3,2,5,2,-1,-1,0,3,-1,3,5,1,0,3,2,3,-1,0,-1,3,5,5,2,4,0,-1,1,0,4,1,4,2,1,3,-1,4,5,5,1,-1,4,4,3,0,0,-1,-1,1,0,2,5,0,1,0,2,-1,4,1,3,1,2,4,4,5,2,-1,-1,5,5,3,0
3008.63221972,4,4,0,2,4,5,2,2,5,2,3,1,5,1,4,2,4,4,5,0,4,5,3,-1,0,5,2,0,1,5,3,-1,-1,3,3,2,3,3,-1,1,2,1,-1,0,1,3,-1,1,0,4,4,-1,5,-1,-1,-1,5,-1,2,2,3,3,2,2,2,0,2,1,-1,1,-1,0,5,-1,5,5,1,-1,0,4,1,5,4,-1,4,1,0,3,3,0
3005.93134873,4,2,2,4,3,3,4,3,-1,4,4,2,-1,2,5,0,-1,4,1,5,1,3,-1,-1,0,-1,2,3,1,1,1,3,1,5,2,-1,5,0,-1,0,-1,1,4,-1,3,2,4,0,3,5,5,2,0,5,5,0,4,1,0,1,0,2,0,-1,5,0,4,0,0,4,3,2,-1,1,4,2,-1,3,4,3,1,1,1,0,3,1,3,-1,2,-1
3055.55985317,4,3,3,0,5,2,-1,2,3,0,1,1,0,4,5,-1,4,-1,0,4,2,0,-1,-1,1,0,3,-1,4,0,3,-1,1,0,3,4,2,3,4,5,4,1,2,4,0,5,2,4,-1,5,1,-1,0,-1,2,1,3,1,3,1,1,5,0,5,0,2,-1,3,-1,1,5,1,1,4,4,3,2,5,-1,2,4,1,5,5,2,0,4,5,5,2
3086.61986955,0,1,2,-1,4,0,3,0,5,2,-1,0,2,-1,0,4,5,2,0,-1,-1,0,4,3,2,5,3,4,4,2,1,1,1,-1,5,-1,-1,4,1,-1,3,1,5,2,3,2,4,0,5,5,0,0,2,1,0,-1,-1,-1,-1,2,1,4,3,1,0,5,3,-1,1,4,3,2,1,5,4,1,2,4,4,4,-1,2,0,2,-1,3,-1,5,-1,3
2896.88368251,0,-1,2,1,-1,-1,0,1,5,5,1,0,1,4,3,5,1,4,-1,4,2,4,4,-1,4,5,3,2,2,4,0,5,-1,-1,1,0,3,1,5,-1,0,4,1,2,1,3,5,3,5,5,1,-1,4,2,-1,3,0,3,4,-1,-1,-1,4,2,4,3,1,4,4,0,3,3,-1,2,0,3,2,1,1,2,0,2,-1,-1,3,-1,3,0,0,1
3046.78202245,4,-1,4,0,5,0,-1,4,0,-1,-1,1,-1,2,3,-1,-1,0,1,5,1,1,2,1,5,4,2,4,-1,1,-1,4,3,3,5,0,3,0,2,2,2,-1,5,3,4,3,0,5,4,0,3,4,0,2,1,-1,-1,4,3,0,3,3,0,5,2,1,0,5,-1,4,1,5,2,2,4,1,0,4,2,0,3,5,1,-1,3,3,-1,-1,2,1
3078.85486546,1,0,1,-1,-1,4,1,2,-1,1,5,3,5,4,4,2,3,0,2,3,4,4,-1,1,0,0,1,4,-1,2,-1,-1,2,3,4,5,0,-1,4,-1,2,5,3,2,1,0,2,2,-1,2,3,-1,1,5,0,1,-1,4,3,3,0,0,1,5,1,3,3,2,2,5,-1,3,5,3,1,0,-1,0,1,0,4,5,0,3,4,5,0,4,2,4
3101.13705112,-1,2,4,4,5,0,2,1,5,1,4,5,3,0,1,0,-1,3,1,2,1,0,3,2,5,2,0,-1,-1,4,1,5,3,2,4,4,1,5,5,3,3,3,3,3,0,0,3,3,2,-1,1,-1,4,4,0,2,4,3,4,4,0,5,5,1,5,2,0,0,-1,-1,-1,2,-1,4,0,5,1,0,-1,2,0,3,1,2,1,1,5,3,5,-1
3007.28178422,-1,3,-1,3,5,2,0,1,1,2,3,-1,5,4,4,2,0,1,0,0,3,4,2,4,0,5,4,1,3,-1,2,3,3,-1,4,-1,2,4,2,0,3,-1,-1,5,3,3,5,-1,3,0,5,0,1,1,-1,4,5,1,4,1,5,5,5,-1,3,5,1,0,-1,2,1,-1,4,4,4,-1,2,2,1,2,0,2,0,4,5,-1,0,3,1,-1
2875.95193234,2,2,-1,0,3,3,4,1,3,-1,-1,-1,5,1,5,2,5,4,4,5,5,3,5,3,2,-1,-1,5,1,4,5,0,-1,5,-1,2,2,3,0,5,1,3,0,3,0,2,0,-1,2,1,3,-1,-1,4,-1,-1,-1,1,3,1,2,5,5,1,-1,2,1,4,1,2,-1,1,4,1,2,5,0,3,0,-1,5,0,1,3,4,-1,4,4,4,3
2919.84108593,2,0,0,3,0,4,1,2,-1,5,-1,2,3,-1,5,-1,0,3,-1,4,0,-1,1,-1,0,0,1,0,1,3,-1,5,3,4,4,2,0,4,5,3,1,4,2,1,4,0,4,3,-1,2,-1,0,1,-1,4,3,1,3,-1,4,1,3,2,5,2,2,3,5,0,3,5,5,2,2,1,2,-1,3,4,4,1,-1,1,2,4,0,3,-1,1,-1
2938.40957398,-1,5,3,2,-1,4,-1,-1,-1,0,5,3,-1,0,5,-1,0,2,0,4,4,1,0,4,2,2,-1,-1,4,-1,3,3,1,4,1,4,0,1,4,2,2,4,-1,2,1,3,4,2,3,0,3,5,1,-1,2,-1,0,3,5,3,0,-1,0,-1,2,-1,-1,-1,1,1,2,3,-1,5,1,3,1,1,5,0,3,4,3,1,-1,5,2,-1,0,-1
3049.14528457,0,2,2,1,3,5,3,-1,3,4,1,4,3,4,0,3,-1,5,0,5,-1,-1,3,5,0,5,1,2,5,1,3,2,-1,2,1,4,-1,2,-1,-1,2,5,0,0,-1,1,4,4,5,4,4,4,0,-1,-1,3,0,5,0,2,4,-1,2,0,3,-1,3,1,-1,4,3,5,2,1,2,1,1,0,0,3,-1,3,0,5,4,1,2,-1,0,1
3075.14116784,5,1,3,3,0,3,0,2,2,0,4,5,3,2,1,2,-1,0,3,5,3,4,-1,-1,0,4,3,1,-1,-1,4,5,0,0,3,1,1,-1,3,2,-1,-1,2,1,0,0,5,5,5,1,5,-1,0,5,2,2,4,1,1,3,0,-1,2,4,4,-1,-1,4,-1,4,3,5,4,2,0,4,0,1,1,1,3,-1,2,-1,-1,1,1,4,5,4
3026.8630989,2,4,1,3,5,3,-1,1,-1,2,4,-1,1,3,4,4,3,4,-1,4,0,1,5,1,2,1,2,-1,1,5,-1,0,3,1,0,2,0,4,3,5,0,0,2,0,3,1,5,4,3,2,5,0,2,1,4,5,-1,2,4,-1,5,1,1,-1,0,5,4,4,2,-1,1,0,3,4,2,3,3,-1,1,5,5,0,3,4,-1,0,0,2,3,2
2952.58914668,4,5,0,-1,-1,0,1,-1,4,1,3,2,-1,-1,2,5,1,4,3,4,5,4,5,-1,3,0,2,-1,1,0,-1,0,4,0,4,2,-1,4,2,-1,2,1,5,4,2,0,5,0,3,3,-1,-1,0,0,-1,1,5,2,5,3,3,4,1,1,1,5,4,4,5,4,3,3,4,2,2,2,-1,3,2,3,-1,1,0,1,0,1,1,5,0,-1
2956.97806204,5,0,2,4,1,3,5,2,-1,3,-1,0,4,-1,4,3,0,3,1,2,4,4,2,4,4,1,4,4,-1,0,1,0,-1,0,3,2,0,-1,5,-1,5,1,2,3,3,-1,1,-1,2,1,0,-1,3,0,1,3,5,1,5,-1,5,1,5,5,-1,-1,1,4,2,3,-1,5,-1,-1,5,3,2,0,4,2,1,4,5,4,3,3,1,2,0,0
3087.2950873,3,2,1,0,-1,1,3,2,2,2,-1,3,4,2,5,0,4,3,1,2,-1,4,0,1,3,3,3,0,1,5,-1,-1,2,4,0,5,0,-1,-1,2,4,5,-1,0,-1,5,5,-1,-1,4,1,5,3,1,1,0,1,-1,0,3,-1,2,2,-1,0,5,3,4,2,3,4,3,4,-1,4,0,2,0,3,2,0,1,4,0,5,2,4,1,5,4
2991.41416716,-1,0,-1,4,5,3,3,0,1,5,5,-1,0,-1,0,-1,5,2,-1,4,3,2,0,1,4,-1,0,2,4,3,2,5,2,-1,1,4,2,3,1,0,1,2,3,5,4,0,5,1,-1,5,-1,3,0,4,2,2,3,3,1,0,4,4,4,5,0,1,-1,1,-1,2,3,0,4,4,2,5,0,0,-1,3,1,2,-1,1,1,3,4,3,4,5
3130.50902314,5,5,-1,4,1,5,2,3,3,4,0,3,-1,4,1,2,1,0,1,1,0,2,2,5,3,0,-1,3,1,5,-1,3,3,2,4,-1,5,5,1,4,0,2,-1,0,0,-1,3,4,2,4,3,5,2,5,-1,0,-1,0,1,4,3,1,4,3,4,-1,1,4,-1,1,2,4,2,3,0,1,5,3,0,3,-1,1,2,-1,-1,0,0,4,0,-1
3031.58962313,2,3,3,2,5,3,2,5,3,4,0,2,2,-1,0,3,2,3,3,0,-1,2,3,3,2,0,4,3,2,-1,4,2,-1,5,4,2,1,-1,0,5,1,0,1,3,-1,-1,5,5,1,4,5,-1,1,-1,0,4,-1,-1,1,4,1,5,2,5,5,1,-1,3,2,0,0,-1,1,3,-1,4,2,0,5,4,4,1,4,4,5,4,5,0,-1,1
3147.7270757,0,4,-1,3,1,2,4,2,5,5,5,3,0,-1,2,0,-1,0,-1,3,3,5,-1,4,1,0,5,-1,3,5,3,3,3,1,1,0,1,2,2,0,1,3,3,1,0,3,1,0,4,-1,5,2,-1,-1,1,4,4,2,3,0,1,1,4,4,0,5,5,0,3,4,4,5,0,2,4,1,-1,5,5,2,5,2,4,2,-1,0,1,0,2,-1
3105.52596648,4,3,-1,1,-1,5,-1,5,2,4,0,5,5,2,1,4,4,2,3,0,-1,1,-1,5,5,-1,1,5,0,4,0,4,3,1,0,1,0,-1,0,4,3,2,2,0,-1,4,-1,4,3,5,3,2,3,2,-1,1,3,1,0,1,5,2,4,3,-1,2,5,0,1,-1,2,4,4,1,1,2,3,5,1,1,3,0,-1,3,-1,2,-1,5,0,4
2993.4398204,2,2,2,2,-1,4,2,-1,-1,0,1,4,1,3,4,5,4,5,5,0,0,4,4,3,0,2,1,4,3,4,5,-1,1,5,0,1,2,-1,1,0,-1,5,1,0,4,4,0,1,4,0,5,-1,-1,2,0,-1,1,0,-1,1,-1,4,3,-1,2,2,5,1,3,3,-1,3,0,3,5,4,-1,3,2,3,2,-1,5,3,5,5,1,4,1,0
2957.65327978,-1,-1,-1,4,5,3,-1,4,1,4,-1,-1,-1,4,5,-1,1,3,5,-1,-1,0,0,2,-1,2,4,2,4,4,2,0,0,3,4,0,5,1,0,5,-1,4,3,5,5,5,0,2,1,-1,2,0,4,1,4,2,-1,1,5,3,5,2,0,3,3,-1,2,0,3,2,1,-1,2,0,0,0,4,2,-1,4,0,1,1,-1,3,2,3,3,2,3
2863.79801289,2,1,0,1,2,3,0,5,3,1,5,2,-1,0,2,-1,1,0,5,-1,1,-1,-1,5,5,0,0,5,2,5,-1,2,2,4,5,-1,1,3,-1,4,5,4,3,2,5,3,4,3,0,4,3,-1,0,-1,5,1,4,4,4,2,-1,1,-1,5,0,3,3,4,-1,4,1,1,2,-1,4,3,3,1,2,-1,0,-1,4,0,1,-1,2,2,0,3
2957.99088866,5,3,3,4,5,2,1,0,2,-1,2,3,4,3,3,2,-1,1,3,-1,3,-1,1,-1,5,1,0,1,5,-1,-1,-1,1,2,0,-1,4,1,5,1,0,0,0,2,2,5,-1,0,-1,-1,3,2,5,4,3,-1,-1,4,0,1,-1,0,-1,1,4,4,5,1,2,-1,0,2,0,3,-1,0,4,-1,1,3,4,3,4,3,4,1,5,1,2,4
3022.81179242,-1,0,0,1,-1,3,3,2,3,2,-1,-1,1,5,5,1,4,5,2,5,3,2,2,0,3,0,4,4,4,5,3,0,5,2,-1,-1,4,3,0,4,1,5,3,0,5,-1,5,1,4,0,4,3,4,1,4,-1,-1,-1,5,5,-1,5,1,2,1,1,2,3,1,0,5,2,4,1,0,2,1,4,2,0,0,-1,2,0,1,1,3,4,-1,2
2949.88827569,4,3,1,4,4,1,5,4,0,5,0,-1,0,1,1,1,5,4,0,1,4,5,3,-1,4,-1,-1,-1,-1,0,2,2,3,1,5,0,-1,5,3,1,5,3,3,4,4,4,5,2,-1,-1,-1,0,2,1,1,2,5,1,2,-1,2,4,0,0,4,3,2,0,-1,3,5,2,3,3,1,0,4,1,0,5,2,-1,-1,2,-1,0,-1,-1,3,5
3098.43618013,3,4,4,0,5,2,4,4,-1,4,2,4,2,4,-1,2,1,0,4,2,1,5,-1,-1,3,0,3,0,-1,3,5,1,3,0,2,1,-1,1,3,-1,0,5,2,2,-1,2,1,2,3,2,0,-1,3,1,0,3,-1,-1,4,1,0,4,0,1,4,5,2,5,5,0,0,5,0,-1,4,1,1,2,3,5,1,3,5,1,-1,3,3,4,5,5
3048.80767569,-1,3,2,0,5,2,2,1,0,5,2,3,3,-1,0,1,2,2,3,0,0,4,0,3,4,1,4,0,5,5,-1,3,3,5,3,-1,0,-1,1,2,3,3,1,4,4,2,3,2,1,0,5,5,-1,1,4,2,4,-1,3,0,2,1,4,4,1,4,2,5,1,1,5,5,-1,2,3,-1,4,5,0,5,-1,4,1,1,-1,0,4,-1,5,-1
3104.85074873,3,3,2,1,-1,1,-1,4,5,5,0,3,-1,3,3,-1,1,0,0,0,2,-1,1,4,0,4,5,2,0,3,1,-1,2,-1,-1,-1,1,3,-1,1,2,1,0,3,3,4,0,2,-1,-1,-1,5,2,3,0,-1,5,4,5,1,0,1,3,4,5,2,5,2,0,2,2,3,0,5,1,3,5,5,1,1,4,4,2,4,-1,0,1,0,4,5
2983.64916306,4,2,1,2,0,2,-1,0,2,-1,5,-1,-1,1,3,5,4,4,4,0,3,0,3,4,4,3,1,-1,0,0,5,0,3,-1,3,5,3,5,4,-1,-1,1,2,4,2,1,4,2,4,0,1,1,-1,0,-1,5,2,2,-1,0,3,3,3,5,5,5,0,2,5,0,1,-1,1,3,0,1,-1,3,2,3,4,-1,4,-1,-1,2,2,1,3,4
2820.58407705,3,-1,3,-1,-1,4,1,3,2,1,1,-1,1,5,5,0,5,3,-1,-1,0,1,-1,4,3,0,-1,-1,5,5,0,5,0,2,4,-1,3,4,2,1,0,3,0,4,2,5,5,3,3,2,2,5,4,4,2,-1,0,5,-1,-1,4,3,5,2,4,1,5,4,3,1,-1,3,4,4,0,-1,-1,5,2,4,4,0,1,-1,0,-1,2,3,0,5
3139.62446273,-1,-1,2,5,1,1,-1,0,3,4,2,0,4,5,0,5,0,0,5,4,1,-1,-1,3,2,0,0,2,1,1,5,2,2,3,3,4,3,-1,2,5,3,3,5,4,1,4,-1,0,-1,5,3,1,4,0,1,5,-1,1,5,2,2,0,2,4,-1,3,2,3,1,1,5,0,2,-1,-1,1,4,4,3,0,4,0,0,4,-1,4,2,-1,4,3
3053.8718088,2,1,0,3,4,1,4,3,-1,3,5,3,5,0,1,3,4,0,1,2,4,2,5,3,3,-1,3,4,0,5,0,0,4,-1,-1,4,2,2,1,1,0,5,4,-1,2,2,0,2,-1,5,3,5,0,-1,0,-1,2,4,2,2,1,5,3,3,-1,-1,0,0,0,4,1,2,3,1,2,-1,-1,-1,-1,2,3,0,-1,-1,4,-1,1,1,4,5
3104.85074873,5,3,2,3,5,5,4,3,2,1,2,0,-1,-1,3,0,0,4,1,3,4,0,0,3,5,-1,4,3,1,-1,5,-1,4,2,4,0,2,5,4,1,1,1,3,0,1,-1,2,5,4,5,-1,3,2,-1,-1,5,0,5,5,2,0,5,1,5,-1,3,1,-1,1,-1,2,3,4,2,2,0,4,2,1,-1,0,0,1,4,0,4,3,4,-1,1
3102.82509549,-1,4,2,5,5,2,3,1,0,4,0,3,-1,4,1,0,5,1,-1,-1,2,3,2,0,0,1,5,2,-1,3,3,-1,3,5,-1,0,1,3,5,-1,3,4,5,2,0,1,-1,5,4,2,1,-1,3,4,2,-1,5,-1,5,1,1,-1,3,-1,0,0,1,1,-1,4,3,0,-1,4,4,4,1,-1,1,2,2,3,2,2,5,0,1,5,0,2
3095.39770027,2,3,2,0,2,2,4,0,5,3,2,1,-1,5,-1,-1,5,4,-1,2,1,4,-1,0,-1,3,0,-1,-1,3,0,3,-1,-1,1,0,2,3,-1,1,3,-1,4,4,0,1,0,4,-1,2,4,1,4,0,4,3,-1,4,3,1,5,2,1,4,4,5,2,5,1,1,3,5,1,4,2,1,-1,3,0,2,5,1,0,5,0,1,-1,3,0,5
3031.58962313,5,2,-1,3,3,0,4,-1,3,1,-1,2,-1,4,-1,0,3,0,1,2,0,3,5,1,1,4,1,-1,4,3,1,1,1,-1,0,2,2,4,3,1,4,5,2,2,4,5,-1,5,2,-1,-1,0,5,2,4,5,5,0,0,1,5,0,2,3,0,4,4,0,2,0,1,-1,-1,1,1,-1,3,1,5,5,-1,-1,3,-1,5,2,4,3,4,0
2955.29001767,-1,2,-1,5,0,3,2,0,-1,-1,0,3,5,3,5,-1,5,3,5,0,5,2,3,1,2,0,-1,0,4,0,1,1,5,3,4,2,3,1,2,0,5,2,3,4,4,2,2,2,-1,0,0,5,-1,0,5,1,1,5,4,4,-1,5,4,2,0,4,5,5,-1,1,3,3,4,2,1,-1,1,4,-1,4,3,4,3,1,4,5,0,-1,4,-1
3115.31662382,1,1,1,0,2,4,-1,4,5,3,5,4,5,5,5,-1,3,0,1,0,2,4,3,4,1,5,3,1,2,3,3,3,2,2,5,-1,3,-1,4,-1,2,5,-1,3,-1,0,1,2,1,2,0,-1,-1,4,0,4,5,0,-1,-1,0,4,1,2,5,5,2,2,-1,1,1,4,3,3,5,0,3,4,0,4,0,1,2,0,4,-1,2,0,0,3
2993.4398204,1,2,2,5,-1,0,-1,5,0,2,0,3,-1,2,1,1,2,3,5,4,0,5,5,5,-1,2,-1,-1,0,-1,4,-1,3,4,-1,-1,0,0,5,4,4,0,4,-1,3,0,4,4,2,4,1,3,4,-1,1,1,4,2,1,5,0,2,3,4,1,5,-1,2,3,2,5,1,1,5,5,2,1,0,2,3,0,3,5,3,3,-1,3,2,-1,1
3038.67940948,4,-1,5,1,3,2,2,1,4,0,2,1,2,-1,5,1,2,-1,-1,3,0,4,5,3,1,3,0,0,5,1,5,3,5,0,3,2,0,-1,-1,-1,1,1,3,1,2,2,0,4,4,4,0,-1,-1,-1,0,0,1,5,-1,5,1,2,3,4,2,4,3,0,3,3,4,2,3,-1,2,-1,5,1,2,-1,0,2,1,4,5,-1,3,4,-1,0
2983.64916306,5,0,0,0,5,-1,5,1,0,3,5,1,2,0,5,1,2,2,0,1,0,1,4,5,3,0,2,4,5,4,-1,3,-1,3,-1,-1,5,1,-1,2,2,1,2,1,4,0,4,4,4,3,-1,-1,0,3,3,3,0,4,4,-1,2,3,-1,3,1,3,5,1,2,2,5,2,1,-1,5,2,1,4,4,2,3,5,2,4,4,-1,5,0,4,-1
3081.21812757,2,4,1,-1,4,1,2,1,1,4,2,0,5,5,1,5,4,5,2,0,3,1,2,4,0,4,-1,0,4,-1,0,1,3,3,0,1,5,4,1,0,3,1,1,5,5,0,4,4,-1,0,3,5,4,-1,0,1,3,2,3,1,3,3,5,-1,-1,2,5,0,2,-1,2,3,2,3,-1,0,2,5,-1,3,4,4,3,3,-1,0,5,-1,-1,2
2995.46547364,4,-1,4,4,3,2,5,3,2,0,2,4,-1,5,4,2,3,1,-1,4,1,1,-1,-1,1,-1,-1,5,4,-1,2,5,2,2,0,3,1,0,5,1,3,0,3,5,3,-1,0,0,-1,-1,2,-1,0,4,2,0,0,3,2,5,4,0,2,5,3,4,1,1,3,2,4,5,1,1,3,0,3,0,2,1,4,-1,0,-1,1,-1,3,3,-1,4
3023.14940129,4,1,1,3,4,-1,3,4,4,-1,0,-1,1,5,-1,1,3,2,0,3,4,1,-1,0,-1,5,0,3,0,1,2,2,3,4,-1,3,5,5,0,5,5,2,1,0,5,3,2,2,5,1,3,2,4,-1,-1,2,3,2,3,-1,1,5,1,4,1,0,5,5,0,-1,-1,-1,1,0,3,-1,0,4,4,0,0,1,4,3,4,5,5,2,2,-1
3029.22636102,2,5,2,2,-1,0,-1,-1,-1,-1,0,0,0,4,2,2,2,5,4,0,0,1,2,-1,-1,3,3,3,-1,-1,2,-1,3,1,1,0,5,3,4,5,4,5,-1,1,3,1,2,1,5,3,5,5,2,4,4,3,0,0,0,5,4,4,3,-1,0,2,1,1,0,-1,3,2,1,3,3,1,0,3,3,1,-1,-1,1,4,4,5,2,4,1,0
3176.42382996,1,-1,-1,2,2,1,2,3,1,0,0,-1,-1,1,0,3,2,0,0,-1,4,1,-1,3,5,0,4,2,2,3,5,3,3,2,5,3,3,-1,1,2,3,-1,4,5,0,4,4,5,4,2,5,1,-1,-1,1,3,4,2,1,0,5,0,3,4,0,5,0,-1,5,5,4,3,4,-1,2,-1,1,3,3,0,1,-1,0,4,2,2,1,5,0,4
3165.28273713,1,-1,5,5,1,2,0,4,3,5,0,3,-1,5,0,2,2,0,4,3,3,3,2,3,4,-1,5,-1,1,0,1,0,-1,-1,3,3,1,5,1,4,1,4,2,0,2,2,4,0,-1,-1,5,2,1,5,2,1,5,4,4,3,-1,4,3,0,-1,2,0,0,1,3,3,0,4,3,4,4,2,-1,5,0,1,1,2,5,2,0,-1,3,1,5
3075.14116784,4,-1,5,2,-1,2,0,3,5,4,2,3,1,-1,5,0,4,4,1,0,2,-1,0,1,-1,1,-1,1,-1,3,4,3,0,-1,3,3,5,-1,0,2,2,1,5,2,3,-1,4,3,-1,0,5,0,-1,4,2,4,3,2,-1,1,4,5,3,0,2,5,0,1,2,5,0,4,2,1,4,4,3,4,5,1,1,1,2,1,2,1,5,3,3,-1
3006.2689576,1,5,1,5,3,4,0,3,4,0,2,-1,2,5,2,0,3,4,-1,-1,3,5,-1,0,2,3,1,2,1,3,4,4,4,5,3,4,3,1,5,1,1,1,2,2,-1,2,3,0,-1,3,-1,-1,-1,5,5,5,5,0,2,0,-1,2,0,4,-1,4,1,2,1,1,5,0,2,3,-1,4,0,0,2,4,0,0,2,0,-1,-1,3,1,3,-1
3094.72248252,0,2,5,4,4,2,-1,0,3,4,5,1,4,2,1,4,2,2,0,3,-1,2,2,0,1,1,-1,5,3,-1,3,1,-1,3,4,1,5,-1,2,5,0,-1,-1,1,-1,0,0,0,4,1,2,1,-1,1,5,4,3,3,2,0,5,3,5,-1,4,1,5,5,-1,0,-1,1,4,0,3,4,3,3,1,4,5,3,-1,0,2,2,5,3,0,5
3080.54290982,-1,-1,2,-1,5,0,5,2,1,2,4,5,5,1,3,2,5,4,0,5,4,0,1,2,2,3,1,4,-1,1,-1,1,-1,5,4,3,4,-1,2,4,3,3,2,2,3,-1,-1,4,4,5,0,-1,3,4,2,-1,-1,-1,5,3,1,2,4,0,0,3,1,1,-1,3,1,0,3,0,-1,2,1,0,1,2,3,3,2,0,0,3,0,1,-1,4
3013.69635282,3,2,-1,0,4,-1,1,3,3,4,-1,0,2,5,0,2,3,5,-1,1,2,1,4,-1,4,0,-1,-1,1,5,-1,4,-1,4,3,3,4,5,-1,3,1,5,0,5,4,0,1,1,-1,5,-1,1,3,4,2,1,3,1,1,0,1,4,2,5,3,2,-1,4,0,2,-1,0,2,4,-1,2,1,5,4,0,0,2,3,5,0,5,1,2,0,5
3027.87592552,1,5,5,0,1,3,-1,4,0,-1,-1,4,2,2,5,3,2,0,3,3,1,0,4,2,-1,0,0,1,1,1,4,-1,2,2,0,2,5,-1,2,3,4,3,0,0,4,-1,1,4,-1,-1,4,-1,0,-1,4,0,3,3,0,3,0,0,3,5,2,5,1,1,1,4,4,5,2,1,1,5,4,5,3,1,4,-1,-1,1,3,2,3,2,2,5
3020.78613917,4,4,-1,0,1,-1,5,1,5,-1,5,3,2,0,1,-1,1,0,4,0,3,5,4,4,-1,0,0,1,3,5,3,2,3,2,2,2,0,2,1,4,-1,0,2,2,4,1,2,2,1,0,5,-1,3,1,5,-1,0,4,3,3,0,4,3,3,3,4,2,5,0,4,5,1,-1,4,3,-1,3,3,5,2,2,1,5,-1,4,4,5,3,-1,-1
3017.07244156,3,3,-1,0,0,0,2,1,3,5,2,4,0,1,-1,3,2,0,4,-1,2,0,-1,3,-1,0,5,5,1,5,4,0,-1,5,1,0,3,4,1,-1,4,2,2,-1,2,-1,5,5,1,-1,-1,-1,2,0,1,1,1,4,2,1,1,2,3,4,3,-1,-1,-1,2,3,1,3,0,2,0,4,4,4,4,5,4,3,2,3,-1,4,-1,5,4,3
2715.58771732,5,5,2,4,-1,0,-1,-1,5,3,0,-1,1,2,3,3,1,-1,1,-1,0,-1,4,5,-1,1,2,2,2,4,-1,4,2,2,1,0,3,-1,1,2,5,3,4,-1,-1,4,5,-1,3,5,4,1,0,-1,3,2,-1,-1,-1,1,4,0,2,1,3,4,-1,4,3,1,0,0,3,2,1,5,4,0,3,4,1,-1,-1,3,1,3,4,-1,-1,2
3102.82509549,4,-1,1,5,0,1,4,3,0,3,3,0,-1,1,2,2,3,5,2,4,0,2,4,0,3,-1,4,1,5,-1,0,3,3,-1,3,5,-1,-1,-1,1,0,0,4,1,0,-1,1,2,4,5,4,-1,1,-1,4,4,5,2,2,4,-1,1,0,1,5,-1,1,-1,1,4,-1,1,3,2,2,3,2,1,4,2,2,2,-1,-1,3,3,5,0,3,0
3090.67117604,0,1,4,2,5,2,3,1,1,2,1,0,-1,4,-1,-1,0,3,3,3,0,0,-1,2,2,5,0,0,5,1,2,4,5,-1,5,5,-1,5,-1,2,-1,2,3,3,0,5,1,3,4,-1,5,-1,2,4,3,1,-1,4,3,1,4,1,4,3,1,1,3,2,1,0,3,0,5,-1,4,-1,2,5,5,4,0,5,0,0,2,-1,2,4,0,1
2905.66151323,2,2,4,5,5,3,3,4,0,5,2,-1,1,3,5,2,4,5,-1,4,3,3,5,2,4,3,4,-1,-1,0,-1,-1,5,-1,-1,1,1,2,2,3,5,1,1,5,4,0,3,3,3,0,2,-1,2,-1,-1,4,1,3,4,0,0,3,2,-1,4,0,4,1,1,2,0,3,-1,2,4,1,1,0,1,-1,0,1,4,1,0,-1,4,2,-1,0
2964.40545726,4,2,0,1,5,-1,5,1,4,2,3,-1,1,1,5,-1,3,3,4,1,-1,4,5,1,2,4,2,1,0,3,4,-1,4,2,-1,3,2,1,4,1,0,0,-1,3,4,0,-1,-1,0,2,1,3,2,0,-1,4,5,-1,5,3,5,0,-1,5,3,3,-1,-1,2,-1,-1,5,3,0,0,4,3,3,-1,1,1,0,2,-1,2,2,-1,0,0,4
2969.46959037,-1,3,-1,1,-1,2,1,3,5,3,-1,3,1,5,2,1,1,4,4,4,-1,5,5,5,-1,-1,4,0,1,4,2,-1,4,5,2,0,2,0,2,5,0,0,4,2,3,1,3,1,1,-1,3,3,1,2,3,-1,-1,5,1,-1,4,4,5,0,3,4,0,2,5,-1,0,5,0,0,-1,4,-1,4,3,3,3,1,2,2,0,4,4,2,1,-1
3048.47006682,-1,-1,5,3,-1,3,-1,4,-1,0,-1,3,1,3,0,4,1,4,2,1,3,2,2,1,4,1,4,-1,4,-1,0,-1,0,4,2,1,5,2,0,3,5,1,2,3,5,0,0,5,3,2,5,1,0,2,1,0,0,-1,5,0,3,1,4,2,3,5,3,4,-1,5,4,0,3,1,0,4,3,2,-1,3,-1,1,5,2,-1,4,5,2,-1,1
2965.08067501,5,2,5,3,2,3,3,0,-1,1,0,1,3,-1,2,2,-1,-1,1,-1,0,1,0,0,4,3,5,5,3,-1,4,3,3,1,4,1,3,5,-1,1,0,-1,4,1,4,5,0,3,2,2,1,4,2,-1,1,4,3,4,4,5,-1,1,5,-1,4,2,3,3,5,5,-1,5,0,1,0,-1,2,2,2,4,-1,-1,4,4,2,4,-1,0,0,3
3056.91028866,2,4,3,5,-1,0,1,-1,1,2,0,4,2,2,3,3,3,0,2,3,2,-1,5,0,1,-1,5,5,-1,3,1,0,3,5,0,0,0,-1,4,1,3,4,-1,4,4,-1,2,5,0,3,-1,-1,3,2,1,4,-1,3,1,4,2,0,0,-1,5,3,3,2,5,4,0,-1,0,4,1,3,1,-1,2,-1,2,-1,1,4,4,4,5,5,5,2
3088.98313167,4,2,1,-1,4,4,0,5,3,5,1,-1,4,1,-1,5,1,3,2,0,3,-1,2,1,2,2,1,2,0,-1,0,0,5,-1,4,-1,0,4,5,5,0,0,-1,2,2,0,-1,2,4,3,4,5,1,4,4,3,1,4,5,1,4,4,3,-1,3,0,1,1,2,5,5,3,5,5,1,-1,3,2,3,0,2,5,3,2,1,1,3,2,0,3
3158.86816853,0,5,0,4,1,3,3,4,-1,2,4,2,5,1,-1,3,0,1,3,0,1,2,2,0,1,2,4,2,-1,5,0,0,2,4,5,5,5,4,-1,-1,2,-1,5,4,2,-1,1,1,3,0,2,1,2,3,4,1,3,1,4,-1,4,3,1,5,1,0,3,0,0,4,-1,4,-1,-1,0,2,3,2,5,4,-1,2,5,3,5,3,1,2,-1,3
2795.93862927,5,3,5,5,-1,2,-1,-1,3,4,-1,0,4,1,4,4,2,1,-1,1,-1,1,0,-1,5,1,3,-1,4,3,3,4,-1,5,0,5,2,-1,1,0,4,1,5,-1,4,0,-1,0,2,0,-1,4,-1,3,0,5,5,2,-1,3,3,-1,2,-1,0,4,2,2,-1,1,3,3,5,5,2,0,0,1,0,5,2,2,4,0,3,1,-1,5,2,1
3057.58550641,-1,1,2,0,1,4,1,0,2,-1,2,4,4,0,-1,-1,2,1,1,4,-1,5,2,2,0,-1,3,2,1,2,0,5,0,4,3,4,-1,5,0,5,5,0,5,4,1,4,3,-1,-1,5,3,5,2,3,2,1,5,2,-1,3,4,-1,1,-1,-1,-1,1,4,0,2,3,3,2,0,1,1,4,4,1,5,1,3,0,0,3,4,5,4,3,3
2964.74306613,3,2,2,4,2,3,-1,3,3,-1,0,3,-1,4,0,2,4,1,5,0,2,4,-1,0,-1,5,0,5,0,-1,4,3,-1,-1,-1,0,2,4,1,1,1,4,-1,2,3,5,1,3,3,2,4,-1,1,0,1,2,3,-1,2,5,-1,2,5,-1,1,4,1,1,1,0,2,-1,-1,3,2,0,3,1,5,4,4,-1,5,4,1,5,0,3,-1,1
2929.63174326,5,3,1,2,3,2,-1,4,0,5,1,1,1,1,0,3,1,3,-1,2,-1,0,-1,1,-1,4,4,-1,4,2,2,3,4,0,1,4,4,1,-1,0,1,1,5,5,3,4,4,-1,0,2,5,5,-1,0,3,3,3,3,5,-1,4,-1,3,-1,2,2,-1,0,2,5,0,-1,-1,5,4,2,5,-1,1,0,4,3,5,4,2,1,2,3,-1,4
2930.98217876,4,5,-1,3,4,2,4,1,-1,4,4,0,3,2,5,0,4,5,1,-1,4,3,3,0,4,5,0,0,2,3,2,4,0,3,2,-1,2,-1,-1,5,4,1,2,-1,4,5,2,-1,1,2,-1,-1,3,0,-1,1,3,1,0,1,5,5,4,0,1,0,2,2,2,1,4,-1,-1,0,-1,-1,3,2,-1,3,3,-1,4,-1,3,3,5,1,1,0
3088.30791392,1,3,1,2,0,5,5,1,-1,4,5,0,0,0,2,-1,1,-1,4,5,3,3,3,1,-1,2,0,0,1,4,4,-1,-1,0,0,3,3,0,-1,-1,3,2,2,0,-1,-1,0,4,3,-1,-1,3,2,5,4,-1,3,3,1,5,1,1,4,3,2,2,1,2,1,5,4,2,1,4,1,0,-1,4,1,2,4,2,5,0,2,4,-1,1,4,5
2934.02065862,1,4,4,-1,3,3,0,4,-1,2,3,4,2,5,5,5,-1,1,-1,4,5,0,-1,0,-1,3,5,2,0,5,2,-1,0,0,4,-1,1,3,1,-1,4,2,0,1,3,-1,-1,2,3,3,1,2,2,3,4,0,2,1,3,5,-1,4,4,2,4,-1,2,3,5,4,-1,4,1,0,1,0,-1,3,5,1,-1,0,-1,3,1,5,2,4,1,5
2992.42699378,4,-1,3,0,-1,3,-1,0,-1,-1,0,-1,4,0,-1,1,4,0,2,1,-1,2,1,-1,5,1,1,2,4,1,5,4,-1,4,3,2,5,0,3,0,3,-1,3,3,0,0,3,4,4,2,0,2,2,5,3,0,-1,-1,1,5,-1,4,3,1,2,2,1,4,5,2,5,-1,5,-1,4,0,5,-1,2,1,1,1,0,4,5,2,3,3,1,5
3126.79532553,-1,0,3,-1,1,3,2,3,2,5,1,1,1,-1,4,1,0,5,3,2,2,3,2,-1,-1,-1,1,5,2,-1,0,2,1,0,5,0,0,5,-1,2,0,0,4,3,4,0,5,5,-1,5,1,0,3,1,4,2,5,1,4,2,2,1,3,4,5,1,1,5,1,2,3,4,4,-1,5,3,4,4,-1,2,3,0,5,-1,4,2,-1,4,-1,3
3042.73071597,3,0,0,0,5,4,2,3,-1,0,4,0,3,5,1,1,2,3,0,1,3,1,-1,-1,-1,4,1,0,2,3,2,5,0,2,1,2,4,0,5,5,5,4,5,5,1,-1,-1,1,5,4,-1,-1,-1,5,1,1,1,0,-1,2,2,1,-1,-1,1,3,-1,4,2,2,3,4,0,1,-1,3,2,3,4,5,0,5,0,3,4,4,2,2,4,3
3039.01701835,-1,4,3,1,2,1,3,-1,5,0,0,2,4,-1,0,4,3,-1,4,2,2,1,3,5,1,3,0,5,-1,4,2,-1,2,1,3,4,2,0,5,2,3,5,1,2,1,-1,4,3,1,1,5,4,2,-1,1,2,-1,0,-1,2,0,5,0,4,0,1,0,4,4,-1,2,-1,3,3,0,3,3,5,1,-1,-1,2,5,4,3,-1,5,0,5,5
3091.00878491,1,1,-1,-1,4,3,-1,4,0,-1,3,4,-1,0,3,4,4,1,3,0,0,1,-1,1,2,5,-1,3,5,2,-1,3,4,5,4,0,1,2,1,2,4,5,0,2,0,0,3,4,2,4,5,-1,3,-1,0,3,3,5,0,1,-1,2,2,3,5,1,-1,4,0,-1,1,-1,2,4,2,3,3,4,4,2,-1,2,5,4,1,0,-1,1,-1,0
3100.46183337,1,2,1,5,5,-1,2,0,5,5,-1,3,5,3,0,-1,0,4,0,1,-1,4,5,5,3,3,2,3,-1,3,1,0,0,3,-1,3,2,-1,4,2,2,5,-1,0,1,0,2,-1,-1,2,0,4,4,0,3,2,-1,1,4,0,4,-1,1,5,4,1,3,3,5,1,2,0,4,1,0,2,4,4,-1,4,3,1,-1,-1,0,4,2,1,1,-1
3047.79484907,1,2,3,0,5,0,-1,5,-1,4,-1,4,3,4,1,5,2,2,2,5,0,4,5,2,1,0,4,1,0,1,5,3,0,-1,5,2,1,4,2,4,4,-1,4,1,-1,4,1,3,-1,3,2,5,0,3,0,3,2,2,5,-1,2,0,2,1,3,4,0,3,1,3,0,2,3,4,1,1,-1,-1,0,5,0,-1,0,1,3,4,5,3,0,-1
3028.88875214,3,5,1,5,5,1,2,1,-1,4,5,0,0,-1,4,4,5,1,3,4,-1,2,4,3,2,4,2,-1,5,-1,1,5,3,4,2,-1,0,-1,3,0,2,4,1,2,0,1,5,4,1,3,2,3,5,3,4,3,3,1,-1,2,0,0,-1,0,3,2,1,4,-1,0,0,2,4,-1,0,0,5,1,2,0,-1,1,1,-1,2,5,-1,-1,-1,5
3068.72659924,0,1,1,5,5,1,4,0,3,-1,-1,-1,1,4,0,4,4,1,5,2,1,-1,0,4,0,5,4,-1,1,3,1,5,2,-1,3,4,-1,3,3,3,0,-1,5,0,4,0,2,-1,3,5,2,2,-1,2,0,4,-1,4,2,3,2,3,5,0,0,1,2,-1,3,4,-1,1,-1,5,2,3,-1,2,2,4,2,1,3,5,2,3,-1,0,1,0
3015.04678832,3,-1,1,2,1,0,-1,-1,-1,2,1,-1,5,4,2,0,1,5,5,0,5,2,3,1,4,1,3,0,1,-1,1,5,3,0,4,1,5,3,3,2,4,0,2,1,4,0,-1,-1,2,5,5,0,-1,3,3,4,4,0,4,4,4,2,1,2,3,3,3,4,3,2,-1,4,-1,4,2,1,1,2,-1,1,-1,-1,4,-1,2,3,-1,-1,5,0
2948.20023132,2,2,0,1,1,5,-1,4,1,-1,2,5,2,-1,4,0,2,4,3,4,-1,3,5,1,4,2,1,1,4,-1,-1,2,-1,0,-1,4,3,0,5,-1,3,5,1,2,4,2,1,2,-1,3,4,0,4,3,1,5,0,1,3,0,3,1,5,3,-1,1,-1,-1,4,2,0,4,-1,0,-1,2,5,-1,4,5,2,3,1,-1,3,-1,2,0,4,3
3081.89334532,2,-1,-1,5,-1,1,2,3,-1,3,5,-1,3,3,1,0,1,2,2,0,1,4,5,0,3,1,2,4,4,3,-1,4,4,0,5,3,5,2,-1,1,1,0,4,0,2,2,0,3,3,-1,-1,5,3,4,4,1,0,4,3,0,2,4,-1,0,0,-1,1,1,2,5,1,5,1,0,-1,1,5,4,4,5,2,4,2,-1,5,-1,4,1,1,3
3048.80767569,5,3,-1,4,2,0,1,4,4,3,2,3,2,2,4,2,0,1,5,5,-1,-1,2,3,1,-1,0,5,0,2,2,1,5,0,3,-1,3,3,5,4,1,0,5,2,2,1,0,5,-1,1,4,1,5,5,-1,0,1,2,1,-1,5,0,0,2,4,5,1,2,4,3,3,4,1,-1,-1,5,-1,-1,3,-1,-1,4,4,3,-1,-1,4,0,0,0
3085.26943406,2,5,5,1,0,0,2,1,1,3,4,3,-1,5,4,2,0,3,5,5,2,-1,2,0,0,3,2,1,2,5,4,5,5,2,0,2,-1,3,4,-1,0,3,0,0,-1,5,4,3,5,-1,4,4,-1,1,4,4,-1,4,1,-1,1,1,5,-1,0,-1,5,0,3,3,3,4,0,1,2,3,5,-1,3,3,1,1,3,-1,1,0,4,2,1,2
3057.24789754,3,1,-1,3,0,0,-1,4,2,4,4,-1,-1,-1,3,0,3,5,-1,2,2,3,2,0,5,1,2,1,0,5,3,2,1,4,-1,5,3,0,0,5,0,5,1,2,5,2,1,4,4,1,4,5,3,0,2,-1,-1,0,-1,3,1,3,3,3,5,-1,0,4,1,4,2,3,-1,-1,5,4,0,1,2,1,2,4,3,1,1,2,5,5,4,0
3082.56856307,4,0,3,4,-1,5,4,3,-1,1,4,0,0,3,3,0,0,4,5,0,4,5,-1,0,2,1,2,4,-1,4,-1,5,2,3,0,3,5,-1,-1,0,0,1,-1,5,0,-1,2,1,3,-1,5,5,-1,2,0,2,2,1,3,4,3,1,3,5,2,0,4,3,1,1,4,4,1,5,-1,2,2,-1,4,-1,5,2,5,5,3,1,1,3,2,2
3112.61575283,4,3,2,-1,5,5,-1,1,4,4,-1,0,-1,-1,1,0,-1,3,2,0,1,2,4,-1,2,-1,0,5,1,0,5,2,2,4,3,3,1,1,-1,0,1,2,0,0,2,4,2,3,-1,3,0,0,3,5,2,-1,1,-1,1,2,5,5,1,0,5,1,5,1,4,-1,1,3,2,4,4,0,3,1,-1,5,3,3,-1,-1,2,3,-1,4,3,0
3055.22224429,-1,2,4,2,0,1,-1,-1,3,0,3,5,1,5,-1,3,2,1,2,2,0,1,0,5,1,2,0,-1,4,1,4,-1,1,-1,4,-1,2,3,4,-1,1,4,0,1,4,-1,2,5,3,2,3,-1,5,5,4,1,5,-1,0,3,-1,4,1,0,5,0,2,-1,4,0,5,1,3,4,3,2,3,0,2,2,-1,3,4,-1,5,1,0,4,-1,1
3043.06832484,2,1,4,-1,5,2,-1,2,1,-1,1,4,3,5,2,3,0,0,4,2,0,3,0,4,0,2,1,-1,-1,2,1,3,3,4,2,1,-1,5,-1,-1,0,-1,3,4,0,4,2,3,4,0,1,2,3,5,1,-1,4,1,5,-1,-1,3,5,3,4,0,4,3,-1,1,5,-1,2,0,1,5,-1,4,4,0,1,-1,0,1,3,2,3,3,5,-1
3047.11963132,3,-1,4,0,3,-1,5,3,-1,5,-1,-1,0,5,1,1,3,-1,1,1,1,1,4,0,3,1,4,2,2,2,2,4,2,3,-1,2,0,5,4,4,3,-1,1,2,1,0,4,3,-1,-1,5,2,1,5,0,-1,3,0,4,1,-1,0,5,2,4,-1,3,3,3,3,5,1,-1,-1,0,2,4,-1,4,0,0,1,0,1,5,4,0,0,2,3
3033.61527637,1,-1,4,4,5,1,2,2,5,5,0,3,3,0,-1,1,3,4,3,1,1,-1,4,5,4,0,2,2,0,2,-1,5,0,5,4,3,-1,1,3,0,0,1,-1,1,3,0,5,0,0,-1,2,4,5,-1,5,0,-1,0,1,5,0,2,1,2,4,5,4,3,5,2,4,4,3,0,-1,1,2,-1,2,-1,1,3,3,3,1,3,1,2,4,3
2980.6106832,5,5,-1,1,-1,-1,0,0,5,5,0,5,5,3,2,-1,1,3,5,3,5,-1,-1,1,-1,4,-1,0,5,0,2,0,5,3,-1,0,4,4,-1,3,0,0,-1,2,1,5,4,-1,1,-1,-1,1,1,2,3,4,0,1,4,1,-1,2,-1,2,4,2,5,3,-1,3,3,2,4,1,4,-1,3,2,1,4,5,1,3,4,0,-1,0,2,3,1
3192.6290559,-1,0,-1,1,3,0,3,2,2,0,2,0,-1,-1,2,0,3,2,4,4,4,5,5,4,4,-1,5,-1,4,5,3,3,-1,3,1,3,3,1,1,4,3,5,5,1,0,0,1,4,1,2,-1,-1,0,2,4,2,0,2,0,1,1,2,1,2,-1,1,2,-1,4,-1,4,4,4,1,-1,5,0,4,0,3,-1,1,3,0,2,3,5,0,5,5
3201.74449549,1,3,3,5,0,3,1,2,0,-1,4,2,0,3,2,5,2,-1,5,0,0,0,-1,3,-1,5,0,4,5,-1,1,3,0,5,3,2,-1,-1,-1,4,5,-1,4,2,2,-1,0,0,-1,2,1,1,1,-1,0,2,4,1,2,2,3,5,3,4,4,1,3,3,1,1,1,5,4,3,2,0,1,0,4,1,2,5,2,3,4,0,-1,5,4,4
3095.39770027,2,2,1,0,-1,3,3,1,0,0,5,3,-1,0,4,2,2,1,-1,4,-1,1,4,-1,-1,3,4,5,4,0,-1,2,3,1,5,4,2,5,3,3,1,2,-1,3,4,1,4,2,0,5,1,-1,1,-1,3,1,0,5,3,1,4,4,5,2,3,-1,0,0,4,-1,5,0,4,3,2,2,0,1,4,2,5,3,2,0,5,1,3,1,5,4
3018.08526818,2,-1,1,-1,4,1,1,1,5,1,0,-1,-1,5,5,4,5,4,2,5,1,1,0,-1,0,4,5,0,0,5,3,4,3,5,-1,3,-1,-1,0,2,1,1,5,2,-1,2,3,-1,2,1,2,-1,-1,0,5,2,4,3,3,2,2,-1,0,3,-1,3,1,5,0,2,0,4,0,4,2,-1,1,-1,-1,-1,5,5,1,4,3,4,3,2,0,4
2992.08938491,5,-1,5,1,4,5,-1,1,0,5,5,-1,3,3,3,0,0,-1,5,4,4,2,2,0,4,-1,3,4,1,4,2,2,5,1,-1,0,-1,2,3,0,-1,2,0,5,0,3,2,5,-1,4,1,0,-1,3,3,5,1,4,1,-1,3,1,4,-1,0,2,4,1,-1,1,-1,3,2,1,4,5,3,1,4,-1,1,5,2,4,2,5,0,2,0,1
3019.43570368,1,-1,1,-1,4,4,-1,-1,3,3,3,2,5,1,4,-1,5,1,0,4,4,3,4,5,-1,3,1,-1,1,4,2,4,2,-1,2,0,2,4,5,2,5,2,5,3,2,-1,5,4,0,-1,1,1,0,3,4,1,5,0,0,4,3,2,1,-1,2,0,0,5,3,3,0,3,3,4,-1,2,2,1,1,4,-1,0,-1,-1,-1,0,5,1,0,-1
3057.92311528,-1,3,0,5,2,2,-1,1,4,3,2,4,0,4,-1,-1,0,1,1,2,1,-1,3,-1,4,1,2,5,4,0,2,1,3,5,2,2,4,0,-1,1,2,-1,5,2,4,0,0,3,3,5,0,5,1,5,0,0,-1,-1,3,4,3,5,4,-1,1,-1,3,3,3,4,1,5,4,4,2,0,3,0,0,2,0,2,5,1,1,1,4,2,3,5
3115.65423269,0,3,5,2,5,4,-1,1,2,4,1,5,3,5,-1,1,0,-1,2,3,0,5,3,2,1,0,4,1,-1,4,4,1,-1,4,-1,1,-1,-1,0,5,2,4,1,-1,1,5,4,5,-1,3,4,2,0,2,-1,3,-1,5,2,0,0,-1,0,1,3,2,0,4,2,-1,3,3,0,4,2,3,0,1,1,3,1,5,0,3,4,0,3,1,2,5
2875.61432347,1,0,4,-1,2,3,-1,4,4,3,2,-1,1,5,-1,3,2,4,1,-1,4,1,-1,-1,0,1,2,-1,4,5,-1,0,5,3,-1,2,5,-1,0,2,3,5,1,4,4,1,3,1,-1,0,2,1,1,4,-1,3,1,3,0,0,3,4,4,3,5,0,0,2,5,2,4,5,3,0,4,-1,3,-1,-1,5,0,2,2,-1,2,-1,1,-1,1,2
2961.3669774,4,0,5,4,2,2,0,-1,5,1,-1,4,1,2,-1,1,1,1,5,4,2,0,3,1,0,3,2,3,4,0,2,1,-1,0,0,-1,-1,4,5,-1,5,1,4,1,-1,3,3,2,-1,4,3,1,5,-1,5,1,-1,-1,3,3,-1,3,2,2,4,2,0,2,3,5,4,-1,0,4,0,4,3,0,-1,5,2,4,1,5,1,-1,3,0,2,5
3088.30791392,1,0,4,3,5,5,-1,4,1,3,0,5,4,0,2,2,0,4,5,2,2,4,2,1,5,5,4,-1,2,3,-1,1,5,-1,-1,2,1,-1,0,4,2,3,4,3,1,1,1,2,0,-1,-1,3,0,3,0,4,-1,1,1,-1,2,2,4,5,5,4,3,4,0,5,4,2,1,2,1,3,0,2,5,5,5,0,3,0,5,3,3,3,-1,-1
2983.98677194,4,-1,3,5,-1,0,-1,5,4,-1,1,-1,3,-1,5,4,5,0,-1,2,0,-1,3,3,-1,-1,1,1,2,4,3,0,-1,2,4,4,5,2,2,4,5,1,0,4,2,1,3,3,0,2,3,3,3,3,3,4,1,4,2,2,-1,2,1,5,2,1,5,0,4,0,1,0,-1,0,5,2,1,2,3,1,-1,4,0,-1,5,2,5,0,0,4
3111.26531733,3,4,4,3,2,1,0,-1,2,0,5,1,5,3,0,1,0,4,2,2,1,0,2,0,2,5,4,5,2,3,-1,1,3,1,4,5,-1,1,-1,4,2,-1,1,5,0,4,0,2,3,5,-1,0,0,5,-1,-1,3,3,-1,-1,2,-1,3,1,0,1,4,1,1,4,2,2,-1,0,4,3,5,2,3,3,-1,3,3,4,-1,1,-1,4,4,0
3049.14528457,0,0,3,-1,1,-1,1,4,5,3,0,2,2,1,-1,-1,3,2,0,0,2,2,-1,0,2,3,-1,3,4,0,3,1,4,1,3,1,5,5,5,0,3,2,1,2,2,4,4,0,4,5,0,-1,4,-1,4,5,1,0,2,3,-1,2,5,-1,4,3,4,2,-1,2,4,0,-1,0,1,5,1,5,3,1,3,5,3,0,2,4,-1,3,5,4
2978.92263883,5,-1,2,0,1,4,3,3,5,4,0,-1,2,5,-1,5,3,1,2,5,4,-1,3,5,-1,4,3,2,0,0,1,4,3,-1,4,2,5,3,3,4,-1,5,1,-1,2,4,1,3,-1,0,0,5,5,0,3,2,2,4,-1,5,1,2,3,2,-1,3,2,3,0,0,1,-1,1,-1,1,4,1,4,5,-1,5,2,0,1,1,1,4,-1,2,4
2997.82873576,3,-1,4,1,1,5,5,2,0,3,5,1,3,-1,0,-1,1,3,1,-1,5,2,3,2,3,0,4,-1,0,3,2,2,3,2,2,3,4,4,3,-1,5,1,0,5,5,4,2,-1,-1,0,4,5,1,-1,-1,2,0,3,3,4,0,1,0,-1,4,-1,4,3,1,4,1,1,0,3,1,2,-1,5,1,4,4,2,5,5,2,4,5,-1,0,2
3118.35510368,3,3,5,4,-1,4,-1,5,4,4,1,4,3,-1,-1,0,4,0,-1,4,4,5,1,-1,1,1,5,4,-1,-1,-1,2,1,1,-1,2,3,0,1,-1,-1,5,-1,0,2,2,3,2,1,3,0,1,5,5,4,5,2,0,0,0,0,4,-1,0,3,0,3,-1,-1,2,3,-1,0,3,4,4,3,5,2,3,2,1,2,2,5,1,4,1,0,3
2947.52501357,3,3,0,3,3,3,-1,0,2,3,5,1,1,-1,4,5,4,0,3,5,1,1,1,4,1,0,1,5,1,1,2,-1,3,0,2,-1,1,-1,-1,2,2,4,2,5,4,5,2,5,0,-1,4,5,5,3,4,5,0,5,4,4,2,3,-1,4,2,0,-1,2,0,-1,4,2,-1,1,-1,5,4,2,2,5,4,1,2,0,-1,1,0,-1,5,-1
3064.00007501,2,4,5,1,3,5,-1,0,-1,0,2,1,0,-1,-1,1,5,4,1,2,4,0,2,5,5,1,-1,-1,0,-1,-1,2,2,3,5,2,5,-1,4,3,1,-1,3,2,4,-1,1,1,0,1,1,-1,3,-1,0,2,3,1,2,4,-1,-1,1,4,5,4,0,-1,0,0,1,3,5,5,3,2,3,4,2,0,-1,4,0,1,3,4,2,0,4,2
3104.51313986,-1,3,4,0,2,0,4,3,4,0,3,2,-1,4,1,-1,2,-1,1,1,0,4,3,1,4,1,2,5,-1,2,5,5,1,5,0,-1,5,4,-1,-1,5,3,-1,4,1,0,0,2,-1,1,5,3,-1,1,-1,-1,5,3,3,1,4,4,0,0,2,-1,4,2,1,4,5,-1,3,-1,1,2,0,4,3,3,5,1,1,-1,0,2,0,3,2,2
2882.02889207,1,-1,4,2,2,3,2,2,-1,3,0,4,1,2,-1,5,1,-1,3,1,2,1,5,5,3,3,-1,3,5,0,4,3,3,-1,-1,-1,0,2,3,1,2,4,3,0,4,0,-1,-1,0,2,3,4,3,1,1,4,4,-1,4,1,4,2,5,5,0,-1,3,2,5,2,1,0,4,4,-1,2,-1,0,5,5,-1,5,3,-1,0,-1,5,5,0,1
2959.00371528,4,-1,2,2,-1,0,3,4,3,-1,5,3,1,5,1,0,0,5,4,0,1,-1,2,5,-1,-1,1,-1,2,5,-1,0,1,2,4,0,3,5,5,3,5,2,-1,2,3,-1,-1,4,3,-1,1,4,2,0,0,0,1,2,1,5,0,4,-1,4,0,0,2,2,3,2,4,-1,-1,-1,3,2,-1,3,0,3,3,0,-1,1,-1,2,4,-1,4,-1
2910.38803746,0,-1,2,3,1,0,-1,-1,1,3,2,1,0,3,5,3,1,0,4,0,0,-1,4,-1,-1,1,3,3,4,-1,0,5,5,-1,4,0,1,0,-1,1,3,4,3,4,1,3,-1,2,2,5,-1,1,3,3,2,3,-1,1,5,0,-1,0,4,-1,4,5,1,4,2,2,2,2,5,0,1,5,2,1,0,-1,5,3,4,4,4,-1,5,1,5,0
3110.25249071,-1,1,5,-1,5,3,0,4,-1,3,4,-1,5,2,0,2,3,5,0,2,1,3,1,1,3,5,1,4,4,2,5,3,3,2,1,4,4,2,4,5,-1,-1,2,2,3,0,-1,1,2,4,3,-1,3,-1,5,1,1,0,4,0,5,0,1,2,0,0,1,-1,5,4,-1,5,5,5,0,3,0,-1,0,1,3,4,-1,2,3,0,0,1,3,4
2986.68764293,-1,3,3,2,1,3,1,3,4,2,3,5,4,-1,0,-1,0,-1,1,4,4,3,2,4,1,4,4,2,3,5,2,5,-1,-1,-1,-1,2,-1,5,5,3,3,0,1,1,2,5,0,-1,0,-1,1,2,0,5,4,-1,3,-1,2,0,0,1,0,3,-1,4,4,4,0,2,-1,1,2,2,4,1,5,1,1,5,3,5,4,-1,2,1,-1,5,-1
2997.49112689,1,-1,3,3,-1,0,-1,3,2,4,2,-1,4,3,0,0,1,4,5,2,4,5,5,-1,-1,2,2,2,2,0,-1,0,5,4,3,4,3,-1,2,-1,1,3,4,0,-1,5,0,0,2,2,3,-1,0,3,1,1,4,1,2,2,1,1,2,-1,4,4,3,5,1,0,1,5,-1,4,0,0,5,-1,1,-1,4,1,0,3,1,-1,0,-1,-1,1
3069.73942586,5,0,4,-1,-1,3,-1,3,2,-1,5,4,2,5,0,2,3,1,5,1,2,5,4,4,2,2,-1,0,2,-1,5,4,1,5,2,1,4,0,0,4,0,3,2,4,3,-1,4,1,-1,1,0,1,0,0,5,0,2,5,4,3,4,3,5,3,2,-1,3,-1,-1,-1,1,4,0,-1,1,5,5,1,3,0,4,1,0,1,3,3,1,3,3,2
3008.96982859,2,-1,0,0,1,0,3,2,-1,1,2,0,5,-1,5,-1,3,5,1,2,4,-1,4,1,1,-1,3,0,3,2,5,4,1,4,0,5,-1,4,2,0,-1,2,4,4,-1,3,3,3,4,1,-1,5,3,0,5,0,1,4,0,-1,2,4,4,1,2,4,3,0,5,1,-1,5,2,1,2,3,4,5,5,0,1,3,0,2,5,2,3,3,-1,3
2982.97394531,3,4,3,0,3,1,-1,4,3,-1,5,3,1,-1,4,-1,1,0,4,3,4,4,2,0,0,-1,3,1,2,1,5,1,3,2,0,-1,4,3,0,-1,4,-1,1,0,5,3,0,3,2,-1,0,5,-1,0,1,2,4,4,5,5,0,4,-1,3,5,2,1,1,2,4,2,0,2,1,5,1,0,5,2,4,5,5,-1,-1,2,4,5,2,1,-1
2972.50807023,1,1,-1,1,5,-1,4,1,1,0,2,4,0,3,3,2,-1,2,4,2,3,3,5,0,4,5,3,-1,3,1,1,5,3,1,0,2,3,3,4,3,5,5,0,1,4,0,4,2,2,0,4,4,5,-1,0,5,2,1,2,3,5,0,-1,5,-1,4,0,2,4,5,5,-1,1,-1,-1,-1,4,0,-1,-1,3,0,-1,2,-1,-1,0,2,2,-1
2982.97394531,1,0,0,3,2,1,-1,1,-1,-1,0,0,1,3,2,1,4,0,4,4,4,-1,4,3,4,1,-1,2,-1,5,2,4,2,5,3,0,2,5,5,4,-1,0,5,1,2,5,-1,0,3,2,4,1,2,-1,5,-1,-1,5,3,1,-1,1,3,4,1,3,2,0,0,2,5,-1,-1,1,4,0,2,5,1,-1,0,5,4,2,3,3,0,5,3,-1
3057.24789754,1,5,0,1,2,2,2,-1,3,4,1,4,4,5,-1,-1,3,1,3,4,3,3,4,0,1,2,-1,-1,5,2,0,0,2,0,1,4,2,1,3,3,5,4,5,2,3,2,2,4,4,-1,3,3,0,1,4,3,4,-1,0,3,5,1,1,-1,3,5,-1,5,-1,5,1,1,2,-1,2,0,-1,5,-1,4,5,0,-1,4,0,0,1,-1,0,2
2986.68764293,1,3,5,0,4,5,2,0,5,-1,-1,1,0,0,5,0,3,-1,3,3,4,3,1,4,3,2,5,0,3,5,3,-1,-1,1,1,5,4,2,4,-1,-1,2,1,3,0,1,1,4,0,-1,2,5,1,5,2,3,-1,3,0,0,4,0,0,-1,4,2,5,4,4,2,5,-1,-1,-1,1,1,3,0,-1,2,2,0,2,2,3,-1,-1,1,4,-1
3067.71377262,3,3,-1,3,4,4,3,0,-1,2,-1,1,-1,5,-1,1,1,-1,1,2,0,5,2,1,-1,-1,1,4,0,5,4,4,2,0,-1,-1,4,1,-1,2,1,1,1,5,3,1,-1,2,5,5,2,2,2,3,0,0,2,0,4,0,5,2,4,-1,0,0,4,5,4,4,3,2,0,1,3,0,3,2,4,4,3,1,3,4,2,3,-1,5,0,5
3099.44900675,4,5,2,-1,3,-1,0,-1,4,1,2,2,5,5,2,3,0,3,2,3,0,4,2,0,1,1,5,3,5,4,1,4,5,2,2,0,1,4,-1,1,4,-1,0,-1,0,-1,5,3,4,4,2,0,3,5,-1,1,4,0,4,1,1,5,-1,3,-1,-1,-1,5,3,1,-1,1,4,-1,5,0,2,2,3,2,-1,5,-1,3,0,3,0,5,0,2
3044.41876033,1,0,5,0,3,5,0,5,2,0,4,1,5,-1,3,-1,-1,5,1,5,2,4,0,3,3,4,1,0,3,-1,-1,2,2,-1,2,-1,-1,2,-1,0,4,1,-1,2,1,3,2,5,0,1,3,4,2,0,4,3,4,2,3,3,5,-1,1,4,-1,5,1,4,1,0,0,4,1,1,3,-1,2,4,3,3,1,5,0,-1,5,2,4,4,3,2
3112.61575283,2,1,2,4,0,2,-1,2,3,0,1,3,-1,5,4,3,-1,2,5,5,4,2,1,-1,5,5,0,-1,1,-1,-1,1,3,5,5,0,-1,1,2,2,-1,3,4,4,2,4,-1,0,2,4,0,-1,0,5,5,1,3,3,0,1,0,4,5,0,1,-1,1,-1,-1,1,2,3,0,2,-1,4,4,0,1,1,3,2,5,5,0,4,3,3,4,4
3155.15447092,2,2,4,-1,-1,-1,-1,0,-1,-1,0,3,4,-1,3,1,3,3,1,5,5,5,2,2,1,-1,0,2,2,0,0,5,3,3,5,3,5,4,5,1,0,5,1,3,1,-1,1,3,4,4,5,1,5,-1,2,3,1,-1,0,0,2,3,5,0,1,0,0,2,4,2,-1,-1,3,1,4,1,0,1,4,4,2,2,1,3,4,4,2,-1,-1,5
3075.81638559,3,0,2,2,1,5,5,2,4,0,4,4,4,3,3,1,3,0,3,4,-1,1,2,-1,1,4,4,1,-1,-1,2,5,0,0,2,1,1,3,0,2,4,0,5,-1,5,5,-1,1,-1,-1,4,3,1,-1,-1,-1,1,2,3,0,1,5,-1,-1,2,1,2,-1,4,2,4,5,3,5,0,5,4,3,2,3,0,3,1,2,4,5,5,0,2,0
3012.6835262,2,4,-1,4,3,-1,-1,2,2,0,1,-1,3,1,2,0,4,-1,-1,4,5,4,4,-1,2,1,1,0,3,0,4,3,-1,5,-1,1,2,0,2,5,-1,5,-1,1,5,5,4,-1,0,2,2,1,4,4,-1,-1,1,5,-1,3,4,0,3,2,-1,-1,-1,5,1,1,3,5,5,0,0,1,0,4,3,3,-1,3,0,1,4,2,-1,2,0,5
3117.34227706,5,-1,0,5,3,0,1,2,1,1,0,4,5,3,1,5,1,2,2,0,4,3,0,2,-1,2,5,0,2,0,2,4,2,-1,4,1,4,2,3,4,0,2,-1,1,3,0,-1,-1,1,5,1,3,3,3,-1,5,4,5,-1,5,4,3,5,-1,-1,3,2,2,4,1,1,-1,3,1,0,2,4,3,2,0,-1,0,1,4,0,-1,4,-1,-1,5
3028.55114327,3,-1,1,-1,2,-1,5,4,2,-1,2,0,1,1,4,1,3,4,4,5,3,1,3,5,5,5,3,0,2,3,4,4,1,3,2,4,2,3,5,3,0,2,2,2,2,-1,0,-1,1,0,3,-1,0,-1,0,5,3,5,2,-1,4,4,3,0,3,5,0,4,-1,0,-1,4,-1,4,0,1,1,2,5,-1,5,1,1,0,4,2,-1,5,5,0
2914.10173507,3,1,2,5,3,2,-1,-1,3,-1,5,2,0,2,4,2,-1,1,1,5,5,2,-1,1,-1,3,4,1,1,3,2,4,0,4,5,1,5,3,-1,4,5,-1,5,-1,4,-1,-1,-1,4,0,5,2,4,-1,0,-1,0,5,1,-1,2,0,3,2,-1,2,1,3,3,1,0,-1,5,4,0,5,-1,-1,4,2,5,1,0,-1,0,0,4,0,3,1
2820.92168592,3,5,-1,1,5,-1,5,-1,-1,0,0,5,2,0,3,4,2,2,5,2,5,4,-1,4,0,5,4,-1,2,3,4,5,3,1,5,-1,3,2,2,1,4,0,3,5,-1,2,3,0,-1,-1,-1,4,0,3,3,1,-1,0,1,2,-1,2,-1,1,0,0,1,-1,2,0,2,-1,5,3,1,4,-1,3,3,-1,5,0,2,4,3,3,4,5,4,2
3008.96982859,4,0,1,1,4,0,2,0,1,4,0,-1,2,-1,2,5,2,4,0,1,4,0,4,3,1,4,5,3,2,1,-1,4,5,5,2,5,3,3,5,-1,0,3,-1,2,3,2,-1,2,5,-1,0,-1,1,5,-1,0,1,3,3,5,1,1,1,2,0,1,4,2,5,2,-1,-1,3,0,0,4,4,0,-1,0,2,3,-1,5,4,5,4,-1,3,-1
3081.89334532,-1,4,-1,5,0,0,-1,1,5,1,2,0,2,4,3,4,4,0,-1,5,-1,0,2,4,1,1,0,2,0,0,0,1,1,3,1,4,0,3,-1,-1,-1,2,3,2,-1,-1,1,0,1,-1,5,-1,3,3,2,3,4,-1,2,2,3,4,0,0,3,-1,5,2,-1,4,-1,5,5,3,-1,3,4,2,5,4,4,5,2,1,1,5,1,5,2,1
3084.59421631,-1,-1,2,5,-1,-1,-1,0,-1,-1,-1,4,1,0,1,1,-1,3,3,1,4,4,3,0,1,1,3,-1,5,5,-1,-1,0,5,0,2,0,-1,4,1,5,5,4,4,2,-1,1,0,-1,4,2,3,0,2,2,-1,4,4,5,1,2,3,2,1,1,2,2,0,2,0,0,0,3,1,3,1,2,4,2,4,4,1,3,3,5,3,3,1,4,3
3115.65423269,2,0,-1,-1,4,0,-1,1,3,4,1,1,5,4,1,1,4,-1,3,1,-1,-1,3,0,1,3,0,1,-1,5,2,3,2,-1,2,1,-1,-1,-1,4,0,-1,-1,3,1,1,3,-1,2,0,4,5,3,1,1,2,4,0,5,5,-1,0,0,4,5,0,-1,2,4,2,-1,3,0,5,3,1,3,0,2,2,4,4,3,2,0,-1,-1,-1,5,2
3001.88004224,-1,0,3,1,2,5,0,4,0,3,1,-1,1,-1,1,4,3,5,-1,1,2,3,3,3,0,2,4,4,-1,-1,4,3,0,-1,-1,1,4,2,-1,3,2,3,1,4,4,-1,-1,0,3,4,1,1,3,2,-1,2,5,2,1,2,1,1,5,5,2,4,2,2,4,0,0,1,5,-1,3,4,-1,5,0,-1,-1,2,3,-1,-1,-1,5,2,0,-1
3002.89286886,0,3,-1,1,-1,3,1,4,0,0,0,0,2,-1,1,-1,5,2,5,3,1,1,2,5,1,1,2,0,3,3,4,4,-1,2,4,4,-1,3,5,2,3,0,4,4,-1,5,-1,2,0,-1,-1,2,0,4,-1,-1,-1,0,0,-1,1,4,4,3,1,2,2,3,0,0,3,5,3,4,4,2,5,-1,3,3,5,5,1,5,5,2,4,1,1,-1
2904.31107773,5,1,-1,-1,3,1,5,3,1,4,5,4,1,-1,3,4,1,2,2,3,0,3,-1,1,5,2,3,4,0,5,4,-1,-1,5,-1,4,-1,0,0,-1,2,-1,0,1,5,2,4,-1,1,5,0,5,2,-1,1,4,4,2,2,-1,1,3,3,-1,0,-1,5,-1,3,4,2,5,0,0,3,1,4,0,0,2,3,-1,0,4,-1,0,1,0,4,3
2969.80719924,2,2,1,2,0,0,-1,4,3,2,1,5,1,4,-1,-1,0,3,1,-1,-1,1,0,4,-1,3,2,4,-1,5,3,5,2,0,4,4,0,4,4,1,0,0,5,0,2,2,3,4,-1,-1,0,3,1,2,-1,5,-1,1,3,1,3,0,5,5,5,5,-1,0,-1,1,3,1,5,4,1,2,3,2,5,2,1,4,5,4,3,4,0,5,-1,3
3006.94417535,4,-1,0,3,3,0,-1,0,2,-1,4,0,0,4,-1,3,4,3,4,0,0,1,4,4,1,2,-1,1,2,-1,-1,1,4,2,1,2,-1,-1,1,4,4,3,-1,5,-1,-1,-1,5,5,3,5,2,2,3,2,-1,0,4,0,0,2,2,3,3,2,5,5,2,-1,5,4,5,0,5,1,0,-1,2,-1,2,1,0,3,-1,4,3,1,4,3,0
2905.9991221,5,5,4,-1,4,3,-1,2,2,3,3,2,4,-1,-1,1,5,3,-1,-1,5,3,0,4,5,4,2,1,3,5,0,1,3,4,1,4,2,0,2,2,1,5,0,2,-1,2,-1,4,4,1,1,1,4,2,1,4,-1,3,3,5,0,2,1,-1,-1,5,4,-1,4,0,1,0,5,0,0,3,-1,5,3,3,-1,0,1,3,3,2,0,5,5,-1
3053.53419993,0,3,-1,5,-1,1,-1,5,1,3,5,3,2,-1,0,3,2,1,0,4,4,1,2,2,5,2,3,-1,-1,1,2,1,4,5,2,2,4,2,4,1,4,2,3,3,3,5,0,5,-1,5,0,-1,-1,1,0,3,4,1,3,0,1,4,3,3,0,0,4,1,-1,-1,-1,-1,0,4,3,0,-1,0,4,-1,0,4,4,-1,4,2,-1,1,0,2
3153.80403542,1,1,4,-1,0,-1,3,1,-1,1,-1,5,2,1,4,3,1,2,0,1,-1,2,5,4,4,4,3,-1,1,-1,5,4,5,2,3,4,3,4,5,2,3,3,4,2,2,1,1,2,4,-1,0,-1,2,0,0,5,0,-1,1,3,5,2,5,0,2,0,5,1,0,0,-1,3,5,0,2,5,4,-1,4,1,0,5,3,3,3,1,4,1,-1,2
2973.52089685,3,1,2,2,0,1,1,5,-1,-1,4,3,0,4,5,-1,5,2,-1,0,1,1,-1,5,4,0,4,0,4,0,1,4,3,5,3,1,-1,3,5,5,5,1,5,-1,4,0,0,0,-1,1,0,4,2,2,5,3,1,0,3,1,3,2,4,2,3,-1,-1,3,2,3,3,-1,4,2,-1,4,-1,2,3,3,5,5,4,0,5,2,-1,4,2,1
2972.17046136,-1,5,-1,1,-1,2,4,3,3,1,-1,1,5,-1,2,2,3,3,0,-1,-1,4,2,4,-1,1,1,5,3,-1,2,2,5,4,4,2,-1,-1,3,0,4,0,2,0,4,1,0,2,0,4,0,1,2,-1,1,4,4,1,3,5,0,3,1,-1,2,5,3,1,2,-1,-1,0,5,0,3,0,3,2,4,5,3,2,3,4,-1,4,5,5,3,1
3199.0436245,-1,1,1,5,-1,-1,3,5,3,2,2,4,4,1,3,1,0,5,0,4,3,3,2,4,3,-1,5,4,1,2,-1,5,1,5,4,4,-1,1,5,0,3,5,-1,1,2,5,4,3,-1,-1,0,4,3,-1,1,0,2,-1,0,1,2,2,3,0,4,2,5,2,3,3,0,2,4,0,2,3,-1,4,0,1,1,2,1,-1,4,1,0,0,3,0
3089.65834941,1,4,2,0,5,1,-1,2,5,-1,-1,-1,4,3,0,1,1,1,0,4,0,5,2,0,5,-1,4,-1,-1,2,3,-1,3,1,5,2,0,3,1,1,0,-1,1,0,-1,5,3,2,3,0,5,2,3,4,-1,-1,2,0,2,1,-1,3,2,2,4,5,-1,3,4,2,5,4,0,0,1,5,1,1,5,3,-1,1,4,3,3,4,0,2,4,3
3190.60340266,4,3,3,0,2,0,1,-1,5,-1,0,3,4,-1,1,3,0,0,2,0,2,2,5,0,-1,3,0,4,1,1,5,3,1,5,2,1,4,4,1,0,2,2,2,3,1,-1,5,5,-1,5,5,3,4,4,4,3,5,4,0,3,2,0,1,1,3,-1,0,0,5,-1,4,1,1,3,4,1,3,-1,-1,5,4,0,3,4,2,5,2,2,-1,0
3016.39722381,5,0,5,3,4,0,-1,0,1,-1,-1,2,0,-1,2,1,2,5,5,5,0,-1,2,5,3,1,3,1,2,3,-1,3,2,2,4,3,0,-1,2,3,2,1,-1,1,3,5,-1,0,2,1,4,3,0,-1,4,3,2,-1,-1,1,5,3,4,4,1,1,1,0,4,0,2,0,0,5,-1,3,5,2,3,3,4,1,4,0,5,1,4,-1,5,-1
2933.68304975,3,5,4,0,0,-1,-1,3,4,-1,-1,0,1,1,1,1,0,-1,1,-1,2,1,2,5,2,1,1,3,2,0,-1,1,3,3,4,3,5,3,5,1,4,1,2,2,-1,4,-1,3,-1,-1,-1,3,5,2,0,-1,4,5,-1,2,2,2,1,3,5,-1,1,3,2,4,4,2,0,3,0,5,4,0,4,0,0,2,4,0,5,4,5,2,5,4
3012.34591733,1,0,0,1,2,1,0,-1,3,-1,3,2,3,1,5,4,1,3,4,-1,-1,-1,3,-1,5,5,1,-1,5,-1,-1,5,3,0,4,2,1,-1,4,3,2,5,4,4,2,-1,2,0,0,3,1,-1,5,2,-1,5,1,2,0,0,4,3,3,4,0,5,-1,1,2,2,5,2,4,-1,2,2,0,1,1,-1,4,-1,2,5,1,4,0,3,0,-1
3021.12374805,5,5,-1,4,-1,1,4,1,0,-1,5,3,0,1,-1,3,3,0,1,5,1,4,-1,-1,1,4,4,-1,5,4,1,1,3,-1,4,-1,0,4,4,4,0,2,2,5,0,-1,5,5,3,1,0,2,1,-1,2,-1,3,0,5,0,2,1,3,4,-1,2,4,0,3,5,2,1,5,-1,-1,1,3,0,-1,1,0,0,5,2,0,2,3,2,5,2
3121.05597467,1,4,0,2,5,1,-1,-1,1,2,1,0,5,4,3,2,4,4,5,4,3,4,1,5,0,-1,2,-1,0,5,0,2,1,3,2,-1,-1,1,-1,1,5,4,0,1,2,5,-1,-1,2,2,4,5,3,0,5,4,3,1,3,0,0,1,3,2,5,5,0,-1,3,2,-1,0,0,-1,3,1,4,4,1,2,0,5,3,-1,4,3,1,3,3,4
2967.10632825,-1,0,3,3,0,4,-1,4,0,0,-1,2,1,1,0,4,0,4,2,2,4,-1,-1,0,2,1,1,4,4,3,0,-1,5,0,3,-1,4,-1,2,2,0,-1,0,2,2,4,2,5,-1,4,-1,-1,5,-1,0,1,3,5,2,5,3,1,5,3,2,-1,2,2,1,5,3,5,4,3,-1,1,4,-1,1,5,1,5,-1,2,3,5,3,2,4,1
3072.44029685,3,4,1,3,4,4,1,3,-1,4,0,5,-1,4,3,5,4,4,2,0,-1,-1,0,1,4,4,0,1,0,5,4,-1,1,3,0,4,3,2,1,-1,0,-1,2,0,1,1,5,3,5,-1,2,-1,4,5,1,1,3,3,-1,2,3,2,5,2,4,2,-1,4,3,5,5,2,2,3,1,5,1,1,-1,0,0,0,0,-1,2,3,0,5,-1,2
3002.89286886,0,5,-1,1,2,1,5,2,-1,-1,5,3,0,0,1,-1,4,3,0,3,-1,1,3,0,4,4,-1,3,-1,0,3,1,4,5,1,2,2,5,0,-1,3,3,0,0,5,3,2,5,-1,-1,0,2,-1,2,4,4,1,0,5,4,2,4,4,4,2,1,3,-1,5,4,1,5,4,5,2,0,2,0,2,-1,1,1,-1,3,4,3,-1,1,3,1
3025.51266341,2,1,-1,3,2,1,2,1,5,5,1,-1,4,0,-1,1,-1,4,3,-1,0,4,2,4,5,-1,4,-1,3,1,1,-1,2,5,4,4,3,-1,3,3,1,2,-1,0,-1,-1,0,2,4,0,0,0,4,2,-1,5,-1,5,-1,4,4,3,0,3,1,5,0,1,3,1,1,0,2,0,3,5,3,2,3,1,2,-1,4,4,0,4,0,5,3,2
3121.39358355,-1,4,4,1,1,4,4,5,-1,1,4,1,-1,-1,4,3,2,0,-1,3,3,5,3,-1,1,0,1,-1,0,5,0,1,1,3,0,0,4,2,-1,5,2,-1,-1,2,3,-1,2,5,4,1,3,1,5,-1,2,5,4,5,2,4,-1,2,3,3,4,-1,-1,1,2,5,4,0,0,0,1,3,2,1,2,2,3,-1,0,3,0,3,2,2,3,0
3100.46183337,3,4,-1,-1,3,-1,2,2,2,2,0,1,3,2,0,5,4,5,3,0,3,3,4,0,3,5,1,5,5,3,1,0,2,1,1,5,0,4,-1,4,2,-1,-1,-1,1,4,1,-1,1,4,-1,5,4,0,1,3,-1,-1,5,1,1,2,0,5,3,3,-1,-1,-1,4,5,2,4,5,-1,3,-1,2,4,0,0,4,5,0,4,1,0,0,3,-1
2981.62350982,2,1,-1,2,0,1,2,-1,-1,0,3,-1,2,-1,4,0,-1,4,0,2,5,2,2,5,3,2,0,-1,-1,-1,3,2,4,4,3,1,-1,2,4,0,4,5,3,5,1,5,2,2,0,5,-1,0,0,5,4,3,-1,3,4,0,1,5,3,4,5,5,1,3,-1,3,0,2,4,3,1,-1,-1,0,1,4,3,1,5,1,-1,1,4,1,0,-1
3196.68036239,3,3,2,5,1,3,-1,-1,0,4,1,3,-1,5,-1,-1,3,3,2,0,1,5,4,5,4,2,-1,1,-1,-1,1,2,4,-1,4,3,3,-1,3,5,4,2,-1,0,1,4,0,1,2,-1,-1,1,5,0,1,3,0,2,5,0,0,1,4,2,1,0,-1,3,-1,5,0,2,0,3,3,4,4,2,1,3,5,0,4,0,5,5,2,5,1,4
3089.99595829,1,5,2,5,2,3,-1,1,3,5,-1,3,1,1,-1,1,1,4,0,0,1,2,-1,4,0,-1,0,4,-1,-1,0,1,-1,4,5,0,3,2,2,1,4,5,5,4,2,2,4,5,2,5,5,1,1,0,0,0,4,5,-1,-1,4,0,0,-1,2,3,5,4,-1,1,0,3,1,-1,-1,0,4,4,0,1,3,2,5,-1,3,2,2,3,3,3
3053.19659105,2,-1,3,2,5,-1,-1,2,1,-1,-1,3,5,0,1,1,0,4,1,2,-1,0,0,4,0,2,5,4,4,3,2,4,3,2,2,5,0,-1,-1,2,0,2,1,3,1,3,5,0,4,-1,4,0,0,4,5,3,0,4,3,3,1,1,3,2,-1,-1,-1,2,-1,5,5,4,5,-1,5,3,4,3,0,4,-1,3,1,0,1,1,1,3,4,5
3004.91852211,-1,-1,4,4,4,0,1,1,1,0,-1,0,4,3,1,-1,-1,5,3,1,-1,5,3,3,2,2,4,0,1,-1,4,2,-1,2,-1,2,1,5,1,2,-1,0,1,1,2,3,3,-1,3,5,0,4,0,2,2,5,4,0,0,3,5,1,2,-1,4,0,4,1,4,-1,-1,5,5,0,1,0,3,0,5,4,0,3,-1,-1,2,5,2,3,-1,3
3103.16270436,-1,5,0,2,5,1,5,1,3,-1,2,4,5,1,-1,4,4,3,3,2,4,2,0,2,4,3,2,-1,3,-1,1,-1,3,0,2,-1,-1,1,0,3,4,-1,4,3,0,0,1,4,1,0,3,4,0,-1,-1,4,2,1,1,0,0,2,0,0,4,2,3,0,3,5,5,-1,1,4,3,2,4,5,2,2,1,1,-1,4,5,-1,3,2,-1,-1
3082.56856307,5,5,1,3,1,-1,0,2,-1,5,-1,5,4,4,1,2,4,3,0,0,-1,0,3,4,1,3,1,-1,5,0,-1,0,2,1,3,0,4,-1,2,2,0,1,3,3,5,2,0,-1,3,4,5,2,-1,-1,3,5,4,2,-1,3,1,4,3,5,4,5,-1,0,4,1,2,1,0,1,-1,5,4,3,0,1,2,0,4,2,2,-1,3,-1,2,-1
3067.03855487,0,4,4,0,3,5,0,3,0,2,-1,0,0,5,0,1,3,1,0,4,-1,5,4,2,1,2,5,5,3,2,5,5,4,-1,4,-1,-1,4,3,-1,1,-1,1,1,0,2,-1,2,0,1,1,2,4,4,1,5,4,3,2,2,5,-1,3,3,4,5,0,4,5,-1,-1,3,4,-1,1,0,1,2,3,5,5,3,3,1,3,3,1,2,-1,2
3102.82509549,-1,-1,4,1,5,4,-1,0,5,0,3,5,2,-1,3,0,0,1,5,2,4,1,-1,4,4,1,5,1,-1,2,5,3,4,3,2,-1,0,-1,4,0,3,-1,-1,3,2,3,1,4,1,0,2,2,3,0,1,5,-1,2,0,0,5,1,3,1,3,2,2,2,-1,4,2,1,0,5,4,-1,3,3,-1,4,4,4,5,0,4,0,1,-1,3,3
2953.6019733,3,4,5,0,4,-1,0,3,-1,-1,0,4,4,0,4,-1,0,1,1,2,4,3,3,4,5,4,3,2,0,2,-1,-1,0,1,1,2,0,5,1,3,1,5,0,-1,5,2,1,0,4,-1,4,-1,3,5,-1,3,-1,-1,2,1,2,5,0,-1,-1,-1,3,0,4,2,2,3,3,1,2,2,1,3,5,3,4,1,3,3,4,2,2,-1,5,0
3076.49160334,2,5,5,1,-1,3,-1,2,2,-1,-1,5,1,3,2,4,0,0,0,5,2,5,0,-1,5,4,1,0,4,0,5,1,4,1,4,3,4,0,2,4,4,5,-1,1,-1,5,5,-1,4,2,1,-1,0,5,2,0,3,4,1,2,1,2,1,3,2,-1,-1,1,0,3,3,3,5,0,2,1,2,3,3,4,0,3,1,3,4,4,-1,4,1,0
3144.01337809,0,5,3,2,1,-1,3,4,3,4,3,-1,0,-1,0,3,0,5,4,3,3,2,4,1,1,-1,5,1,4,2,3,5,0,-1,-1,0,5,0,3,4,-1,4,1,-1,2,2,5,1,-1,1,1,0,-1,5,-1,-1,3,2,0,5,2,0,2,1,1,4,0,0,2,-1,5,2,1,2,4,2,0,0,-1,5,4,0,3,1,3,5,4,-1,4,2
3140.29968047,5,4,3,-1,1,3,1,-1,2,2,2,5,2,3,1,3,4,4,3,1,-1,0,5,5,0,3,-1,5,-1,5,2,2,-1,0,5,1,3,3,-1,1,5,0,4,4,4,4,0,2,2,1,5,0,4,4,4,1,-1,4,0,3,5,3,1,2,3,-1,1,-1,-1,0,0,4,5,3,2,4,0,0,2,3,-1,0,3,0,5,-1,-1,5,1,2
2934.3582675,-1,2,5,-1,3,0,0,0,4,5,3,-1,2,1,-1,4,3,-1,1,2,-1,0,-1,-1,2,3,5,5,0,5,-1,-1,3,1,0,-1,2,4,-1,3,0,4,0,2,4,0,0,1,-1,2,4,1,0,4,4,5,3,1,5,5,0,2,1,3,2,-1,5,3,3,3,5,4,1,1,1,-1,4,2,4,3,2,1,3,0,5,0,3,5,4,1
3083.58138969,2,2,-1,3,3,5,1,5,0,2,-1,2,3,-1,5,1,2,-1,0,5,5,3,1,0,5,-1,5,-1,3,0,-1,2,3,1,3,-1,4,4,2,1,4,5,3,5,0,-1,-1,5,5,5,2,2,0,3,1,2,2,-1,4,0,4,3,0,1,0,4,0,5,5,-1,0,2,3,4,4,0,0,4,2,1,4,1,1,-1,3,4,1,-1,1,-1
3035.97853849,4,1,1,4,4,1,5,-1,4,3,1,-1,5,5,2,1,1,5,2,5,-1,2,-1,0,3,2,1,0,2,4,5,-1,1,-1,2,-1,-1,-1,4,-1,5,0,4,4,1,2,4,1,5,2,3,-1,3,1,-1,3,-1,-1,5,3,5,2,3,3,3,3,3,4,1,0,5,2,4,2,5,1,0,4,1,2,4,0,3,0,0,2,2,3,0,0
3035.64092962,3,5,0,5,4,4,3,0,-1,-1,5,2,-1,1,4,3,2,1,1,0,1,0,2,2,1,0,4,3,1,2,4,-1,1,4,0,4,1,-1,0,4,4,5,-1,3,2,1,4,1,2,5,-1,-1,0,2,5,3,-1,5,-1,0,0,3,1,3,5,2,5,4,0,2,-1,0,4,2,3,0,5,-1,-1,5,2,0,5,2,5,3,1,-1,-1,1
3087.2950873,4,4,1,5,5,1,-1,1,3,2,-1,1,3,2,5,5,2,4,0,-1,1,5,0,1,-1,5,3,2,2,-1,-1,3,5,0,-1,3,4,-1,0,0,0,5,-1,0,2,-1,4,3,4,0,-1,2,-1,2,4,1,5,1,4,3,1,4,2,0,0,0,1,1,4,5,2,3,4,-1,2,3,4,-1,4,2,3,2,1,5,-1,5,3,1,1,0
2938.40957398,-1,3,1,5,3,1,2,-1,1,0,-1,4,2,2,2,2,-1,5,5,2,5,3,3,4,0,4,1,0,-1,-1,3,1,5,-1,1,3,3,3,-1,5,-1,2,2,4,-1,1,3,4,5,-1,5,4,2,0,4,5,1,0,-1,-1,1,5,2,4,2,4,1,-1,4,2,5,1,0,3,0,0,0,3,3,1,4,1,4,4,-1,0,-1,3,-1,5
3106.5387931,4,5,-1,5,-1,4,0,2,5,-1,3,3,4,4,4,0,1,-1,2,-1,5,2,2,0,0,3,-1,3,4,1,1,3,1,0,-1,0,4,1,-1,1,3,-1,3,0,-1,4,4,2,5,3,2,4,2,1,3,5,5,3,1,1,0,3,1,-1,1,0,-1,3,2,4,-1,4,4,2,3,0,1,0,3,0,5,2,-1,2,0,5,-1,1,5,-1
2866.83649275,5,4,1,5,5,2,3,0,3,4,2,-1,2,1,-1,0,5,4,-1,1,3,5,1,2,2,0,5,-1,5,3,5,-1,-1,4,2,1,-1,2,0,5,-1,0,-1,-1,4,0,0,3,4,2,5,-1,1,1,1,3,3,4,3,4,0,-1,1,-1,5,3,2,4,4,0,0,5,4,-1,0,-1,1,2,3,1,4,-1,3,4,1,2,3,2,1,-1
2961.70458627,4,0,0,2,5,1,-1,1,3,1,4,-1,4,0,2,5,5,1,4,4,4,5,3,-1,2,0,4,3,2,2,2,3,3,1,2,5,0,2,3,0,0,1,4,1,-1,0,1,2,-1,4,4,3,3,-1,-1,1,1,-1,5,5,0,3,5,4,-1,-1,1,5,0,2,4,0,-1,5,2,5,4,2,0,3,2,0,2,1,-1,-1,3,1,3,5
3212.88558833,-1,2,0,-1,2,3,0,0,2,0,1,2,-1,4,0,1,4,1,3,1,4,-1,2,5,3,5,4,1,5,0,5,-1,3,3,5,4,-1,4,1,4,-1,5,3,0,4,3,3,-1,-1,4,0,2,-1,1,0,2,5,5,2,2,-1,1,3,3,1,4,0,0,3,-1,4,0,5,-1,4,0,1,1,1,3,4,5,0,2,-1,2,-1,3,1,2
3105.86357535,2,2,-1,0,5,0,-1,0,3,3,-1,3,-1,3,3,4,4,5,5,0,3,-1,0,2,2,-1,4,2,4,-1,-1,3,4,3,0,4,1,2,1,1,4,3,-1,1,5,5,4,1,0,2,4,0,2,-1,4,5,1,0,2,1,0,1,2,5,0,2,1,5,3,4,5,0,0,1,2,1,-1,3,1,4,5,4,5,4,5,5,1,2,-1,3
2988.71329617,2,4,0,0,2,2,2,4,-1,0,-1,-1,1,4,0,5,4,3,4,4,0,4,-1,1,5,2,5,0,4,-1,4,2,3,1,4,2,3,-1,5,3,5,5,1,0,-1,-1,2,2,1,-1,1,5,1,-1,-1,0,5,1,3,1,-1,0,3,3,1,3,3,-1,2,0,4,1,4,3,-1,0,-1,0,3,4,3,-1,5,5,1,1,2,-1,0,0
3114.3037972,1,0,4,5,-1,-1,-1,4,0,4,5,3,2,0,4,0,1,2,3,5,1,0,-1,4,4,-1,-1,3,4,2,3,1,4,-1,-1,5,0,2,5,5,-1,0,3,0,1,5,5,2,-1,5,2,2,4,3,2,3,1,0,-1,2,4,2,0,3,1,1,-1,3,5,1,1,-1,0,-1,1,3,1,4,2,0,2,3,0,2,-1,5,5,1,3,-1
3079.5300832,1,3,2,2,-1,-1,3,0,4,0,3,0,1,2,5,4,3,3,4,0,2,1,5,-1,4,1,0,5,1,-1,2,-1,5,1,-1,5,0,-1,-1,3,5,2,1,4,3,0,4,0,2,-1,4,5,-1,4,-1,1,1,1,0,0,4,0,5,3,-1,1,3,0,3,0,2,1,1,4,5,-1,3,3,3,5,5,0,4,4,2,3,5,2,4,5
2885.06737193,-1,3,2,4,1,1,0,1,2,1,1,2,2,5,1,-1,2,4,5,4,4,-1,3,5,5,0,2,1,3,5,4,3,2,-1,2,5,3,0,2,4,5,-1,0,1,2,-1,-1,0,-1,1,-1,0,0,-1,5,4,-1,4,5,3,1,4,4,4,-1,-1,5,2,3,4,-1,0,3,0,1,0,3,4,3,3,-1,2,5,5,0,-1,3,1,2,-1
3024.49983678,4,5,1,0,2,3,4,0,4,5,4,2,0,2,2,2,0,3,1,3,3,1,1,1,3,3,0,0,4,-1,1,0,4,1,5,3,-1,3,-1,0,3,3,-1,5,5,1,3,0,-1,2,-1,-1,0,-1,2,1,-1,2,4,3,4,4,5,5,-1,1,4,0,3,4,4,0,1,-1,2,5,2,4,-1,2,4,5,0,5,1,5,0,2,3,-1
2991.07655828,4,3,0,5,4,1,-1,0,2,5,3,3,-1,0,2,0,-1,3,3,5,3,1,1,4,3,0,2,-1,5,-1,2,0,-1,1,1,5,2,0,2,4,0,-1,4,-1,3,-1,2,2,2,-1,5,5,4,1,4,-1,5,1,2,-1,4,-1,4,1,4,1,3,5,0,-1,4,0,0,3,4,1,3,-1,3,0,4,-1,3,5,3,1,-1,1,-1,0
3222.33863679,-1,2,3,3,4,-1,0,-1,4,5,0,1,4,0,2,3,2,5,0,3,1,-1,3,1,2,0,1,-1,5,4,4,1,1,1,-1,3,3,5,2,-1,-1,3,1,4,2,4,1,-1,2,4,-1,5,5,3,2,-1,4,0,0,-1,5,3,1,2,3,2,1,5,1,0,4,0,5,0,5,0,1,4,5,0,3,1,3,0,5,2,-1,0,2,-1
2995.12786477,2,-1,0,-1,4,1,4,0,-1,-1,1,0,3,1,3,0,3,2,-1,2,3,2,0,1,5,3,4,4,2,2,-1,4,5,3,1,-1,-1,3,0,-1,2,5,5,1,0,-1,3,4,3,0,4,4,0,1,-1,4,3,4,0,1,-1,0,-1,-1,5,5,-1,2,4,5,5,0,2,4,2,4,3,5,5,1,1,1,3,5,2,2,2,1,3,1
3022.13657467,0,1,-1,1,2,2,5,1,-1,5,5,5,2,3,4,-1,0,1,2,0,5,-1,5,-1,5,2,5,2,2,3,1,0,4,0,3,3,1,4,4,4,0,4,5,0,1,1,-1,0,3,-1,4,2,2,1,4,3,3,5,0,3,-1,4,5,-1,1,2,2,2,0,0,0,1,4,2,3,0,1,1,5,2,4,5,4,-1,-1,-1,4,0,-1,-1
3035.30332074,0,-1,0,1,0,2,-1,4,-1,3,-1,1,1,4,5,0,-1,5,-1,2,4,0,2,2,3,5,4,-1,1,4,0,2,1,0,5,1,0,0,5,1,1,4,-1,4,2,2,4,-1,3,3,5,4,4,3,2,5,3,5,3,2,1,0,4,5,-1,3,2,4,3,2,-1,1,0,-1,0,4,3,-1,1,5,5,4,5,2,5,3,2,2,1,3
3143.00055146,0,1,-1,-1,-1,4,2,2,-1,2,0,4,4,1,2,1,5,-1,2,-1,1,3,0,1,1,2,0,4,0,4,3,-1,5,3,4,2,-1,4,5,1,3,3,5,2,3,0,0,4,5,-1,4,5,1,4,1,0,-1,0,2,5,1,5,2,0,-1,3,0,-1,3,3,4,2,0,0,-1,4,3,2,3,2,1,3,0,3,1,5,5,1,4,2
2977.23459446,4,2,4,-1,3,0,-1,-1,0,5,3,5,5,-1,3,0,2,4,4,-1,2,0,1,1,4,0,3,2,1,3,-1,-1,1,5,3,4,1,-1,0,1,-1,3,4,5,2,3,-1,-1,0,-1,1,0,2,5,0,2,5,4,4,0,1,1,4,2,4,4,3,3,-1,-1,3,3,2,1,-1,0,-1,5,5,4,2,4,-1,5,5,1,1,1,0,2
3117.34227706,3,1,-1,5,-1,0,3,4,4,0,3,5,5,1,4,4,1,-1,1,2,4,0,1,2,3,1,3,5,3,-1,1,2,2,2,0,-1,0,0,2,-1,-1,5,4,3,4,-1,2,1,-1,0,1,3,-1,5,4,4,5,3,3,4,1,0,4,-1,2,1,1,1,-1,-1,4,-1,2,3,4,2,-1,3,5,0,4,0,2,3,0,0,0,3,2,2
2994.11503815,1,3,3,4,5,-1,4,0,-1,3,0,-1,1,5,4,1,4,2,2,0,3,0,2,3,4,2,3,-1,1,1,0,1,2,-1,1,5,-1,0,0,0,2,-1,5,2,3,5,4,5,0,2,1,5,2,0,5,1,4,2,1,3,2,5,-1,-1,4,1,5,3,-1,1,-1,-1,2,2,0,-1,3,4,4,2,3,4,-1,4,5,4,0,1,3,-1
3032.26484088,2,0,-1,5,0,5,-1,4,-1,0,0,1,5,-1,-1,2,2,5,3,-1,1,2,1,-1,3,2,0,4,0,1,-1,0,4,3,5,2,3,-1,3,2,5,1,3,5,1,2,3,0,-1,5,4,2,1,3,-1,1,3,3,4,-1,2,1,0,0,-1,1,3,1,4,2,1,1,0,2,-1,3,5,4,1,0,-1,-1,4,0,4,4,-1,5,4,2
3053.19659105,2,3,3,5,-1,0,0,1,1,-1,5,1,5,1,5,5,2,0,4,1,5,-1,3,0,2,3,4,2,-1,5,0,4,0,5,-1,3,0,5,4,4,1,5,0,3,2,2,2,2,-1,1,3,0,2,2,1,5,0,2,3,3,-1,1,-1,3,-1,1,-1,5,4,4,0,-1,-1,1,4,0,4,3,1,4,2,-1,3,-1,-1,3,2,5,2,1
2976.55937671,5,2,-1,2,-1,3,3,-1,1,2,1,-1,2,3,3,4,2,2,0,3,4,4,2,-1,0,4,2,-1,1,0,4,5,1,0,5,0,4,-1,0,0,-1,3,3,3,0,0,3,4,5,5,-1,-1,0,2,-1,2,-1,4,3,3,1,5,4,-1,-1,1,-1,1,1,5,4,3,0,1,0,4,2,5,5,0,-1,4,3,1,4,2,-1,4,5,2
2956.30284429,-1,1,3,5,4,3,-1,0,3,4,4,1,0,3,5,-1,5,3,3,-1,2,2,2,3,-1,3,2,0,1,5,-1,0,3,2,2,2,4,0,0,5,5,-1,5,-1,0,1,-1,4,4,-1,1,0,5,3,-1,4,2,-1,3,1,2,-1,0,4,1,4,2,3,1,-1,5,-1,-1,1,-1,1,3,2,0,2,4,0,1,0,2,4,4,5,-1,1
2999.17917125,2,1,1,1,4,4,1,0,5,0,2,1,2,4,2,5,4,-1,-1,3,-1,-1,-1,-1,-1,4,5,0,1,5,4,-1,2,0,-1,-1,2,2,3,5,3,5,2,2,-1,1,0,3,3,1,0,-1,3,0,-1,2,4,0,4,2,3,4,1,-1,3,2,1,5,0,-1,1,5,0,-1,3,3,3,4,0,4,4,4,0,1,5,1,5,3,0,2
2976.55937671,0,3,4,0,-1,2,1,4,3,5,5,-1,1,1,1,3,-1,2,4,1,5,4,3,-1,2,2,0,3,5,-1,-1,5,2,5,1,-1,0,5,-1,4,4,0,3,1,5,-1,1,2,5,1,4,-1,-1,3,0,-1,1,1,1,4,0,0,4,-1,2,0,5,2,0,1,5,3,-1,-1,0,5,2,-1,3,0,3,3,0,4,5,4,2,2,-1,3
3101.47466,3,-1,-1,2,4,2,4,1,2,-1,-1,0,1,5,3,0,3,2,3,5,0,-1,-1,0,1,3,4,2,4,0,1,3,0,3,1,0,2,2,1,1,3,-1,3,0,4,1,2,2,4,1,-1,5,2,4,0,-1,5,4,1,2,5,5,2,5,-1,5,5,5,0,1,3,-1,0,0,1,4,1,2,4,3,2,0,-1,3,3,0,5,-1,4,4
2998.84156238,0,-1,-1,0,-1,-1,-1,-1,1,5,2,-1,-1,-1,2,3,0,0,5,3,5,2,-1,3,3,1,2,3,1,1,2,5,1,5,4,0,3,-1,4,4,4,-1,-1,5,3,0,1,0,-1,1,2,1,2,-1,5,4,3,-1,3,4,2,0,1,1,4,2,2,2,2,0,4,-1,1,3,4,0,5,4,2,3,1,-1,5,3,4,5,-1,1,3,0
3068.38899037,3,-1,3,-1,4,3,5,2,2,-1,4,5,4,0,3,5,0,4,1,2,5,0,2,1,2,0,2,5,-1,1,3,3,0,-1,1,4,3,4,4,3,5,-1,-1,2,1,5,1,-1,3,1,5,-1,-1,-1,1,1,0,3,4,1,5,2,4,-1,0,2,5,0,1,0,3,2,-1,3,1,2,-1,3,-1,1,4,3,4,0,0,4,2,2,4,0
3017.07244156,5,4,0,0,0,3,1,4,5,0,-1,2,2,3,0,5,2,5,1,-1,2,0,5,1,-1,4,3,3,3,4,1,1,3,4,1,1,5,0,0,5,3,4,2,1,2,0,1,0,4,-1,3,2,1,2,5,4,5,4,2,-1,3,0,3,-1,-1,1,0,-1,1,-1,3,-1,3,5,-1,0,2,2,-1,2,2,5,4,-1,-1,5,4,1,2,3
2981.28590095,-1,-1,5,5,2,1,3,-1,0,0,2,3,0,-1,-1,4,3,5,2,5,1,3,3,0,4,0,2,4,1,2,4,1,5,-1,1,0,2,-1,3,-1,4,0,-1,2,4,3,-1,1,5,3,0,0,4,1,-1,4,2,3,0,3,1,1,4,-1,-1,1,1,5,3,4,5,3,2,1,5,0,4,1,-1,0,-1,5,4,-1,-1,4,5,-1,2,2
2981.96111869,2,2,1,3,3,4,-1,1,-1,3,-1,1,5,1,1,4,1,3,1,5,0,4,1,-1,0,-1,4,3,3,3,1,5,3,2,5,2,4,5,0,-1,-1,1,1,-1,0,0,2,2,2,4,5,5,5,5,3,-1,0,-1,3,4,5,1,1,-1,2,4,2,3,-1,4,0,-1,2,5,4,3,4,3,0,-1,0,0,0,-1,4,2,5,-1,2,-1
3090.33356716,-1,-1,0,4,1,5,1,2,2,1,-1,3,4,0,3,0,5,5,1,2,0,-1,-1,2,5,5,1,1,-1,1,2,2,1,0,-1,4,4,5,-1,4,3,2,4,1,1,5,2,-1,2,-1,3,3,2,5,-1,-1,1,-1,4,-1,4,3,3,5,-1,0,-1,3,3,3,0,-1,4,0,0,4,2,4,2,2,3,0,3,4,1,0,5,0,0,5
3185.87687843,3,2,4,-1,1,-1,0,5,3,1,2,-1,4,4,-1,2,0,3,0,5,4,1,0,1,2,5,5,0,0,0,1,1,5,1,-1,0,2,2,4,-1,5,3,0,5,5,3,3,2,2,3,0,5,-1,-1,5,3,4,2,3,4,4,4,0,5,4,-1,-1,3,1,1,0,2,3,4,4,1,2,3,5,-1,-1,1,3,0,-1,5,2,1,5,4
2887.76824292,4,-1,2,-1,5,-1,0,-1,3,0,-1,2,-1,4,3,4,4,4,-1,4,2,3,2,-1,5,5,1,5,2,5,3,0,-1,-1,1,2,3,0,4,1,5,1,-1,0,2,2,-1,-1,-1,3,1,4,-1,3,3,3,0,3,0,-1,0,2,-1,3,-1,5,3,4,-1,5,5,1,4,4,1,1,2,2,0,2,4,1,2,4,2,0,1,0,5,5
3023.14940129,3,-1,3,5,2,3,-1,5,5,5,2,4,0,1,-1,4,4,0,1,2,3,4,-1,1,0,4,3,-1,-1,0,4,-1,0,3,4,2,2,-1,5,5,4,0,4,0,5,3,2,2,-1,1,-1,2,1,3,0,1,-1,2,4,4,0,2,-1,4,2,1,-1,5,1,5,0,0,2,0,2,2,-1,3,0,3,1,3,3,3,1,3,1,-1,4,1
2908.36238422,2,-1,0,2,5,2,-1,3,-1,1,4,3,2,4,4,3,4,2,-1,3,4,2,2,3,4,-1,2,-1,-1,1,5,4,2,1,5,0,4,-1,3,5,2,1,3,-1,3,3,0,5,5,1,5,-1,-1,-1,2,1,5,-1,0,1,2,5,5,-1,4,1,3,3,0,3,0,-1,2,-1,-1,-1,5,3,0,3,4,1,-1,4,0,1,-1,1,0,0
3060.96159515,4,-1,1,0,2,4,1,5,5,0,5,3,3,4,-1,-1,0,0,-1,1,5,5,-1,4,3,4,5,4,2,1,1,4,4,1,2,2,4,0,-1,1,3,2,0,1,1,0,-1,4,-1,5,3,3,3,2,3,1,5,3,2,-1,1,2,0,0,4,5,3,4,0,5,5,-1,0,-1,2,2,-1,3,3,1,0,4,3,2,2,2,-1,5,1,3
3034.96571187,5,-1,1,2,0,4,4,1,-1,5,-1,0,2,0,2,5,1,0,2,0,1,2,5,3,4,5,2,0,-1,-1,-1,5,5,2,1,0,4,3,2,0,3,1,3,-1,4,2,0,0,3,1,5,4,3,-1,1,5,-1,1,2,4,3,0,2,4,-1,3,4,4,4,-1,5,1,2,0,-1,4,0,3,3,1,5,1,5,-1,4,3,-1,1,2,3
2871.90062586,4,-1,3,1,4,3,-1,4,-1,1,-1,2,0,0,2,1,5,4,-1,3,-1,2,3,3,5,0,2,-1,2,0,3,0,5,-1,2,-1,1,3,2,0,0,5,5,1,4,1,-1,5,1,5,-1,5,0,5,3,3,0,1,-1,3,5,1,2,3,2,2,5,1,1,4,-1,5,1,0,2,4,0,2,2,-1,4,0,1,0,4,3,-1,4,-1,-1
2982.97394531,-1,5,2,2,1,1,4,1,5,3,1,2,5,-1,0,1,3,3,5,3,0,0,2,3,-1,5,3,2,-1,-1,2,4,0,-1,4,0,1,1,-1,3,2,2,1,4,-1,0,-1,1,4,-1,4,4,5,3,5,-1,2,4,5,-1,-1,-1,0,5,4,0,0,4,3,1,2,4,3,5,3,3,-1,1,2,4,0,3,1,-1,0,1,4,1,2,0
2967.781546,0,2,5,3,4,0,-1,2,-1,-1,3,-1,1,1,3,1,1,0,0,4,0,4,2,-1,3,0,3,2,1,-1,-1,1,0,0,0,3,1,3,-1,-1,3,2,4,1,-1,2,-1,-1,1,2,-1,5,2,-1,-1,3,3,4,0,4,1,2,3,4,0,1,4,5,-1,-1,1,0,2,2,-1,4,5,4,2,4,1,4,0,3,3,0,4,4,5,-1
3009.64504634,4,2,1,4,0,4,-1,0,5,-1,5,-1,3,5,-1,3,2,3,1,5,0,2,0,-1,-1,0,4,2,-1,1,3,-1,-1,0,-1,0,4,4,-1,3,2,1,3,1,0,1,5,2,1,5,2,-1,0,2,-1,2,1,5,3,1,1,5,1,3,0,0,2,5,0,-1,4,5,4,2,3,1,4,3,-1,2,1,3,5,-1,0,5,4,4,4,2
3166.9707815,-1,2,1,3,1,5,-1,5,0,0,1,4,-1,2,4,2,0,2,0,4,4,-1,5,0,2,-1,5,1,0,4,1,4,4,-1,3,4,0,0,3,4,2,4,-1,-1,0,-1,0,5,0,5,1,4,-1,-1,1,4,-1,3,1,-1,-1,3,1,3,5,3,3,2,5,3,3,2,1,0,-1,1,2,-1,3,0,-1,1,-1,4,5,1,3,5,2,5
2983.64916306,1,5,2,2,5,0,4,1,0,3,1,1,4,-1,3,3,4,1,3,-1,2,0,0,0,0,1,2,2,3,4,5,3,-1,4,2,3,0,1,0,3,2,0,2,5,0,-1,5,3,-1,5,5,4,1,-1,4,1,5,3,2,0,5,3,-1,3,1,-1,-1,1,3,-1,2,4,4,2,1,-1,-1,1,2,1,1,4,3,4,-1,-1,-1,-1,4,2
2930.98217876,-1,0,-1,5,4,-1,2,1,4,2,5,5,2,-1,3,0,-1,4,5,2,1,2,0,1,4,3,5,0,3,2,4,0,-1,3,5,4,5,0,0,4,1,1,-1,3,0,2,1,3,1,1,5,-1,0,3,5,0,2,1,5,5,3,0,3,-1,0,0,4,2,3,3,2,4,3,4,5,-1,-1,2,1,-1,5,-1,1,4,2,1,-1,3,-1,4
3028.55114327,1,4,4,2,-1,-1,0,0,2,1,5,-1,2,-1,2,5,-1,0,1,3,1,4,3,2,4,3,2,3,3,5,-1,5,4,-1,3,-1,3,1,-1,4,-1,4,5,3,1,1,-1,-1,0,-1,3,0,2,2,5,-1,3,0,2,1,2,2,0,-1,4,2,3,0,5,0,4,1,0,3,5,1,5,3,1,1,0,4,0,-1,4,3,4,1,2,-1
3131.52184976,4,2,5,3,1,0,-1,1,4,1,3,3,5,3,3,5,-1,1,4,3,5,2,1,1,-1,1,-1,4,0,4,5,0,-1,2,2,5,2,-1,1,-1,0,3,5,4,4,4,5,-1,2,5,2,-1,3,0,1,0,0,2,1,2,4,5,4,2,0,3,2,5,-1,1,3,5,2,-1,0,3,5,3,0,-1,0,4,0,0,1,0,4,1,4,3
3122.74401904,-1,1,1,2,4,1,3,1,3,2,5,4,3,2,4,5,-1,-1,1,0,5,2,5,1,0,3,2,5,-1,5,0,1,-1,3,1,4,4,2,0,5,4,4,-1,1,0,3,5,3,0,-1,-1,-1,1,1,4,3,5,-1,0,5,4,2,2,5,1,2,0,3,2,0,-1,3,0,4,-1,3,4,5,4,0,4,2,0,2,0,-1,1,3,5,3
3229.76603201,4,0,5,2,0,0,2,-1,2,3,2,2,4,1,1,1,5,0,4,5,3,-1,1,4,4,5,3,0,4,3,3,2,4,3,-1,1,-1,4,2,-1,0,-1,3,1,0,5,5,4,5,-1,1,0,3,3,0,0,-1,2,2,2,5,1,3,4,1,4,1,2,5,-1,3,-1,2,2,-1,1,1,0,4,3,4,3,1,-1,1,4,0,0,5,5
2992.08938491,4,1,2,0,-1,5,-1,4,1,2,4,5,0,2,5,0,2,3,3,1,1,3,4,0,-1,1,2,5,1,2,-1,-1,1,5,-1,-1,3,2,-1,3,1,1,0,4,0,0,2,1,5,4,5,-1,-1,5,5,3,4,-1,2,2,0,0,0,3,5,0,1,0,2,4,3,-1,5,3,4,4,4,3,2,2,0,1,-1,3,1,2,4,3,5,-1
2952.2515378,-1,2,4,5,3,4,3,3,-1,5,-1,3,4,-1,1,-1,4,-1,3,5,5,1,4,4,0,-1,2,-1,2,1,2,5,-1,4,5,-1,-1,3,-1,1,4,3,-1,0,0,-1,0,1,1,5,3,1,3,2,0,4,-1,0,0,0,0,1,2,2,0,3,3,5,4,-1,4,-1,2,2,4,-1,2,-1,0,2,-1,-1,-1,2,1,2,0,0,4,1
2906.67433985,1,2,0,4,3,1,-1,1,3,1,4,-1,0,4,2,5,1,4,5,0,1,3,1,3,4,4,5,2,0,-1,1,0,5,3,3,5,-1,-1,-1,-1,2,-1,0,4,0,1,3,0,5,1,-1,5,5,-1,3,0,-1,-1,-1,1,4,4,2,0,5,2,-1,4,3,4,-1,4,5,0,2,4,2,0,-1,5,0,-1,1,2,0,1,3,4,-1,2
3032.94005863,4,-1,0,3,2,0,-1,4,4,5,2,0,1,0,3,2,2,4,-1,3,0,0,1,4,3,3,4,2,5,3,5,3,4,3,0,4,1,2,3,-1,3,1,5,0,5,2,5,0,3,-1,5,1,1,2,-1,4,4,-1,0,4,1,4,2,5,1,0,2,2,3,2,-1,-1,1,3,4,2,4,-1,1,-1,0,0,-1,-1,1,0,5,-1,1,-1
2935.37109412,-1,4,4,-1,0,1,-1,5,5,1,1,-1,0,1,0,1,4,0,2,-1,3,5,3,3,5,3,0,4,0,0,4,4,-1,0,-1,3,-1,-1,5,3,0,4,5,5,3,5,5,-1,2,-1,1,2,1,2,2,0,3,2,4,4,-1,4,4,5,1,3,3,-1,1,2,2,0,3,4,-1,5,-1,5,-1,1,2,4,-1,2,-1,0,3,2,3,-1
3026.8630989,-1,3,2,-1,0,5,1,4,4,5,1,3,2,-1,2,5,0,4,4,0,5,0,0,3,1,0,4,5,3,3,4,2,0,4,4,3,1,0,-1,1,5,2,-1,-1,2,5,1,3,-1,0,-1,-1,0,1,0,4,3,4,5,3,-1,0,1,-1,3,-1,0,2,5,1,2,2,4,4,1,-1,5,1,1,1,0,2,5,1,5,4,2,3,2,-1
3097.76096238,4,-1,-1,4,-1,1,1,0,5,3,1,2,-1,1,4,-1,3,-1,1,5,-1,2,1,0,0,-1,2,-1,2,5,-1,2,5,2,-1,5,3,2,5,4,0,0,3,2,0,1,0,2,4,5,0,0,5,-1,3,1,1,2,0,5,0,-1,5,2,5,3,3,4,4,-1,4,0,3,4,1,2,4,1,5,4,1,1,2,5,4,3,3,4,3,0
2934.02065862,4,5,5,3,1,4,0,2,1,5,4,3,-1,-1,1,5,3,0,1,0,3,3,4,5,3,0,0,-1,0,0,-1,4,-1,1,5,-1,4,2,0,1,-1,4,-1,5,4,-1,2,1,-1,0,-1,1,0,4,5,3,2,2,2,-1,-1,0,-1,2,2,2,5,1,-1,3,2,3,1,4,0,3,-1,0,5,4,3,3,1,-1,3,2,3,4,2,1
3006.60656648,2,-1,3,2,2,0,0,-1,5,3,2,4,3,3,4,1,3,-1,2,1,-1,3,0,4,0,1,2,1,0,-1,4,3,-1,0,2,4,4,1,1,3,4,5,5,3,-1,3,1,0,2,-1,-1,5,5,5,4,0,3,0,3,4,-1,3,5,-1,2,1,2,5,5,2,5,0,-1,-1,1,1,1,4,0,5,5,0,0,3,1,2,4,4,1,2
3021.46135692,2,3,5,0,4,0,3,5,1,5,5,3,2,0,5,2,-1,0,2,4,2,-1,-1,3,-1,1,4,-1,1,3,0,3,5,4,3,2,0,5,1,5,2,4,-1,4,-1,-1,4,1,0,0,2,3,-1,-1,1,1,3,0,1,3,1,1,-1,0,-1,3,0,5,-1,4,1,4,4,0,-1,2,2,2,1,2,-1,4,-1,5,1,5,4,2,2,5
2975.20894122,2,3,1,4,4,-1,1,0,-1,1,0,2,2,3,0,1,4,-1,1,4,3,2,2,1,1,5,4,0,4,3,-1,1,1,-1,4,-1,2,-1,0,2,4,-1,-1,3,5,4,3,3,5,4,-1,0,5,3,5,-1,2,5,1,0,5,4,4,-1,4,3,2,3,5,5,3,0,5,1,2,0,1,5,3,5,3,5,0,2,-1,2,-1,5,2,-1
3182.16318082,5,0,4,3,4,5,4,3,-1,3,1,1,3,1,1,-1,2,2,3,2,0,-1,0,0,2,5,4,5,-1,-1,2,5,3,-1,2,-1,2,5,-1,4,0,4,2,0,5,0,1,5,5,4,-1,1,2,1,3,3,1,0,2,2,-1,2,0,4,1,3,3,4,1,3,4,1,2,0,1,5,0,5,1,0,5,0,-1,4,5,-1,3,-1,3,0
3055.89746204,3,-1,-1,0,3,5,4,1,-1,3,0,4,4,4,2,5,1,4,4,1,3,3,2,3,2,-1,0,3,1,-1,-1,2,2,5,1,0,2,0,0,0,-1,-1,4,0,2,4,4,3,5,5,3,-1,4,2,5,4,4,3,5,5,5,4,3,1,1,-1,2,2,1,1,-1,2,0,-1,1,-1,-1,2,-1,1,3,0,2,0,5,5,0,-1,1,1
2953.6019733,0,2,-1,3,4,3,0,-1,5,2,2,5,5,3,3,1,4,2,5,5,4,4,2,5,5,4,-1,0,1,-1,-1,5,1,0,4,-1,3,3,2,1,1,1,1,5,4,4,0,1,5,-1,3,-1,1,5,4,2,0,2,4,2,-1,1,0,0,-1,1,5,3,1,0,1,3,2,2,3,-1,4,4,-1,-1,3,0,3,1,-1,2,4,4,-1,3
3049.82050231,-1,4,4,-1,0,2,0,3,4,0,5,3,4,2,0,1,3,2,3,-1,5,4,4,-1,0,1,-1,0,1,-1,1,3,5,3,0,1,-1,4,-1,3,2,2,3,5,3,3,3,1,-1,-1,0,-1,5,2,5,0,-1,1,1,-1,1,5,1,-1,-1,0,4,3,1,1,-1,-1,2,5,4,2,2,0,0,3,4,4,2,1,4,0,-1,3,1,2
2882.70410982,3,0,3,0,0,4,-1,0,2,-1,-1,0,5,2,5,4,2,0,5,2,2,-1,2,-1,1,2,4,-1,4,-1,-1,0,2,4,3,2,-1,3,-1,2,1,5,3,-1,3,3,4,0,1,1,4,4,0,-1,3,1,4,1,4,3,5,1,3,-1,3,4,1,1,3,2,2,5,-1,5,3,5,2,4,2,4,1,5,0,0,0,5,5,5,1,5
2929.63174326,2,1,-1,0,0,4,0,3,2,2,-1,2,2,5,5,0,3,5,3,2,5,4,-1,-1,2,4,4,-1,1,0,2,1,0,5,2,5,-1,4,-1,0,1,3,-1,-1,-1,2,3,1,1,-1,-1,5,3,-1,4,4,1,-1,5,3,-1,2,-1,5,1,2,-1,4,-1,2,4,3,1,1,4,0,1,-1,1,0,5,0,0,0,4,4,3,3,4,-1
2948.53784019,0,2,1,1,2,3,5,0,2,-1,4,1,2,0,3,3,-1,2,1,5,4,-1,4,5,0,1,0,-1,0,2,-1,3,1,3,0,5,-1,-1,0,-1,5,0,1,4,1,2,0,4,-1,4,4,-1,3,3,5,4,1,2,5,3,4,3,1,4,5,-1,2,1,5,1,1,2,-1,0,0,3,3,4,3,5,2,1,3,5,4,2,-1,4,3,2
2981.28590095,-1,1,5,4,-1,3,2,-1,5,3,1,3,4,4,-1,4,2,2,5,-1,0,3,5,4,3,1,0,1,-1,1,0,1,0,-1,3,0,0,2,3,4,5,4,0,2,0,-1,-1,3,1,-1,3,5,1,0,4,0,1,-1,5,3,2,4,3,0,3,4,5,4,2,1,1,2,-1,0,3,-1,2,1,4,0,-1,5,-1,4,-1,3,2,-1,5,-1
2981.28590095,2,4,1,0,3,1,3,-1,0,3,-1,0,-1,-1,2,5,2,5,0,4,1,5,2,4,3,1,-1,5,3,5,3,0,-1,3,0,5,1,5,2,1,-1,1,4,2,4,-1,-1,3,5,4,0,2,0,1,-1,4,4,0,1,1,4,3,1,5,2,2,5,4,5,-1,4,3,-1,0,1,5,2,0,3,2,0,1,3,2,0,3,-1,3,-1,2
3041.71788934,1,-1,3,1,3,4,3,2,3,2,2,5,0,4,3,2,4,3,1,0,4,5,1,-1,3,2,1,2,3,3,0,-1,1,3,4,5,-1,4,0,4,2,-1,1,0,0,0,2,-1,5,-1,-1,2,4,-1,4,-1,1,4,3,-1,1,0,0,0,0,1,3,-1,4,2,4,0,5,5,-1,4,2,1,1,-1,0,2,2,-1,5,2,-1,1,-1,-1
2984.66198968,2,2,-1,4,5,-1,0,-1,2,4,5,1,0,1,4,4,4,2,0,0,1,2,3,4,-1,1,1,5,5,0,-1,5,-1,0,2,0,-1,3,3,-1,4,-1,-1,3,0,4,2,0,4,1,3,-1,2,2,0,3,5,2,5,5,4,-1,4,-1,1,1,-1,4,5,0,3,2,3,2,3,4,0,2,5,5,1,1,4,0,5,1,3,-1,1,5
2963.73023951,1,5,5,3,4,1,-1,-1,0,3,-1,2,2,-1,5,4,4,2,5,4,4,5,4,0,2,4,5,1,2,2,0,3,4,-1,-1,-1,5,2,0,3,1,0,0,0,3,1,5,4,4,4,3,-1,5,-1,5,1,1,4,0,1,2,5,3,-1,4,-1,1,5,3,2,2,3,0,3,-1,1,-1,2,4,3,1,2,2,1,3,2,3,1,0,1
3036.31614736,2,4,-1,0,4,2,0,1,-1,0,5,4,5,5,5,0,4,5,2,1,1,-1,5,0,5,2,2,1,3,3,0,5,1,5,1,2,-1,3,1,0,0,0,3,1,5,3,4,3,4,3,3,5,1,3,-1,1,-1,-1,-1,4,4,0,3,2,2,2,-1,0,4,4,1,2,-1,2,4,2,3,1,2,2,-1,5,3,1,-1,5,-1,4,0,1
3094.04726477,2,0,3,5,3,-1,5,0,3,4,5,0,0,1,-1,0,3,5,4,1,5,4,5,1,3,0,-1,1,2,3,0,3,0,2,5,1,4,0,-1,2,-1,3,5,1,4,-1,4,-1,1,2,-1,5,3,-1,-1,4,0,0,3,2,-1,5,4,4,2,3,1,0,2,1,1,2,2,4,5,2,1,2,-1,0,3,4,3,1,2,-1,4,1,-1,5
2936.72152961,5,2,1,-1,1,0,1,0,2,5,3,2,1,0,0,4,2,1,1,3,-1,0,0,-1,-1,4,2,5,5,0,2,3,4,-1,4,3,-1,3,-1,4,3,-1,0,-1,4,-1,2,-1,4,1,4,3,0,0,4,4,1,0,4,-1,2,2,-1,2,-1,2,3,-1,1,4,3,-1,3,1,3,0,0,4,-1,-1,3,-1,5,5,4,5,5,1,2,-1
2968.79437262,0,-1,4,-1,-1,1,5,0,5,2,1,2,2,0,5,1,3,2,-1,3,5,2,5,0,3,3,0,-1,-1,1,3,1,4,-1,2,-1,3,0,1,0,2,1,1,1,5,2,4,0,0,2,5,5,2,3,3,4,-1,-1,1,0,4,-1,4,4,-1,5,3,3,0,4,5,-1,3,4,3,2,-1,-1,1,4,1,3,1,2,2,4,0,4,4,5
3007.6193931,-1,-1,5,0,0,4,2,1,2,-1,4,5,3,1,2,2,3,-1,5,5,5,5,3,0,2,-1,2,1,-1,-1,2,3,2,1,2,-1,0,1,0,5,1,4,4,3,-1,5,4,4,5,1,4,0,4,5,4,1,-1,0,1,1,-1,3,4,0,-1,5,-1,4,0,-1,4,3,3,-1,3,2,4,4,0,5,1,1,2,0,0,-1,-1,3,3,2
3058.59833303,2,-1,5,5,0,5,0,-1,1,1,1,-1,-1,0,2,-1,0,5,2,0,1,4,5,2,0,0,-1,1,-1,4,5,3,3,3,5,-1,2,4,-1,1,2,0,4,4,3,2,3,-1,5,5,1,2,2,3,-1,1,4,0,2,4,5,3,4,-1,3,1,1,0,4,5,0,-1,5,4,3,2,3,1,2,2,0,4,4,0,3,2,3,4,3,1
3055.55985317,2,4,4,0,-1,1,3,0,1,0,2,0,2,4,2,-1,4,0,3,-1,2,-1,1,4,0,3,-1,-1,0,2,1,4,0,5,3,-1,1,-1,3,2,0,-1,1,1,0,3,1,1,5,1,2,5,2,1,0,-1,3,5,0,3,-1,3,3,-1,1,2,-1,2,5,4,3,-1,5,2,-1,-1,4,4,4,2,-1,0,3,4,5,4,-1,3,4,-1
2980.94829207,5,-1,5,1,0,0,5,-1,2,3,0,1,4,0,3,2,0,0,4,4,-1,4,2,0,0,-1,-1,3,2,4,4,-1,3,-1,5,-1,-1,1,0,1,3,5,2,2,-1,1,4,3,1,0,2,3,5,-1,-1,0,4,0,-1,2,3,3,1,5,4,3,-1,5,3,3,4,2,1,-1,2,4,-1,2,0,1,4,-1,3,1,4,2,-1,5,1,2
3115.99184157,0,-1,5,5,5,2,4,1,4,4,5,1,2,0,0,2,4,2,1,3,4,-1,4,5,3,1,3,0,3,1,2,1,0,4,5,1,4,0,2,4,0,-1,3,3,5,-1,-1,2,2,5,2,-1,0,3,1,4,1,0,2,0,-1,5,5,0,3,-1,-1,-1,3,0,1,3,3,5,-1,2,1,2,3,-1,0,0,-1,3,-1,3,2,1,4,-1
3102.82509549,5,5,2,-1,2,2,1,4,3,4,0,1,5,-1,0,1,5,0,1,-1,3,-1,0,4,1,3,0,3,0,4,2,3,4,2,1,5,5,4,4,5,-1,2,-1,5,0,2,3,1,-1,3,-1,4,2,3,0,0,4,3,2,-1,-1,0,3,1,1,2,3,2,1,1,5,5,5,3,0,0,5,0,4,3,1,4,2,3,-1,1,-1,-1,0,-1
3148.40229344,1,5,0,3,5,0,0,3,2,5,2,3,3,1,1,5,5,2,4,4,2,3,1,3,0,2,4,1,5,-1,5,0,2,1,5,-1,-1,-1,4,0,5,2,-1,0,5,3,0,2,4,3,0,2,5,3,2,4,1,-1,0,-1,1,0,1,0,3,4,3,1,2,2,-1,4,4,4,-1,4,4,1,0,4,1,-1,1,3,0,3,-1,-1,-1,5
3078.17964771,2,5,5,4,5,1,3,3,4,3,4,5,2,2,1,1,2,-1,3,2,2,0,2,1,4,4,3,4,-1,5,2,2,2,5,2,1,5,-1,4,2,3,1,0,3,4,5,-1,3,2,5,4,-1,0,0,3,0,4,4,-1,3,3,4,1,4,2,1,0,5,0,-1,-1,1,-1,-1,0,0,3,0,3,3,0,0,1,0,0,-1,5,-1,1,-1
2991.07655828,-1,5,3,0,4,0,-1,4,3,0,3,2,5,3,1,2,5,3,1,0,1,0,-1,-1,1,1,-1,1,2,0,2,2,1,-1,4,-1,0,-1,2,-1,3,5,0,1,5,1,4,5,-1,3,-1,4,2,-1,4,2,5,5,3,3,4,4,5,2,2,-1,1,2,-1,0,2,5,0,3,0,3,4,1,3,0,4,3,4,5,4,2,1,1,4,5
3167.30839037,1,0,2,3,-1,0,5,4,3,3,1,0,2,-1,4,2,1,3,0,0,4,2,-1,-1,5,4,0,-1,2,5,0,1,1,5,-1,2,4,5,4,-1,2,4,4,5,0,3,3,4,3,5,2,0,4,3,1,-1,3,2,3,4,0,3,-1,1,5,2,-1,2,1,2,0,0,-1,2,3,0,1,1,1,5,2,1,-1,4,5,-1,-1,5,5,1
3030.91440538,2,-1,2,-1,1,3,3,-1,-1,5,2,-1,4,3,2,2,-1,5,4,0,0,0,1,0,4,5,3,0,1,0,5,2,5,3,5,-1,0,2,5,1,2,-1,3,3,5,0,1,4,4,4,1,4,5,2,5,4,5,3,3,-1,-1,1,2,2,1,1,-1,-1,1,4,4,2,1,4,3,0,3,3,5,-1,0,4,0,1,1,5,-1,0,2,0
3046.78202245,1,5,-1,3,-1,3,-1,2,0,-1,0,-1,1,1,-1,5,4,4,4,3,2,2,-1,2,1,0,0,2,5,5,3,1,-1,2,-1,1,4,5,5,3,4,2,5,1,4,4,1,-1,-1,-1,2,1,5,0,-1,-1,3,5,3,4,2,4,3,3,1,0,4,2,4,4,1,0,0,0,4,1,4,-1,-1,3,3,0,2,2,5,0,-1,2,1,5
3056.57267979,5,2,4,-1,4,1,2,1,3,0,4,1,2,0,3,1,5,3,-1,-1,3,0,4,1,0,0,0,4,-1,0,2,5,1,-1,5,3,1,5,2,-1,2,1,2,2,0,0,0,0,2,5,3,-1,4,-1,-1,4,4,1,3,3,2,-1,3,5,5,1,-1,4,5,2,4,1,-1,3,0,3,-1,-1,0,4,2,4,3,3,4,5,1,3,0,-1
3151.10316443,3,4,-1,0,5,4,-1,1,1,2,2,0,3,2,-1,0,-1,3,5,1,-1,0,1,3,5,-1,2,4,0,0,1,-1,4,5,1,0,2,-1,5,0,4,3,4,2,1,3,-1,0,-1,2,0,5,4,4,2,-1,0,3,4,3,1,4,-1,3,2,4,3,1,5,5,1,0,5,-1,2,3,2,3,4,1,3,1,2,2,5,0,3,-1,1,5
3129.49619652,2,3,3,5,3,-1,-1,-1,4,4,4,-1,-1,-1,5,0,1,4,1,-1,0,-1,1,4,0,1,3,2,0,5,1,1,0,-1,-1,4,4,5,3,2,4,2,-1,1,3,0,0,2,4,3,1,2,3,5,2,2,5,5,0,4,3,4,2,5,2,1,4,1,1,0,3,3,5,1,5,2,0,-1,1,2,0,5,0,-1,-1,5,2,3,0,0
2969.46959037,4,2,4,4,3,1,5,2,-1,4,2,-1,4,-1,0,4,3,3,0,-1,-1,-1,-1,1,5,-1,4,5,3,2,0,3,0,1,0,0,-1,0,2,1,5,3,4,0,4,1,3,0,-1,0,4,-1,-1,0,-1,1,3,-1,3,1,1,-1,5,4,1,5,5,2,2,-1,5,2,1,3,5,5,3,3,2,1,5,2,0,1,-1,1,4,0,-1,5
2939.4224006,-1,5,2,2,-1,5,4,0,-1,3,4,-1,1,2,4,-1,0,2,2,3,5,4,0,3,3,5,0,-1,0,5,-1,1,0,-1,0,4,3,3,2,2,-1,-1,0,3,3,2,1,2,-1,5,1,4,0,4,1,0,-1,0,1,1,5,2,3,4,5,3,0,5,1,0,3,0,2,1,-1,4,5,2,3,-1,2,-1,1,1,-1,1,4,5,1,4
3030.57679651,5,2,0,1,5,1,5,3,-1,0,2,3,1,0,4,4,0,-1,0,3,5,-1,0,4,3,4,-1,4,1,4,4,2,0,5,-1,1,2,1,4,-1,0,3,1,5,3,2,-1,2,-1,-1,-1,-1,4,5,1,0,0,2,-1,0,1,3,4,3,-1,3,1,1,2,1,4,3,3,5,-1,1,1,-1,2,3,4,0,5,-1,-1,2,5,2,0,2
3056.57267979,0,-1,1,5,4,3,4,5,-1,2,5,5,5,5,2,-1,-1,4,-1,4,-1,3,-1,2,0,3,0,-1,-1,5,0,4,1,5,3,1,1,2,-1,2,4,1,0,1,2,5,1,3,0,-1,0,1,1,4,3,1,0,0,1,3,4,2,5,-1,-1,2,-1,0,4,5,3,2,3,3,1,0,1,0,3,3,2,3,2,2,5,0,4,5,3,2
2971.15763473,-1,-1,4,1,3,3,4,0,0,-1,2,2,3,0,5,4,2,2,5,1,2,1,-1,-1,-1,1,4,5,5,1,2,4,0,5,4,2,3,4,1,3,2,2,1,2,1,0,1,5,-1,0,4,2,2,4,3,5,-1,0,3,5,-1,0,-1,1,1,2,4,5,0,5,3,3,0,3,0,5,5,4,3,-1,0,-1,5,4,-1,1,0,4,3,1
3079.19247433,0,2,1,2,5,-1,-1,1,0,0,0,-1,3,4,5,4,-1,3,4,1,4,1,-1,4,3,2,-1,3,-1,2,1,5,1,-1,-1,1,3,2,0,1,-1,3,4,4,5,2,4,4,3,5,4,0,0,-1,1,5,2,-1,1,1,1,1,5,0,5,0,-1,4,3,3,2,4,-1,-1,0,4,5,3,-1,3,0,3,3,2,0,4,2,5,1,2
2974.1961146,2,1,-1,3,0,2,3,-1,5,-1,-1,0,1,4,4,0,0,4,5,4,3,2,3,-1,-1,2,2,3,2,4,-1,5,2,4,4,-1,2,5,2,0,-1,-1,0,0,3,4,2,0,5,3,4,0,4,1,5,-1,0,1,0,3,3,1,-1,5,1,3,3,-1,1,-1,5,1,1,2,2,4,5,0,-1,0,-1,2,3,5,4,4,1,1,1,3
3021.79896579,3,0,5,1,4,3,1,2,-1,5,1,3,2,-1,1,1,5,3,2,4,1,4,0,5,-1,5,0,-1,1,2,4,3,-1,1,4,5,4,-1,2,1,3,5,1,3,-1,3,4,3,0,-1,1,3,1,3,3,2,-1,4,-1,0,0,0,0,5,4,1,5,3,5,-1,0,4,2,0,0,2,2,5,0,-1,2,0,4,-1,5,3,5,-1,2,2
2965.41828388,0,-1,2,-1,0,5,3,3,1,-1,0,1,-1,-1,5,3,5,4,0,3,5,4,1,-1,4,4,0,-1,5,-1,0,4,2,1,3,4,2,-1,1,2,0,1,0,3,3,-1,5,0,-1,4,0,1,-1,-1,5,2,1,-1,4,-1,2,4,5,-1,1,2,2,3,3,2,3,-1,2,2,3,4,-1,3,-1,2,4,0,0,3,2,1,4,1,4,3
3085.26943406,3,0,2,3,2,5,3,3,-1,1,1,0,3,3,0,-1,4,2,-1,4,3,4,5,4,1,2,3,-1,2,-1,5,2,2,0,1,4,4,1,-1,2,5,2,4,1,2,5,5,4,5,5,-1,-1,3,0,1,1,0,4,3,1,0,0,5,-1,3,0,2,3,-1,2,-1,1,4,5,5,1,0,0,3,2,-1,4,4,1,4,5,-1,1,2,0
2977.90981221,5,-1,4,0,3,4,0,4,-1,5,3,3,0,-1,-1,5,1,2,3,-1,0,2,1,0,-1,4,4,3,3,0,0,5,1,4,1,3,4,4,0,5,3,3,2,5,-1,1,2,-1,4,2,-1,2,5,2,3,1,0,3,0,5,4,1,1,-1,4,0,2,2,2,-1,0,4,5,1,5,1,5,5,4,3,2,1,2,1,1,5,2,3,-1,5
3060.62398627,0,0,-1,4,0,3,-1,2,3,5,1,1,5,5,-1,1,3,-1,1,1,2,5,-1,-1,-1,5,0,0,4,3,2,4,1,1,2,5,1,-1,5,4,0,2,4,-1,3,4,1,3,3,0,3,-1,-1,4,4,2,4,-1,0,4,-1,1,2,0,2,2,2,0,5,2,2,3,3,0,5,1,4,1,0,5,3,5,4,4,-1,3,-1,1,0,3
3144.01337809,1,3,5,0,-1,2,2,0,1,0,3,-1,3,5,2,3,1,4,1,3,0,4,3,4,4,-1,5,4,-1,2,2,4,3,0,2,1,3,5,-1,-1,4,2,3,0,1,4,2,-1,5,-1,4,4,3,5,0,3,4,-1,0,3,-1,5,5,5,1,1,-1,-1,-1,2,5,-1,1,-1,1,1,1,5,1,0,3,2,-1,5,0,0,2,2,-1,0
3016.05961494,1,3,4,5,3,-1,3,-1,3,4,3,4,3,0,3,-1,-1,-1,1,2,0,0,5,0,-1,5,3,4,2,0,1,2,1,-1,2,5,0,4,2,1,1,5,1,-1,-1,-1,0,4,3,5,4,3,0,1,2,2,4,1,2,0,3,-1,2,2,0,-1,5,1,-1,-1,5,1,4,-1,2,4,4,3,4,5,1,2,1,1,5,0,-1,2,4,0
3029.56396989,0,1,4,5,0,5,1,0,2,0,4,4,4,3,5,4,-1,5,-1,3,0,-1,5,-1,5,5,0,3,3,3,0,-1,1,5,-1,2,2,3,2,2,4,2,0,-1,4,0,1,4,1,5,2,-1,3,1,1,-1,3,1,-1,4,0,5,4,1,1,2,2,0,4,3,2,0,3,-1,1,2,-1,4,-1,4,-1,5,4,1,0,5,3,-1,3,-1
3035.30332074,5,3,0,5,0,-1,-1,4,0,4,4,1,0,3,4,1,2,1,1,-1,4,1,5,0,5,5,0,2,1,2,0,-1,0,2,2,-1,1,0,1,3,4,0,1,1,1,-1,-1,5,-1,3,3,4,5,4,4,5,-1,3,1,3,2,1,2,2,3,5,5,5,-1,4,5,4,2,0,3,2,3,-1,3,5,-1,-1,1,3,-1,0,2,5,3,4
2945.8369692,5,2,1,-1,-1,3,1,4,5,3,1,4,-1,-1,1,-1,-1,3,4,-1,1,0,-1,1,2,4,1,3,1,5,5,1,2,2,4,2,0,5,4,3,3,0,0,-1,0,0,0,2,0,3,0,-1,2,2,-1,1,-1,2,4,-1,4,2,4,1,-1,2,1,3,5,3,0,0,5,2,-1,4,2,5,-1,2,4,4,1,4,5,5,-1,5,0,4
2952.2515378,3,5,3,0,-1,0,2,1,4,-1,-1,-1,1,2,1,2,5,2,0,5,4,1,0,-1,-1,0,4,1,1,3,-1,4,0,1,3,-1,0,-1,0,2,-1,-1,-1,0,4,2,2,-1,5,0,0,5,2,3,1,5,4,4,5,4,0,2,-1,4,2,4,5,2,0,3,3,-1,3,1,-1,-1,1,5,4,1,3,2,5,2,3,1,-1,2,3,4
3101.81226887,3,3,5,0,0,1,2,-1,-1,4,-1,5,5,0,-1,3,1,1,3,5,1,5,0,2,2,3,4,2,2,-1,4,0,1,5,4,1,1,-1,0,3,2,1,3,2,0,5,4,-1,0,0,5,-1,1,5,3,4,4,3,2,0,2,5,-1,2,3,4,4,3,5,0,3,5,0,4,3,-1,-1,1,1,-1,1,3,-1,1,2,4,5,-1,1,4
3086.61986955,-1,2,0,3,0,4,4,3,-1,4,-1,3,-1,1,4,4,1,1,1,2,0,-1,2,5,2,-1,5,1,1,4,4,-1,4,-1,1,3,0,-1,3,5,4,-1,-1,2,0,3,0,4,0,4,0,1,1,3,-1,0,3,-1,3,5,3,5,5,1,1,-1,-1,-1,5,0,1,0,0,4,3,1,4,3,2,-1,-1,2,-1,2,-1,-1,2,0,2,2
3084.59421631,1,0,2,2,3,-1,-1,3,0,-1,4,4,1,-1,0,-1,2,-1,2,0,3,-1,3,5,2,3,3,4,0,0,2,2,0,4,5,0,1,5,-1,1,-1,1,-1,1,-1,4,-1,3,5,3,5,5,-1,1,2,-1,3,-1,4,1,2,0,0,-1,2,4,5,0,2,-1,2,0,1,4,1,3,4,5,4,4,3,0,4,4,1,1,1,0,2,3
3135.57315624,1,0,4,4,0,2,-1,3,1,5,4,3,5,2,5,4,1,3,0,2,3,1,1,4,0,1,-1,2,0,4,-1,2,3,-1,-1,4,-1,5,3,-1,5,3,3,-1,1,4,1,4,0,2,2,0,-1,-1,4,1,3,4,-1,0,4,0,1,5,1,3,-1,3,5,1,0,5,5,0,0,4,3,4,-1,2,2,2,2,5,5,5,2,0,1,1
3074.4659501,5,2,-1,4,3,3,2,1,1,0,1,-1,5,-1,1,3,4,5,4,1,0,3,4,3,1,5,1,4,4,0,3,-1,3,-1,-1,0,5,4,0,5,5,5,2,0,3,-1,1,3,2,4,-1,5,2,4,2,2,2,0,-1,-1,1,4,4,1,0,4,3,0,1,5,2,-1,3,2,5,3,3,5,0,5,2,1,4,-1,-1,3,-1,-1,1,2
2989.72612279,4,2,0,-1,-1,0,3,5,5,5,0,3,3,-1,2,4,0,3,0,1,2,0,5,5,2,2,2,-1,5,2,2,1,0,-1,0,1,3,-1,1,1,-1,2,0,4,4,1,3,3,-1,1,-1,1,4,4,-1,2,0,-1,5,0,0,0,-1,5,4,3,5,2,1,3,3,3,4,-1,2,1,4,4,0,2,1,-1,2,-1,4,4,-1,1,3,-1
2976.55937671,3,1,0,2,0,3,3,0,-1,3,4,2,1,2,-1,-1,1,1,-1,0,1,3,-1,-1,5,0,-1,3,5,3,5,2,2,4,-1,4,4,5,5,4,4,5,-1,0,-1,0,2,4,-1,3,1,2,0,2,0,2,2,4,3,0,0,5,-1,-1,-1,4,5,1,-1,3,4,3,1,0,5,5,5,2,0,2,5,3,1,4,1,0,5,2,4,1
3051.84615556,0,3,5,-1,5,3,1,0,5,4,0,2,3,1,1,3,4,2,5,2,0,2,4,1,-1,0,2,4,-1,2,0,3,1,5,-1,4,-1,5,4,-1,3,-1,0,2,-1,1,-1,5,3,1,4,-1,0,0,3,3,4,4,-1,2,3,0,5,-1,1,2,1,0,2,-1,4,1,3,4,0,-1,0,1,2,2,-1,3,1,2,1,4,-1,5,2,0
2944.14892484,-1,3,1,5,-1,0,2,5,3,1,0,3,1,3,5,-1,4,0,-1,2,0,4,1,5,3,4,3,2,0,-1,4,4,1,2,0,-1,-1,5,-1,1,2,4,5,5,4,3,1,3,-1,1,5,0,1,0,2,0,3,4,3,2,-1,0,-1,-1,5,1,4,1,0,5,2,0,-1,4,0,2,1,5,3,3,3,4,4,4,-1,-1,4,5,1,2
3144.01337809,-1,2,4,1,3,2,0,1,-1,4,1,0,3,1,1,5,1,4,3,-1,1,2,1,1,5,0,2,1,1,0,5,4,-1,5,-1,5,0,4,-1,2,0,-1,-1,-1,2,-1,3,0,0,5,3,3,5,2,4,-1,0,0,4,3,5,1,4,0,3,2,2,0,2,5,4,-1,-1,4,2,3,2,2,3,4,5,3,1,5,3,0,-1,4,1,4
2931.31978763,0,1,4,1,0,4,2,4,-1,2,1,-1,3,5,5,0,3,3,2,4,3,3,5,1,3,2,0,4,1,3,2,3,1,5,2,-1,4,-1,-1,1,4,0,4,5,4,5,0,0,-1,-1,3,-1,3,-1,-1,5,4,5,1,-1,2,3,-1,-1,1,3,1,1,2,3,5,5,-1,-1,4,0,3,1,1,-1,2,5,0,0,0,1,4,2,1,0
3002.89286886,2,2,-1,4,1,4,4,3,2,0,-1,1,-1,2,5,3,5,-1,0,2,-1,-1,5,2,0,0,3,-1,3,4,1,4,2,5,0,4,0,4,2,3,-1,4,3,-1,0,4,2,-1,3,2,5,1,1,5,0,1,-1,4,-1,2,-1,4,2,0,1,3,0,5,0,3,1,1,-1,-1,5,1,1,3,3,-1,4,-1,5,1,3,0,0,-1,3,1
3097.42335351,0,1,2,1,3,3,5,3,3,1,1,3,3,0,1,2,0,-1,1,4,0,1,1,3,0,0,5,2,4,-1,-1,2,4,2,2,4,0,-1,5,-1,-1,2,5,4,3,5,0,2,4,5,0,4,4,2,3,0,2,2,1,3,0,1,-1,-1,5,-1,3,4,2,3,3,1,4,-1,0,4,5,4,-1,5,-1,-1,0,4,1,3,1,-1,4,5
3085.26943406,3,4,3,5,5,2,4,2,2,0,3,1,0,1,1,0,2,1,4,1,-1,-1,3,0,1,5,0,4,4,0,5,5,0,-1,3,5,1,1,-1,2,2,4,2,4,0,3,-1,2,5,1,0,2,-1,0,4,-1,3,2,-1,0,1,4,4,5,-1,3,-1,-1,-1,-1,1,3,5,3,2,0,-1,4,4,-1,2,2,1,-1,3,1,0,4,2,5
3010.65787296,4,2,0,5,5,1,3,0,5,3,3,5,1,4,1,1,-1,2,0,4,3,-1,0,4,2,2,3,2,5,4,4,1,3,-1,4,0,-1,0,4,-1,5,5,2,5,0,2,0,0,3,3,1,-1,3,4,0,2,-1,0,5,5,3,0,-1,2,-1,0,5,1,2,4,-1,2,-1,1,1,1,2,3,1,1,5,-1,0,-1,4,4,-1,1,3,-1
3117.00466819,4,5,5,0,0,3,-1,5,-1,3,5,2,-1,2,0,-1,2,2,1,1,-1,5,-1,5,0,0,0,0,1,3,5,3,4,2,4,1,5,4,0,-1,1,-1,1,4,0,4,2,-1,4,3,3,1,3,4,5,3,0,5,-1,-1,3,1,4,0,3,-1,4,5,0,5,2,3,1,1,1,2,2,1,4,1,4,2,2,2,1,5,3,2,4,-1
2966.09350163,4,1,4,2,5,3,1,-1,5,2,3,4,2,3,4,5,5,0,-1,-1,5,0,0,3,4,0,-1,-1,5,1,4,2,0,1,-1,-1,0,-1,5,0,4,3,-1,3,1,1,1,4,3,5,1,0,4,2,-1,3,-1,4,0,-1,-1,2,-1,4,5,2,4,2,5,0,1,0,2,4,2,-1,0,-1,3,5,2,1,3,1,2,1,0,3,4,3
2965.41828388,0,5,2,2,4,2,-1,0,2,-1,-1,3,0,4,-1,3,5,4,4,3,2,2,0,-1,5,2,-1,-1,1,-1,-1,4,4,5,-1,1,3,1,1,-1,4,-1,-1,-1,1,3,0,4,5,5,3,4,5,1,3,1,-1,1,4,1,1,5,2,3,0,2,4,5,1,-1,3,1,2,3,4,5,3,2,4,0,0,0,0,2,-1,1,0,2,0,0
3015.72200607,5,5,1,4,5,1,-1,3,-1,0,2,5,2,4,5,3,5,0,5,2,-1,0,4,4,3,2,2,-1,3,0,1,2,1,1,5,5,4,0,2,3,1,3,1,3,3,0,3,3,5,-1,4,5,2,1,3,2,4,0,0,0,-1,1,1,4,3,-1,1,0,2,-1,3,0,2,0,0,-1,-1,3,3,4,0,4,2,-1,1,4,-1,2,1,4
3123.41923679,3,3,0,1,4,1,0,0,-1,-1,3,5,4,5,1,2,1,0,2,1,4,5,4,0,5,0,0,2,3,1,0,1,4,3,3,5,4,0,2,-1,3,1,3,2,-1,-1,3,1,5,0,5,-1,0,-1,5,3,3,2,1,3,2,1,1,2,-1,2,-1,4,5,1,5,4,4,4,2,1,5,5,0,2,0,4,2,-1,2,4,-1,1,-1,3
3082.56856307,3,0,3,2,5,-1,2,-1,3,1,0,-1,4,5,1,0,2,1,-1,3,1,2,3,0,4,3,2,4,1,3,2,-1,2,4,5,0,-1,2,0,2,4,5,0,4,4,1,3,0,0,-1,5,5,2,1,5,0,4,0,0,2,-1,2,2,5,1,3,5,4,1,0,-1,-1,4,-1,5,3,4,3,-1,1,-1,-1,1,3,4,-1,3,1,5,-1
3008.96982859,2,1,-1,0,4,2,4,2,-1,5,0,-1,4,0,0,0,4,-1,3,5,0,0,2,3,4,3,3,-1,-1,4,4,1,5,-1,0,5,1,5,5,2,2,5,-1,3,1,1,4,5,2,0,3,4,1,3,-1,4,1,3,3,2,5,5,2,-1,1,2,2,-1,3,5,3,0,2,2,4,4,0,1,1,0,1,5,2,3,0,4,-1,-1,-1,-1
2875.95193234,3,0,3,0,1,3,2,4,0,3,3,5,1,0,4,0,2,0,-1,-1,2,3,5,-1,3,5,1,4,-1,5,3,5,5,-1,4,2,5,0,3,3,2,2,1,2,5,-1,-1,2,-1,2,5,0,-1,-1,4,1,4,-1,-1,1,4,3,4,1,4,2,0,1,1,4,-1,3,-1,0,-1,3,4,-1,-1,0,5,2,3,4,4,2,-1,1,-1,-1
3000.52960675,2,4,1,-1,5,2,5,2,2,-1,4,1,3,0,0,2,1,-1,3,3,4,-1,0,5,1,4,-1,0,5,3,1,0,4,5,2,1,-1,1,-1,0,3,3,0,2,3,3,2,1,2,-1,2,-1,3,1,5,3,4,1,4,3,5,4,0,-1,0,-1,0,0,-1,4,4,0,-1,5,1,4,2,1,0,2,5,1,1,2,-1,-1,4,5,4,3
3119.3679303,3,2,1,-1,0,0,3,2,-1,-1,3,5,5,4,5,1,2,3,1,-1,2,1,0,2,1,3,-1,2,0,3,-1,1,4,4,4,1,0,4,-1,5,-1,0,1,1,1,2,3,4,5,0,3,5,5,2,4,5,5,3,4,1,3,4,5,0,4,2,2,5,-1,5,-1,4,1,4,5,2,0,2,1,4,0,3,0,1,-1,2,-1,3,0,-1
3157.18012416,0,4,3,3,3,0,4,4,5,1,5,0,3,3,-1,2,5,1,1,2,5,1,3,1,0,2,1,3,0,3,4,3,1,3,0,2,5,4,4,-1,-1,-1,5,-1,0,-1,5,0,-1,5,1,2,0,5,3,4,2,1,4,0,1,2,-1,0,-1,-1,0,4,0,1,2,2,5,4,1,3,0,-1,1,0,5,-1,2,5,2,4,4,1,-1,2
2901.27259787,0,4,4,1,2,5,5,-1,2,2,4,4,1,1,3,-1,5,-1,3,0,1,1,3,0,-1,-1,0,1,1,3,4,2,4,5,2,0,1,2,0,1,5,1,3,3,0,5,2,1,-1,-1,-1,3,-1,4,-1,2,3,-1,4,3,5,5,2,3,-1,2,2,5,0,2,3,0,-1,0,5,5,3,-1,1,2,0,-1,4,0,0,5,4,-1,4,-1
3003.56808661,3,-1,5,5,5,3,5,2,-1,-1,0,1,4,2,1,4,3,3,-1,5,3,-1,-1,1,1,5,2,3,0,0,4,5,4,4,1,2,1,4,4,5,2,0,4,1,0,2,4,0,1,-1,-1,5,-1,3,4,4,-1,1,1,2,0,1,3,-1,2,5,1,3,1,4,3,0,-1,-1,1,0,2,2,3,5,2,3,0,0,0,0,-1,2,5,3
3117.67988593,2,0,2,-1,4,-1,0,3,-1,5,2,-1,1,0,3,3,0,5,4,1,4,4,2,1,3,1,5,-1,4,1,4,5,1,3,2,1,5,3,5,3,5,2,-1,5,3,-1,1,4,3,4,0,-1,4,4,1,0,0,0,1,4,0,-1,0,1,0,2,2,2,3,-1,3,3,-1,5,2,2,4,4,3,1,-1,-1,4,5,0,1,-1,5,2,-1
3069.40181699,0,5,2,-1,5,1,1,1,1,4,1,2,2,0,1,2,1,5,2,2,-1,5,4,-1,0,2,5,-1,3,3,2,5,4,1,3,3,0,5,0,0,4,4,1,2,3,4,0,4,-1,3,0,5,3,3,-1,-1,1,4,1,4,0,-1,-1,4,2,-1,1,0,2,3,3,1,2,5,3,0,4,4,4,5,-1,-1,-1,5,0,5,0,-1,2,4
3061.97442177,5,-1,-1,2,5,3,4,1,4,-1,2,-1,-1,0,4,-1,1,5,1,5,2,4,2,5,3,4,1,1,5,5,1,4,1,2,1,4,3,2,3,-1,5,0,5,3,4,0,-1,0,4,5,0,0,2,4,0,1,0,3,5,4,1,-1,3,2,-1,-1,5,0,1,0,4,1,1,2,2,3,3,3,2,3,2,-1,2,0,3,5,-1,3,3,0
3084.93182518,5,2,-1,2,5,1,-1,-1,0,-1,3,5,0,-1,0,2,1,0,-1,0,2,5,-1,3,1,-1,0,0,3,1,0,-1,4,4,-1,4,-1,-1,3,-1,2,3,3,1,0,4,0,3,1,0,1,4,2,2,4,1,-1,5,3,1,5,1,4,4,4,3,0,4,5,1,2,3,2,4,-1,3,1,2,3,2,0,-1,4,5,3,4,1,1,5,2
2986.35003405,4,1,0,1,-1,5,0,3,3,3,-1,5,-1,0,1,1,3,3,2,1,-1,3,4,1,2,5,4,3,0,2,-1,4,4,1,0,-1,1,3,-1,3,0,5,5,2,2,0,5,3,5,4,4,3,0,1,5,5,3,2,4,5,5,2,-1,-1,0,0,2,4,0,5,2,-1,4,4,0,1,-1,1,2,1,5,2,4,-1,-1,4,4,0,-1,2
2787.16079855,1,-1,2,2,4,-1,-1,-1,4,3,-1,0,1,-1,-1,4,-1,0,2,0,2,-1,0,-1,3,-1,3,0,3,1,5,-1,0,0,-1,-1,4,4,5,3,0,3,-1,5,0,5,-1,1,5,4,1,5,0,4,1,0,3,2,5,-1,5,0,1,5,-1,-1,3,0,-1,1,2,2,3,4,4,3,2,1,3,4,2,0,4,5,2,0,2,4,3,3
2861.77235964,0,-1,3,2,4,-1,-1,2,2,-1,4,-1,0,2,4,4,-1,-1,0,5,2,3,2,-1,2,2,4,-1,3,1,2,5,0,5,0,3,4,3,5,0,1,1,0,3,5,2,4,1,5,-1,4,0,1,3,-1,-1,-1,4,1,0,4,2,-1,3,3,1,0,5,5,1,-1,2,0,0,-1,5,1,-1,5,3,1,3,4,-1,1,0,1,1,0,5
3087.2950873,4,1,-1,3,2,2,2,2,4,2,-1,3,4,5,-1,1,-1,3,2,-1,5,-1,1,4,-1,0,2,5,1,5,3,-1,4,0,5,0,2,-1,4,-1,2,3,5,1,3,5,1,2,0,4,-1,0,4,5,1,1,1,5,0,0,0,2,-1,4,3,4,2,-1,-1,-1,3,2,-1,4,5,1,0,0,3,3,1,5,1,0,1,1,3,0,3,0
3138.61163611,2,3,0,0,3,-1,5,-1,-1,3,0,0,5,1,5,4,-1,4,3,0,1,5,2,5,0,1,0,-1,2,1,1,5,2,4,0,4,4,0,4,4,5,-1,5,3,1,4,3,2,5,-1,3,0,4,4,1,5,1,1,-1,2,-1,2,3,3,1,2,2,3,2,0,2,4,1,3,3,4,0,2,0,2,-1,5,1,-1,1,2,3,-1,5,2
3109.57727296,4,5,-1,4,1,-1,-1,4,0,1,0,1,-1,4,1,2,5,0,2,4,3,1,2,0,0,-1,4,1,2,3,3,-1,3,3,2,3,-1,0,4,3,-1,3,-1,0,1,1,3,2,-1,1,5,5,5,5,3,3,4,1,-1,0,5,2,0,2,3,0,4,-1,5,3,4,1,0,4,-1,4,-1,4,5,-1,5,-1,1,0,5,4,0,2,1,2
3013.69635282,-1,-1,4,1,3,0,-1,4,0,2,0,2,2,3,1,0,0,4,2,2,4,0,1,-1,-1,3,0,3,2,1,2,-1,4,-1,-1,5,3,4,0,5,0,2,1,0,3,-1,2,4,-1,4,2,5,1,2,1,0,1,2,3,5,3,3,3,-1,0,5,-1,4,3,-1,-1,5,-1,1,4,4,0,1,3,5,4,2,0,5,1,4,5,-1,3,4
2955.96523542,-1,3,0,2,0,5,3,-1,1,4,-1,3,1,-1,-1,0,-1,1,4,5,0,3,4,4,1,-1,5,5,2,4,0,3,2,-1,0,2,0,2,5,2,-1,-1,1,-1,1,1,2,3,1,0,-1,-1,0,2,1,3,4,3,5,1,0,3,2,5,-1,4,2,1,1,0,3,4,3,4,1,5,-1,4,2,-1,3,2,3,5,2,0,2,0,-1,4
3111.26531733,0,-1,0,5,0,0,-1,5,5,2,1,3,2,3,1,-1,0,1,0,4,4,-1,-1,4,-1,5,0,4,5,5,4,-1,1,3,5,0,-1,3,2,4,1,2,2,2,2,4,1,2,-1,5,4,1,0,0,5,1,3,4,2,4,3,1,3,3,-1,1,-1,3,-1,1,-1,2,2,3,2,3,0,0,5,1,4,1,0,4,2,4,1,0,4,-1
2988.71329617,1,-1,-1,4,4,2,0,3,1,1,4,3,1,3,5,0,2,2,2,3,-1,1,4,2,3,4,0,-1,0,5,1,5,4,2,1,1,5,0,5,-1,0,5,0,2,3,-1,4,3,5,0,5,5,1,4,4,5,3,1,4,2,2,2,1,-1,0,-1,2,0,4,3,2,4,-1,-1,2,-1,4,0,0,3,0,-1,-1,-1,3,3,-1,1,5,1
2998.50395351,-1,5,0,2,3,3,2,1,1,5,2,4,2,3,4,4,3,3,3,2,-1,1,4,5,3,1,-1,2,5,2,2,5,0,1,5,1,-1,0,4,0,5,1,4,1,3,1,2,0,-1,5,2,0,4,-1,-1,-1,3,4,0,-1,-1,-1,0,5,5,5,1,4,2,4,-1,4,1,3,3,4,0,-1,1,0,-1,3,-1,4,0,4,0,-1,3,1
2866.49888388,-1,-1,0,3,2,5,4,1,5,5,3,2,0,4,5,5,4,1,-1,5,2,-1,0,4,2,2,3,0,1,0,-1,1,2,2,2,5,4,0,-1,5,4,0,0,2,3,4,5,1,-1,4,-1,5,-1,1,2,0,1,3,1,3,1,5,3,-1,1,0,4,2,-1,3,-1,-1,-1,4,-1,1,-1,3,4,3,2,3,4,1,5,1,4,0,3,2
2968.11915487,3,2,2,2,0,2,0,1,2,3,3,0,0,1,4,5,4,3,2,3,4,0,-1,5,3,5,4,1,-1,3,-1,3,5,-1,1,3,1,0,-1,0,4,2,2,4,0,-1,3,4,1,0,5,3,4,1,2,1,4,5,5,4,2,4,4,-1,-1,5,-1,4,1,-1,-1,-1,-1,-1,0,-1,0,-1,3,2,1,1,0,3,2,3,4,-1,4,0
2876.62715009,5,3,3,2,0,0,-1,4,5,3,5,0,-1,0,4,-1,-1,4,5,4,-1,0,4,5,2,4,0,1,1,-1,3,4,2,-1,1,3,1,-1,2,1,0,1,2,0,0,-1,3,3,-1,5,2,2,0,2,1,2,-1,5,-1,4,3,-1,3,-1,2,0,1,5,4,-1,-1,3,-1,-1,3,0,-1,2,5,1,3,1,5,3,-1,1,2,-1,5,0
3062.64963952,1,3,0,0,-1,2,0,2,4,1,-1,5,4,5,-1,2,3,1,-1,4,2,0,3,5,3,0,3,5,0,0,4,3,4,3,2,5,4,5,-1,1,1,2,5,2,2,-1,-1,-1,5,-1,2,1,4,2,5,2,-1,4,1,3,1,5,4,-1,4,3,5,0,0,4,3,4,1,3,0,4,2,2,5,3,-1,0,5,2,1,1,1,4,0,0
2899.5845535,2,4,1,4,0,1,3,0,3,2,3,-1,2,3,1,3,5,-1,5,0,3,-1,0,4,5,5,-1,-1,0,2,2,-1,-1,-1,0,2,2,4,0,3,1,5,3,2,1,4,2,0,1,-1,1,4,-1,4,5,1,5,3,3,-1,3,4,-1,4,1,1,0,1,3,4,0,-1,-1,5,5,2,0,5,-1,2,3,5,2,-1,2,-1,1,5,5,4
3129.15858764,1,2,2,1,2,5,4,-1,4,4,5,5,2,-1,2,0,-1,0,4,1,0,3,2,0,0,5,1,5,1,0,-1,5,0,1,4,1,0,-1,3,3,-1,4,5,4,0,-1,2,0,3,1,5,3,4,0,1,1,0,0,5,4,5,1,2,3,2,-1,1,-1,3,-1,2,4,2,1,4,5,5,2,0,4,3,3,3,4,-1,3,2,1,-1,-1
3059.27355078,4,4,2,2,4,3,3,-1,5,3,0,-1,-1,0,5,4,-1,5,4,2,4,5,5,2,1,3,4,3,-1,0,0,1,1,5,1,2,0,-1,4,-1,1,5,5,-1,5,3,2,5,4,-1,-1,2,3,0,2,3,-1,4,1,5,0,4,3,1,3,0,3,0,2,2,-1,2,1,1,5,0,3,0,-1,4,0,1,1,4,2,1,3,3,-1,-1
3129.83380539,0,4,0,0,-1,3,2,3,5,1,4,1,5,3,4,-1,3,0,5,2,4,2,0,3,1,0,0,2,1,2,1,-1,3,-1,2,2,-1,-1,3,1,-1,-1,4,4,2,5,-1,4,4,5,5,5,0,3,-1,0,1,1,4,4,1,5,2,3,2,3,0,1,0,1,1,0,5,5,4,2,2,1,0,2,5,0,-1,2,4,3,-1,-1,3,4
2938.07196511,0,2,-1,5,0,0,3,3,1,4,0,2,2,-1,4,4,4,-1,1,3,-1,5,0,4,-1,2,-1,4,3,5,-1,0,0,-1,-1,3,5,0,5,2,2,4,5,1,3,5,-1,5,2,4,0,3,5,3,-1,3,-1,1,4,5,5,-1,4,2,0,5,5,4,-1,4,2,3,2,1,2,3,1,1,0,3,1,-1,4,1,1,3,1,0,1,0
3240.56951597,-1,3,3,4,4,0,2,4,-1,2,-1,-1,3,4,0,2,-1,0,2,0,5,3,1,3,4,-1,3,-1,3,1,-1,3,4,2,1,0,0,-1,5,4,1,2,-1,0,2,5,5,5,1,2,0,3,5,3,5,-1,-1,0,2,1,0,1,0,0,3,4,1,5,5,1,2,3,4,4,-1,1,1,2,5,4,4,4,4,0,1,3,0,-1,1,2
3015.04678832,2,-1,2,4,2,3,0,-1,1,4,0,0,1,0,1,-1,4,4,0,5,5,5,-1,5,3,5,2,0,0,-1,2,5,4,3,1,3,2,3,4,5,3,4,3,-1,4,4,4,1,-1,2,-1,5,0,3,1,5,2,1,2,-1,4,0,5,3,3,-1,4,1,5,-1,1,3,2,1,0,0,-1,3,1,4,0,1,1,2,-1,3,1,0,2,-1
3033.95288525,-1,-1,2,-1,3,2,2,0,0,-1,1,5,3,3,4,5,-1,3,2,-1,2,3,0,4,0,-1,-1,1,-1,3,1,1,4,-1,2,-1,3,5,1,4,5,0,4,1,4,3,-1,5,-1,5,2,4,-1,2,0,5,5,2,0,1,3,4,3,0,0,-1,1,1,5,5,2,4,0,4,-1,-1,1,2,1,1,3,4,1,-1,2,4,3,1,0,4
2996.47830026,1,-1,1,4,-1,1,-1,0,4,2,4,-1,0,5,1,-1,3,-1,-1,1,4,4,1,-1,3,2,-1,2,0,-1,1,1,4,1,4,1,2,0,-1,0,1,0,5,3,2,3,0,4,5,2,2,2,0,0,2,2,4,1,3,5,0,5,4,3,3,4,0,4,2,-1,3,5,-1,-1,4,-1,1,-1,3,0,0,0,3,3,-1,-1,3,1,-1,2
3056.23507091,3,-1,2,0,-1,4,3,3,0,0,1,4,4,2,0,1,5,5,4,5,1,0,1,0,-1,1,3,3,3,4,0,0,3,5,1,-1,-1,5,2,1,4,2,4,1,5,5,0,1,-1,-1,3,4,4,-1,0,2,0,-1,1,5,-1,2,3,2,3,5,2,4,4,-1,5,2,-1,3,1,4,0,3,2,4,2,1,2,4,-1,0,3,1,3,-1
3146.71424908,2,1,0,5,1,-1,1,0,4,5,2,4,0,5,1,2,2,5,4,3,3,3,0,-1,-1,3,4,0,1,1,4,5,1,3,0,2,-1,-1,-1,0,3,-1,5,4,0,3,1,2,0,3,3,2,2,5,5,-1,4,2,4,5,3,2,1,-1,1,-1,3,3,0,2,2,3,5,1,-1,2,-1,0,4,3,0,0,1,1,1,4,4,-1,2,4
3022.47418354,2,4,-1,-1,3,-1,4,-1,-1,-1,0,1,2,1,5,3,1,2,-1,2,2,3,2,5,0,4,3,4,-1,5,3,-1,2,2,1,2,0,1,0,0,4,1,5,-1,5,5,3,4,5,4,4,3,1,3,3,1,0,-1,0,2,1,4,0,5,0,3,-1,1,3,0,5,5,1,4,2,5,0,1,2,2,3,-1,4,0,5,0,-1,4,-1,-1
2954.95240879,5,0,2,5,0,0,4,4,4,-1,4,5,-1,2,5,5,0,4,1,2,3,-1,5,0,3,5,1,2,3,3,3,0,1,5,1,0,5,0,1,0,-1,-1,2,4,2,4,1,4,3,1,-1,5,-1,4,2,-1,1,3,-1,5,-1,-1,2,3,1,4,2,4,4,-1,-1,3,3,-1,0,4,3,-1,3,2,1,1,-1,1,-1,3,0,2,2,-1
3007.6193931,1,-1,0,4,0,-1,4,-1,-1,-1,2,4,5,3,4,0,1,5,1,3,0,4,3,1,2,1,-1,1,5,-1,2,5,3,3,2,4,2,4,3,-1,-1,5,2,-1,2,0,-1,-1,3,5,0,5,1,2,-1,4,1,1,-1,1,0,5,2,3,5,2,-1,1,1,-1,-1,0,1,5,4,0,2,-1,2,3,-1,0,1,4,-1,3,5,0,5,0
3066.700946,0,4,-1,2,4,4,4,-1,3,4,3,3,-1,2,4,1,0,5,3,-1,4,1,-1,2,0,-1,1,0,-1,0,3,3,5,0,1,1,1,4,2,-1,1,2,-1,0,1,1,5,2,1,-1,-1,3,0,-1,5,0,2,2,5,2,3,2,1,5,4,4,5,3,-1,-1,3,-1,3,-1,1,1,5,-1,0,0,3,0,0,-1,0,3,2,5,5,4
3142.32533372,-1,3,3,1,-1,5,-1,-1,2,0,0,0,3,3,4,1,0,3,0,1,0,5,4,0,2,2,4,4,5,2,4,1,-1,5,-1,2,5,1,4,4,0,1,0,-1,-1,-1,5,-1,5,4,1,2,-1,3,2,5,-1,0,0,2,2,4,2,5,0,5,2,4,2,4,1,1,3,-1,5,3,1,3,3,-1,1,0,2,5,0,1,3,3,4,1
2775.00687909,-1,3,4,0,5,4,-1,0,-1,2,-1,-1,4,-1,2,-1,2,-1,3,-1,1,2,-1,0,4,-1,0,5,-1,0,-1,3,-1,5,1,5,1,3,1,5,1,2,1,0,4,2,4,3,0,2,5,3,0,1,2,3,2,-1,1,5,5,3,1,3,-1,-1,-1,5,5,-1,4,0,-1,0,1,-1,4,2,1,5,0,0,3,3,5,2,0,1,2,1
2950.56349344,0,4,4,-1,3,2,-1,3,-1,4,4,2,1,5,1,4,0,5,-1,3,0,0,1,-1,3,1,3,-1,0,2,-1,4,3,-1,4,5,0,2,1,4,5,3,-1,5,3,-1,4,2,0,4,-1,3,5,-1,2,1,1,4,1,1,4,3,2,2,3,1,-1,2,0,5,2,1,-1,2,1,-1,3,2,4,5,-1,-1,1,0,0,2,2,3,0,0
3028.21353439,0,2,2,3,2,4,-1,3,-1,4,1,5,2,3,0,-1,1,4,1,4,2,3,4,-1,4,1,5,2,5,5,2,0,3,-1,3,-1,0,0,-1,0,4,1,3,0,5,0,-1,0,5,5,5,5,1,4,3,-1,3,1,0,2,-1,1,1,-1,1,5,1,2,-1,0,4,3,2,2,3,0,4,1,2,0,2,0,4,5,1,-1,4,-1,1,3
2913.7641262,1,1,0,2,3,-1,2,3,5,4,4,3,4,-1,-1,3,5,-1,-1,1,1,-1,0,-1,0,2,-1,-1,3,2,4,-1,2,0,2,-1,5,1,1,5,5,3,-1,5,4,5,4,-1,-1,2,0,4,1,4,5,3,-1,1,5,0,3,1,1,1,4,0,0,4,3,2,2,0,0,2,2,4,-1,1,1,0,5,-1,0,2,3,2,-1,3,3,4
3122.40641017,1,3,1,1,5,3,-1,3,-1,2,-1,-1,0,2,0,4,4,4,4,-1,3,3,0,3,1,1,5,2,0,-1,1,3,3,2,0,0,3,-1,5,0,-1,-1,3,-1,5,1,2,2,5,4,3,1,4,5,2,5,4,-1,2,2,-1,0,1,0,2,-1,1,5,0,0,-1,5,4,3,4,1,0,0,2,0,4,4,1,4,2,5,2,3,5,1
3024.49983678,4,-1,4,3,4,4,2,1,0,3,2,2,0,2,-1,2,3,2,3,3,3,3,-1,2,-1,0,5,-1,-1,-1,2,1,4,1,1,0,-1,-1,4,0,2,5,5,1,1,-1,0,0,3,5,-1,1,0,1,1,0,5,4,-1,4,3,1,2,0,-1,3,4,0,-1,2,4,1,1,5,2,0,4,3,4,4,4,-1,1,-1,3,-1,-1,0,-1,0
3153.12881768,1,5,3,5,-1,3,0,3,3,0,-1,4,0,3,1,2,3,4,5,0,5,2,4,2,0,3,0,1,1,5,0,4,2,4,0,3,0,-1,1,4,4,5,-1,3,4,2,0,2,-1,1,1,-1,-1,1,1,5,0,-1,5,2,2,3,4,2,2,5,0,-1,-1,2,4,3,1,3,2,5,2,-1,-1,0,-1,3,1,5,-1,4,4,2,5,-1
3113.62857945,3,2,4,-1,2,0,4,-1,1,0,1,0,2,3,2,1,0,5,-1,1,2,3,4,0,-1,1,1,-1,4,-1,5,4,5,5,-1,3,5,5,4,1,5,2,1,5,-1,5,3,4,2,0,0,3,1,1,-1,-1,5,-1,3,4,0,1,2,-1,0,-1,4,4,2,0,3,2,2,3,-1,3,5,2,0,5,-1,2,0,4,4,3,4,0,1,0
3022.81179242,3,1,1,5,1,2,4,4,1,-1,-1,1,2,5,4,2,4,-1,3,2,2,4,2,4,2,-1,2,0,0,4,1,-1,1,4,0,4,5,-1,5,-1,0,2,1,1,0,4,3,5,0,1,0,3,5,5,-1,2,-1,3,-1,3,3,0,2,5,2,-1,2,3,3,1,-1,0,0,3,3,1,4,5,5,-1,0,0,4,2,-1,2,-1,3,3,-1
3014.37157057,1,0,4,4,2,0,0,2,-1,2,1,3,2,3,3,2,4,1,0,3,0,1,4,5,1,2,0,1,-1,4,-1,4,0,1,3,0,-1,2,2,0,3,2,4,3,-1,4,-1,5,5,5,5,1,4,5,-1,3,-1,-1,5,4,3,-1,3,4,5,-1,0,2,5,3,0,5,2,1,0,1,-1,2,3,4,1,5,-1,0,2,4,1,3,3,1
2965.08067501,1,4,2,5,5,-1,-1,3,4,3,0,0,-1,-1,0,4,-1,2,2,-1,2,3,1,2,2,4,4,-1,-1,0,3,4,4,-1,3,2,1,-1,1,0,3,2,5,4,2,1,3,4,1,-1,0,-1,5,5,0,1,-1,-1,1,3,1,5,1,2,4,0,3,2,5,0,-1,1,-1,5,-1,4,0,3,-1,3,3,1,5,1,3,3,-1,4,2,-1
2952.2515378,1,3,1,2,-1,5,3,5,-1,4,-1,5,1,2,-1,3,4,0,1,0,0,4,-1,0,5,0,4,-1,-1,1,4,1,3,-1,1,2,1,4,5,-1,2,1,4,4,4,5,-1,4,3,3,0,5,5,4,4,0,2,0,0,0,2,1,5,3,3,-1,3,3,-1,0,-1,0,-1,1,2,3,1,-1,0,2,2,4,-1,1,0,-1,2,5,3,2
3006.60656648,-1,0,2,4,2,4,1,5,0,-1,-1,1,4,3,-1,0,0,3,2,0,-1,2,0,5,5,1,4,4,2,3,1,4,2,3,2,5,-1,5,3,2,-1,5,0,3,2,4,2,0,4,4,-1,2,-1,1,5,-1,5,3,-1,0,-1,0,1,1,0,1,4,4,3,3,0,5,-1,4,-1,4,1,1,4,-1,3,5,2,0,2,0,1,3,-1,3
3181.48796307,0,3,5,2,-1,-1,2,3,1,3,4,1,3,3,5,-1,1,-1,1,3,1,-1,5,2,0,4,4,5,4,0,-1,4,1,0,5,1,0,4,2,4,0,-1,-1,1,0,-1,4,-1,5,1,1,5,-1,0,1,4,1,3,3,1,3,4,3,2,3,5,2,0,3,3,2,4,0,0,3,4,5,5,4,-1,5,0,2,0,2,-1,2,2,5,2
2887.43063405,-1,0,1,-1,5,4,0,1,-1,3,1,-1,0,4,4,3,5,5,2,4,2,0,1,2,5,1,-1,4,1,3,1,0,0,2,2,-1,5,1,3,-1,0,2,2,2,0,3,2,1,5,1,4,-1,-1,0,5,3,3,4,1,4,5,4,0,3,-1,2,4,-1,3,4,-1,3,3,0,-1,-1,-1,3,-1,0,0,5,4,-1,5,-1,2,5,-1,4
3043.40593371,4,4,0,4,5,-1,-1,1,2,-1,2,3,2,0,0,2,0,5,0,0,3,-1,1,4,0,4,3,3,1,2,-1,1,-1,1,0,1,2,4,-1,3,-1,4,1,3,-1,4,3,3,-1,3,2,5,4,1,2,-1,4,1,5,4,2,5,3,-1,-1,-1,2,-1,2,2,0,4,5,1,0,5,1,3,0,0,0,1,2,3,-1,5,3,0,1,3
3070.75225249,3,2,2,-1,0,0,3,2,-1,5,4,5,0,0,-1,1,3,2,3,-1,1,3,5,4,1,0,4,5,4,5,1,-1,-1,4,1,2,2,5,5,3,2,-1,4,0,4,4,-1,-1,2,3,0,2,-1,3,-1,-1,1,1,3,1,2,1,3,1,3,4,1,5,-1,0,1,-1,2,0,1,2,-1,4,1,3,4,5,5,4,0,0,0,5,3,4
3038.67940948,2,4,5,1,4,0,0,4,-1,0,2,1,5,4,3,-1,0,1,3,0,3,5,2,0,1,5,-1,5,3,3,1,5,2,1,5,3,-1,1,3,-1,4,5,2,-1,-1,1,3,4,-1,0,2,3,2,2,-1,1,-1,4,0,1,4,4,-1,-1,1,5,0,2,2,4,5,-1,0,2,2,1,-1,2,1,2,4,5,0,4,3,1,0,3,-1,4
2964.74306613,1,-1,3,-1,-1,3,5,5,2,4,4,4,0,2,1,3,5,2,4,3,-1,5,4,4,1,1,5,-1,4,2,1,1,1,1,2,5,0,5,3,4,2,0,1,-1,5,3,5,0,0,0,0,2,2,1,3,2,-1,2,0,0,3,4,0,-1,0,4,1,2,1,-1,2,-1,-1,0,3,-1,2,4,5,3,-1,5,1,-1,-1,4,0,3,4,5
3080.20530095,2,5,3,0,4,-1,2,1,3,4,-1,-1,5,4,0,-1,-1,-1,4,1,1,4,1,-1,2,0,1,1,3,-1,5,-1,3,5,1,-1,2,4,0,3,4,3,5,2,1,2,0,2,3,5,4,5,0,0,4,4,-1,0,0,2,0,4,1,0,0,5,-1,-1,2,1,2,3,-1,-1,1,3,2,2,2,4,3,0,5,2,3,1,1,5,3,4
3059.94876853,1,3,-1,4,1,-1,-1,3,-1,1,0,3,5,-1,5,-1,5,2,2,2,2,1,5,-1,2,1,0,3,5,4,2,-1,0,3,2,4,-1,2,4,4,2,4,5,1,0,3,0,0,0,3,4,5,-1,5,-1,3,1,1,0,0,4,5,1,-1,3,4,0,1,0,-1,4,1,2,5,-1,0,1,5,0,4,0,-1,3,5,2,3,1,4,5,1
2945.16175146,1,3,4,-1,5,0,5,-1,1,5,-1,2,4,4,1,5,5,-1,0,-1,5,3,2,0,3,0,4,5,-1,0,2,5,2,-1,2,0,5,1,3,5,3,-1,1,4,-1,0,4,-1,2,3,1,1,-1,0,5,1,0,1,2,0,-1,2,2,0,2,5,3,4,0,3,1,2,-1,-1,3,-1,2,-1,1,2,-1,-1,4,2,3,0,-1,4,3,3
3200.39406,0,5,1,0,4,5,-1,-1,1,-1,4,1,2,5,-1,-1,0,1,2,1,3,4,5,0,4,2,1,5,3,2,2,2,3,4,-1,3,1,5,5,0,3,-1,2,0,4,-1,0,-1,1,1,0,3,0,3,2,4,4,0,2,1,3,-1,3,0,4,3,2,5,0,5,4,-1,1,3,-1,1,3,2,2,0,0,4,2,4,5,3,4,5,5,2
3054.54702655,2,3,3,4,0,0,0,1,2,1,0,5,1,4,2,-1,0,1,5,0,-1,5,-1,-1,5,2,0,3,0,3,0,4,-1,-1,1,5,3,-1,5,5,2,-1,1,-1,1,-1,3,3,0,-1,2,3,4,1,4,2,3,1,-1,-1,-1,0,4,2,2,1,1,4,2,4,5,1,4,4,4,5,4,3,2,5,-1,3,0,1,2,3,0,-1,2,5
2980.6106832,5,0,2,-1,4,2,1,-1,5,-1,4,3,-1,3,-1,1,4,3,4,-1,2,1,-1,0,0,-1,0,0,-1,5,-1,5,0,4,0,4,1,5,1,1,-1,4,1,1,-1,3,3,3,0,-1,4,-1,1,5,0,5,-1,-1,2,4,2,1,4,3,3,1,0,0,4,2,1,2,0,5,3,5,0,2,2,3,2,3,1,4,5,2,4,2,-1,2
2975.20894122,-1,-1,2,4,0,2,-1,-1,-1,1,0,1,4,2,5,4,5,5,2,1,2,-1,4,0,-1,1,5,3,3,0,5,2,-1,3,5,1,3,1,5,4,0,4,2,4,0,3,0,3,5,-1,2,1,4,5,-1,2,3,2,5,4,0,-1,0,5,2,2,5,-1,4,3,3,-1,1,1,1,3,0,4,4,0,-1,-1,4,-1,4,3,1,0,0,2
3026.52549003,3,-1,0,-1,2,1,5,5,3,3,0,5,2,0,-1,2,1,-1,2,3,0,0,4,-1,5,1,2,3,1,-1,-1,0,4,2,1,4,3,4,3,1,0,5,-1,5,0,5,5,5,5,1,3,1,3,0,2,0,4,4,1,2,4,1,-1,5,3,-1,2,1,3,0,1,0,4,3,4,-1,2,-1,4,2,2,1,0,-1,4,5,1,-1,5,4
3108.90205522,3,2,0,1,0,4,0,2,2,-1,1,3,4,-1,-1,0,3,2,-1,-1,1,3,5,3,1,2,5,4,2,5,0,-1,3,0,0,4,1,2,-1,4,0,-1,2,3,4,-1,0,4,-1,-1,1,1,2,4,5,-1,1,1,2,3,4,5,2,0,3,0,5,3,4,4,3,4,3,2,4,1,3,2,0,3,3,1,-1,5,5,-1,5,1,5,-1
2951.91392893,3,1,2,1,-1,2,4,0,0,-1,2,2,2,-1,4,-1,5,4,5,1,2,3,0,3,1,2,4,0,-1,-1,3,-1,-1,-1,2,-1,4,-1,1,0,4,5,3,1,5,3,0,-1,2,5,0,5,5,0,5,1,-1,1,-1,3,-1,4,1,4,1,0,1,3,2,4,5,1,2,2,5,5,0,4,4,2,-1,0,2,3,3,1,4,0,3,-1
3015.04678832,5,1,3,2,0,-1,3,2,0,2,-1,2,4,2,-1,0,-1,-1,-1,5,1,1,2,4,0,1,2,1,5,4,3,5,0,4,3,2,1,1,4,4,-1,4,1,3,1,5,3,3,3,0,5,-1,4,0,2,-1,5,4,0,-1,0,4,3,0,5,1,0,3,4,-1,2,-1,5,0,4,5,1,5,1,-1,2,-1,0,3,4,5,5,3,2,5
2860.75953302,-1,-1,5,-1,3,3,1,4,-1,2,0,0,3,4,5,3,2,3,-1,-1,2,4,2,1,4,0,2,0,-1,1,5,4,3,4,1,5,4,0,3,5,0,0,1,5,-1,4,1,3,3,2,3,2,0,4,1,-1,-1,4,2,4,-1,1,1,2,4,-1,5,2,1,3,2,3,-1,0,2,1,1,5,1,4,0,-1,5,-1,-1,5,3,0,5,-1
2940.7728361,0,-1,3,1,-1,-1,-1,1,-1,3,5,-1,0,1,-1,2,0,2,-1,4,4,4,5,4,2,2,4,4,3,5,3,3,0,0,0,1,1,0,-1,2,0,3,4,-1,5,2,1,-1,1,2,1,2,0,2,5,0,1,3,4,2,5,4,-1,4,3,5,2,2,1,4,0,5,3,1,4,3,5,5,3,-1,5,0,5,3,0,2,-1,5,-1,3
2879.66562995,4,3,-1,4,0,0,-1,3,5,4,0,-1,5,3,5,3,5,1,3,-1,-1,4,1,2,4,1,1,3,4,-1,2,1,-1,4,0,1,4,-1,5,2,4,5,1,2,1,4,-1,-1,0,4,2,2,5,-1,1,0,2,-1,-1,5,3,2,-1,-1,5,0,4,1,-1,2,1,2,3,5,-1,5,3,0,3,4,2,2,0,5,-1,-1,-1,3,0,1
2913.08890845,0,5,1,1,-1,2,5,-1,4,-1,0,5,1,2,1,3,0,2,2,5,3,-1,3,-1,1,2,5,1,5,0,4,4,4,0,0,4,2,-1,2,3,2,-1,3,-1,5,-1,0,3,0,1,4,5,2,4,2,1,5,2,4,-1,3,1,4,4,0,3,0,4,2,1,1,3,-1,3,0,0,2,3,1,-1,0,-1,3,-1,1,5,4,5,3,5
3214.23602382,0,3,2,2,4,4,-1,2,3,0,1,-1,5,0,3,2,1,0,-1,0,5,3,1,3,1,3,-1,-1,5,-1,1,3,1,2,1,-1,3,5,0,4,5,-1,-1,2,2,4,4,0,5,1,0,2,4,5,4,2,4,1,1,2,4,1,2,3,5,1,0,4,5,4,-1,-1,3,1,2,2,2,3,5,3,4,0,3,5,0,0,5,4,-1,0
3100.1242245,4,1,-1,-1,0,3,1,1,-1,3,2,2,3,0,5,3,4,4,5,2,3,2,1,4,4,0,2,0,5,3,5,2,5,5,0,1,-1,-1,0,2,0,5,4,5,5,3,3,2,0,4,2,-1,-1,4,3,3,3,-1,2,1,1,4,5,-1,-1,1,2,1,2,4,0,-1,5,2,0,0,2,-1,3,0,1,1,4,4,1,4,-1,3,5,5
2997.15351801,3,2,0,4,3,0,-1,1,-1,2,5,1,1,2,5,4,-1,3,-1,1,0,2,0,3,2,0,4,3,4,3,2,0,0,5,5,1,-1,5,2,2,0,-1,1,5,1,2,5,4,-1,0,-1,-1,-1,5,4,-1,1,0,3,4,1,3,2,-1,1,3,-1,0,0,5,5,2,3,4,1,4,4,1,0,3,-1,2,2,5,4,3,4,-1,-1,1
2961.70458627,5,3,4,2,-1,3,1,1,3,1,2,1,2,-1,1,-1,5,4,-1,-1,-1,0,2,0,4,2,2,4,4,-1,-1,1,4,0,-1,3,0,1,5,2,-1,5,2,-1,-1,4,1,2,5,3,-1,0,4,5,-1,-1,0,2,0,5,4,-1,4,0,3,4,5,2,3,5,1,-1,5,1,1,2,0,5,3,3,-1,1,4,0,2,3,2,1,-1,0
3137.59880948,1,-1,1,3,0,-1,4,5,2,0,4,-1,-1,1,3,0,0,5,-1,2,0,1,1,1,-1,4,4,0,2,5,4,3,4,-1,4,5,3,2,-1,0,-1,5,5,0,0,-1,0,3,1,2,4,3,3,2,4,4,2,0,5,1,5,-1,2,3,-1,5,-1,4,2,2,4,3,-1,0,3,5,1,2,0,0,1,0,-1,5,3,5,1,-1,3,1
2917.47782381,-1,5,-1,3,2,4,-1,2,5,5,0,3,-1,2,5,4,2,4,-1,3,2,5,0,3,0,0,1,1,3,4,4,-1,0,4,0,-1,5,1,3,3,3,1,1,-1,3,2,1,1,-1,1,1,3,0,-1,0,2,2,1,-1,-1,4,0,0,4,2,5,-1,-1,4,5,0,3,-1,3,0,1,5,3,3,1,-1,2,-1,5,4,2,1,0,-1,4
3035.30332074,2,2,2,0,2,3,1,-1,-1,0,-1,0,3,3,3,4,3,1,2,3,1,0,1,-1,1,1,4,1,2,3,-1,3,4,3,-1,2,1,4,2,0,1,0,5,2,5,-1,0,0,2,0,3,4,0,-1,3,-1,-1,4,2,1,4,0,4,4,4,-1,3,2,5,-1,2,-1,5,5,-1,5,4,1,0,4,-1,-1,5,-1,1,3,5,0,1,0
2915.11456169,5,5,1,2,5,2,4,5,5,4,-1,-1,-1,3,1,-1,0,1,3,0,4,4,5,0,2,4,3,-1,-1,1,3,4,2,2,3,-1,4,-1,1,3,0,0,4,-1,4,0,1,2,-1,-1,1,3,3,-1,4,3,0,0,3,0,3,0,5,3,2,5,1,-1,1,5,-1,2,5,2,0,4,-1,2,1,-1,4,4,-1,0,2,1,1,1,2,2
2986.35003405,1,5,4,3,1,1,5,2,2,4,-1,-1,3,4,3,-1,4,2,0,2,-1,0,3,5,5,4,-1,1,2,2,0,1,1,4,5,0,5,3,5,5,0,3,0,3,5,4,-1,-1,5,2,4,-1,1,-1,-1,-1,-1,1,-1,0,1,2,4,3,1,4,2,2,4,2,1,0,-1,1,1,3,2,4,0,2,3,2,-1,4,0,5,0,1,3,0
2973.52089685,3,2,3,5,-1,2,3,5,0,-1,1,-1,3,4,0,0,5,4,2,5,-1,5,1,3,1,2,-1,1,3,-1,0,-1,2,-1,0,4,-1,1,-1,2,0,5,1,1,4,2,0,0,-1,4,1,5,3,-1,4,-1,0,5,4,4,2,5,-1,3,3,1,-1,2,0,-1,5,1,4,3,0,2,1,0,0,4,3,2,1,5,4,1,-1,-1,3,4
3014.70917945,4,-1,3,5,4,-1,4,4,4,1,5,-1,5,-1,2,3,4,3,0,2,1,-1,3,2,1,5,2,5,4,3,-1,0,-1,1,4,4,5,0,2,-1,-1,4,0,0,1,0,0,3,2,5,3,0,2,1,1,3,3,-1,4,1,-1,2,3,1,4,3,0,5,0,0,5,0,1,2,-1,5,-1,2,5,-1,1,5,1,1,5,4,-1,3,2,3
3065.01290163,0,0,1,1,5,2,2,3,1,1,2,-1,4,3,2,3,0,2,-1,5,1,0,5,2,4,0,5,1,-1,3,1,3,2,0,-1,1,1,4,4,2,3,-1,1,4,4,-1,5,0,4,-1,5,5,5,2,-1,2,1,3,0,-1,3,-1,4,-1,4,3,0,1,5,4,0,0,4,-1,5,2,5,0,4,2,3,3,2,2,5,3,-1,4,0,-1
3099.78661563,2,4,-1,0,5,0,-1,0,5,1,0,5,-1,3,3,2,1,-1,4,3,5,2,2,-1,4,1,3,3,2,4,1,1,4,2,1,1,2,0,0,1,-1,1,5,1,3,5,2,2,5,3,0,5,4,2,4,1,-1,2,4,3,0,0,0,5,1,1,3,0,0,-1,4,-1,3,0,-1,4,5,-1,-1,3,-1,-1,0,4,3,2,-1,4,3,2
2982.63633644,2,2,1,5,3,2,3,-1,5,-1,0,2,5,5,4,-1,4,4,3,1,1,-1,-1,2,1,3,2,0,5,0,0,-1,-1,4,-1,5,0,4,-1,1,2,0,3,3,0,4,1,0,4,3,2,5,1,1,4,1,4,1,4,0,5,2,-1,5,2,-1,-1,5,4,0,2,3,5,2,-1,-1,0,3,0,3,1,0,3,1,-1,-1,4,1,2,-1
2994.7902559,4,5,0,-1,3,0,2,1,5,4,3,4,1,2,2,-1,0,-1,-1,0,1,-1,0,4,4,3,-1,1,2,0,1,-1,3,4,-1,0,5,-1,2,3,2,4,2,2,1,3,2,3,5,0,-1,2,1,0,-1,2,0,1,5,4,4,4,-1,3,4,5,1,0,5,-1,-1,4,1,-1,5,3,-1,0,4,1,3,0,4,-1,1,-1,2,1,1,5
3063.32485726,5,3,2,2,5,1,0,0,-1,5,-1,0,1,1,4,3,1,5,2,0,5,-1,2,0,2,0,3,-1,2,2,1,3,1,1,4,4,2,4,1,1,-1,4,-1,-1,2,3,3,1,0,1,1,-1,-1,5,5,4,3,0,5,3,-1,0,4,-1,3,2,4,5,5,4,-1,2,3,-1,5,0,5,-1,4,0,4,4,0,1,0,3,0,4,3,3
3038.00419173,0,3,5,4,1,3,0,3,-1,1,3,5,4,3,4,5,4,0,4,5,3,0,2,-1,0,5,2,-1,-1,-1,3,1,4,5,-1,-1,1,1,-1,2,4,-1,5,4,0,1,-1,0,0,5,3,4,0,3,-1,-1,0,1,1,2,2,2,1,5,3,-1,-1,1,4,2,1,4,2,0,3,2,2,0,2,5,2,4,3,0,4,3,5,4,5,-1
3146.3766402,1,4,-1,2,0,5,1,3,4,0,1,4,2,1,1,4,1,3,0,-1,1,-1,0,2,1,5,5,2,1,3,5,-1,5,3,-1,4,-1,5,-1,-1,4,1,2,4,-1,-1,0,0,3,2,5,4,3,-1,0,0,-1,2,3,0,0,1,4,3,2,0,4,3,3,5,4,5,2,2,3,4,2,5,1,1,5,5,4,2,-1,-1,0,-1,2,3
2989.72612279,3,3,5,4,4,2,-1,2,4,-1,2,0,5,5,-1,2,4,5,5,1,5,3,-1,2,0,2,-1,0,4,4,0,3,2,1,1,5,1,3,3,2,-1,1,4,-1,-1,-1,3,4,-1,3,5,5,3,-1,4,1,0,1,0,-1,1,1,2,0,3,5,0,-1,2,-1,4,2,4,2,-1,0,2,2,3,3,1,0,2,1,0,0,-1,0,5,1
3090.33356716,4,3,4,1,1,1,4,4,3,5,2,5,4,0,-1,1,1,0,2,-1,5,4,-1,-1,3,2,-1,0,-1,5,3,1,5,2,2,4,2,0,4,1,3,3,-1,-1,4,1,2,0,5,3,5,0,0,4,1,-1,1,0,1,5,0,3,2,-1,3,0,3,-1,-1,2,4,5,0,-1,5,2,5,-1,1,0,2,1,2,3,3,0,2,1,-1,4
3083.91899856,-1,4,2,3,3,1,4,4,5,5,2,5,5,3,4,3,2,-1,1,3,2,0,5,-1,5,2,1,0,1,-1,3,4,5,5,0,-1,2,3,2,-1,-1,4,0,0,-1,1,0,2,0,-1,1,1,4,0,2,3,4,1,1,2,2,2,3,1,4,4,-1,-1,3,-1,-1,2,0,3,5,0,0,2,0,4,1,-1,3,1,-1,1,5,3,0,5
3128.14576102,1,-1,5,2,1,-1,1,1,0,-1,-1,3,0,5,2,2,4,1,5,4,2,5,3,0,2,5,2,5,5,3,1,-1,1,2,4,4,3,-1,3,-1,5,4,-1,1,1,4,5,4,0,4,3,0,1,2,-1,5,1,3,1,4,4,3,3,0,4,-1,3,3,4,-1,-1,-1,-1,2,0,3,0,-1,1,0,0,1,2,2,5,2,0,3,3,2
3024.49983678,2,-1,4,5,2,4,5,2,4,0,0,2,0,4,3,2,0,0,4,2,1,2,4,0,4,-1,5,3,5,5,-1,4,0,3,1,5,4,3,-1,-1,1,2,5,2,2,2,1,-1,4,-1,3,1,1,0,5,5,4,3,-1,1,2,2,0,-1,-1,-1,3,0,1,-1,-1,3,5,3,1,-1,3,4,0,-1,3,3,3,1,1,2,0,5,1,0
2944.48653371,5,2,0,4,1,5,0,3,2,4,4,2,1,-1,3,-1,-1,5,3,3,5,1,5,-1,2,2,1,3,3,2,0,5,5,-1,2,-1,1,0,0,4,1,1,0,3,3,0,1,1,5,-1,0,1,5,3,0,4,5,3,3,2,4,1,-1,3,2,5,4,5,2,-1,2,-1,1,5,4,3,4,3,4,4,2,4,0,-1,0,-1,2,1,-1,-1
3001.88004224,-1,5,-1,4,0,5,3,1,2,5,2,1,-1,-1,2,3,1,4,-1,4,1,0,1,-1,3,5,4,-1,-1,-1,2,2,-1,4,2,-1,4,0,-1,4,4,-1,3,1,2,-1,4,0,2,0,-1,2,3,-1,1,3,0,2,3,1,3,4,2,0,5,5,5,0,3,-1,3,0,-1,-1,3,-1,1,1,1,3,0,0,2,3,1,2,0,4,4,4
3133.88511187,2,1,2,5,0,3,1,3,-1,0,2,3,-1,3,5,-1,2,2,3,-1,3,0,4,-1,0,4,3,-1,4,4,5,4,4,2,-1,4,5,1,0,4,3,1,2,5,4,0,1,3,1,5,1,4,0,-1,1,4,2,2,5,3,0,3,0,-1,3,2,-1,5,4,2,5,2,3,3,-1,0,1,2,4,0,1,0,4,0,5,1,-1,0,-1,5
2812.48146408,1,-1,2,3,4,1,0,5,-1,4,4,2,0,-1,0,1,3,2,2,2,0,5,1,3,3,5,1,2,4,5,4,-1,5,-1,3,-1,4,-1,2,1,1,-1,-1,4,-1,2,-1,4,1,3,0,2,1,2,3,-1,4,5,4,-1,0,3,1,-1,-1,4,-1,-1,1,-1,0,3,3,1,0,1,4,3,5,4,2,5,0,3,1,-1,-1,5,3,-1
3011.67069958,1,3,1,4,2,2,0,1,1,3,1,-1,1,4,2,5,-1,-1,4,0,1,0,-1,0,-1,1,1,5,5,2,4,2,2,3,2,0,5,4,3,5,3,3,5,4,3,2,1,2,-1,0,5,0,-1,0,2,3,3,0,5,2,2,4,4,-1,0,-1,1,3,-1,-1,-1,5,4,4,1,4,3,0,1,5,5,4,2,0,-1,-1,5,0,-1,1
2999.17917125,2,-1,0,-1,0,4,4,-1,3,-1,-1,0,-1,0,2,2,3,4,4,3,1,0,0,0,-1,4,-1,2,4,-1,2,5,4,3,1,0,2,1,5,0,3,-1,0,0,1,5,3,3,4,2,2,-1,2,0,3,4,1,-1,1,0,1,2,-1,1,-1,-1,-1,4,3,5,4,3,-1,3,2,3,-1,3,5,5,1,1,4,5,1,2,5,3,4,-1
2918.49065043,3,2,4,3,0,0,-1,4,5,2,-1,-1,3,4,3,4,5,2,1,5,4,0,0,3,-1,2,-1,1,4,-1,2,5,4,5,5,1,1,-1,3,2,2,-1,-1,-1,2,-1,3,-1,3,-1,0,5,4,-1,0,2,3,5,4,4,5,0,0,4,1,-1,5,3,2,4,-1,0,0,-1,0,2,-1,1,-1,0,4,2,-1,-1,-1,1,3,4,1,2
2990.73894941,-1,5,1,-1,0,1,4,-1,2,-1,4,3,5,5,-1,4,1,5,0,3,2,-1,0,0,1,-1,5,3,3,-1,-1,0,5,-1,4,2,0,3,5,5,0,2,1,1,0,1,2,2,-1,4,2,1,3,4,-1,2,-1,2,-1,2,-1,4,4,0,1,2,3,1,5,3,1,4,0,4,3,-1,4,0,3,3,4,4,0,0,5,1,2,3,3,3
3013.02113508,2,1,5,3,0,3,0,3,-1,0,0,3,3,3,5,-1,-1,2,1,0,2,1,3,4,1,1,0,0,0,-1,2,5,0,2,-1,3,1,4,-1,4,2,-1,4,4,-1,1,4,1,-1,1,-1,0,5,5,5,-1,5,2,3,2,5,1,3,4,3,-1,0,4,3,4,1,4,5,3,2,2,-1,2,0,-1,3,4,4,-1,-1,2,-1,5,0,2
2934.02065862,1,3,0,2,3,-1,3,5,5,-1,3,3,4,-1,2,4,4,1,3,3,0,1,2,0,-1,5,5,5,0,2,0,2,-1,2,1,4,-1,-1,4,2,5,4,4,2,5,1,1,3,-1,-1,1,2,2,1,4,-1,-1,2,2,3,5,5,1,0,-1,3,4,0,-1,0,1,5,1,-1,0,-1,4,3,-1,4,1,4,5,3,3,2,0,4,1,-1
2935.37109412,5,-1,2,1,-1,-1,-1,2,0,5,1,1,0,-1,1,-1,3,0,5,3,5,0,-1,4,4,1,0,-1,2,3,2,3,3,4,3,0,0,0,3,1,4,-1,2,2,5,-1,2,1,-1,4,5,5,4,1,4,5,5,3,1,2,4,2,4,-1,0,0,-1,1,2,5,3,2,5,3,1,1,4,3,5,4,1,2,5,4,4,0,1,-1,2,-1
3033.61527637,2,4,-1,-1,0,3,-1,0,3,2,-1,4,2,2,0,3,2,-1,5,4,1,3,3,5,1,-1,1,4,-1,5,0,4,0,-1,0,4,2,3,3,4,-1,2,0,4,-1,1,2,4,3,5,0,5,2,5,-1,2,1,-1,1,-1,-1,3,5,4,0,1,0,-1,1,2,3,5,4,-1,4,3,0,-1,0,1,1,1,-1,1,0,3,4,1,2,2
2892.49476715,4,3,0,2,2,1,-1,1,0,3,-1,5,4,5,4,3,4,4,4,-1,4,0,1,-1,-1,4,5,3,5,2,3,3,0,1,0,-1,-1,1,-1,0,0,5,1,0,-1,5,0,4,2,2,1,2,1,0,2,-1,4,0,5,-1,-1,5,2,3,3,-1,-1,2,5,4,2,-1,1,3,0,5,1,5,4,4,1,3,2,3,5,2,3,0,-1,4
2983.98677194,1,1,1,4,-1,5,4,0,3,-1,2,5,4,1,0,-1,4,2,1,0,0,-1,-1,5,5,5,5,-1,0,4,0,1,4,5,2,-1,4,-1,4,2,2,-1,0,-1,1,2,5,0,1,3,0,2,2,-1,-1,3,3,0,3,0,5,3,4,2,-1,0,3,2,0,3,3,1,-1,2,1,3,2,1,2,5,4,4,1,3,5,3,0,3,-1,4
3100.46183337,5,0,-1,2,-1,2,5,2,4,1,3,1,3,3,4,3,4,-1,1,2,5,2,0,2,4,2,-1,0,-1,2,-1,2,2,5,5,0,4,5,3,-1,-1,1,-1,1,0,1,4,0,3,-1,0,5,1,5,4,2,4,1,-1,3,3,1,0,2,0,0,1,3,4,2,3,-1,0,5,1,-1,4,-1,1,0,2,3,-1,5,-1,3,5,1,4,0
2989.72612279,5,2,5,3,3,4,0,2,0,5,0,1,0,5,-1,0,0,3,4,0,0,1,0,4,5,1,4,3,1,-1,2,1,2,4,3,-1,1,-1,-1,1,3,2,0,2,2,-1,1,0,-1,5,-1,4,2,1,2,4,-1,2,3,2,3,3,2,2,1,-1,4,-1,5,-1,-1,3,5,1,5,-1,0,-1,2,4,-1,4,1,-1,-1,1,-1,4,4,4
3005.59373985,1,1,0,0,5,-1,-1,-1,0,3,3,1,2,3,4,3,2,2,0,1,5,-1,-1,4,3,0,-1,-1,3,3,2,1,1,0,2,0,1,-1,-1,1,4,3,3,3,4,-1,4,0,5,-1,5,5,2,0,3,0,1,1,2,4,1,3,1,-1,0,2,3,2,4,5,-1,4,5,4,5,4,4,5,-1,2,2,2,4,5,1,4,4,2,-1,0
3032.60244975,4,5,4,2,3,1,4,1,-1,2,5,0,1,1,-1,-1,4,0,0,3,-1,0,-1,3,4,0,5,0,2,5,0,4,2,1,0,3,2,3,3,3,5,0,2,3,2,2,5,0,2,1,4,1,4,-1,3,-1,5,4,1,5,0,2,1,-1,2,2,4,5,1,-1,-1,3,1,5,0,5,0,3,5,4,4,-1,1,1,4,5,4,-1,2,5
3064.00007501,0,1,0,2,4,-1,1,2,3,2,4,5,2,4,5,4,2,4,5,-1,1,1,5,3,2,3,1,2,5,2,-1,0,0,5,3,4,3,2,4,0,-1,-1,1,3,3,4,0,-1,0,5,2,5,-1,5,4,-1,0,3,5,1,-1,1,1,0,0,-1,4,3,2,1,-1,4,-1,3,2,0,4,4,3,-1,2,0,3,-1,5,5,1,-1,1,1
2970.14480811,-1,5,4,0,0,3,1,0,3,5,-1,4,5,-1,0,-1,0,2,5,2,1,3,-1,4,3,4,2,-1,0,1,2,4,2,1,4,-1,-1,-1,-1,3,5,-1,4,4,-1,3,2,2,4,5,1,1,0,1,3,1,3,2,3,1,0,4,5,5,3,0,4,3,5,2,-1,0,2,1,-1,2,5,4,0,2,5,-1,1,3,-1,0,1,-1,3,5
2999.854389,2,3,2,4,-1,3,-1,2,5,3,2,3,1,1,0,-1,3,3,2,5,3,0,4,4,-1,5,0,4,5,3,5,2,-1,0,-1,0,-1,1,4,-1,0,1,1,5,3,1,4,1,5,1,2,2,0,-1,1,4,5,-1,0,0,2,2,5,-1,-1,0,-1,3,-1,4,3,-1,-1,2,0,2,1,4,0,2,3,3,2,1,-1,0,5,0,4,4
2940.43522722,2,1,4,0,1,3,-1,5,-1,4,3,2,2,1,-1,1,1,5,0,-1,3,3,-1,0,0,-1,0,4,2,-1,-1,-1,0,3,-1,-1,4,2,1,4,-1,2,1,-1,1,0,-1,-1,5,2,4,5,1,2,1,0,0,4,2,1,1,5,1,2,0,3,4,3,3,0,5,3,4,3,5,3,-1,2,2,-1,-1,-1,4,3,5,5,5,0,4,0
3014.37157057,5,3,1,4,0,0,-1,2,-1,2,4,1,2,5,3,0,4,4,1,4,-1,1,-1,-1,4,3,0,2,4,3,3,-1,0,-1,0,5,-1,0,-1,2,2,3,1,4,0,5,5,5,4,0,5,5,-1,3,5,0,-1,0,2,3,4,4,2,0,3,3,2,1,4,5,3,-1,4,2,2,1,1,3,3,1,1,-1,2,0,2,5,4,2,1,1
3044.75636921,4,3,2,5,4,2,-1,2,2,0,1,5,2,5,0,-1,4,4,2,1,3,1,-1,0,5,3,0,2,3,1,5,2,0,1,4,3,2,2,0,3,-1,5,1,3,5,-1,0,3,3,5,3,0,5,4,-1,-1,5,4,1,4,4,-1,0,3,4,-1,4,0,2,-1,-1,0,-1,-1,2,-1,3,5,-1,1,1,0,4,3,4,1,1,1,4,1
2895.87085589,0,-1,2,5,0,2,0,3,4,-1,1,-1,1,5,4,1,3,4,3,5,2,1,0,0,3,-1,2,1,4,1,4,0,1,5,-1,4,3,1,1,0,4,3,5,4,5,3,3,3,4,2,3,-1,-1,0,1,5,2,5,-1,1,5,-1,3,-1,-1,4,-1,2,5,4,2,5,-1,3,1,2,4,-1,2,3,-1,5,0,1,0,0,5,-1,-1,-1
3047.79484907,-1,0,1,1,5,4,4,5,-1,0,2,2,-1,1,2,4,-1,-1,2,5,0,4,3,2,1,1,5,3,2,4,5,0,1,3,-1,-1,-1,0,3,1,1,5,-1,5,4,5,-1,3,0,5,3,-1,1,2,1,4,0,-1,2,3,-1,0,5,0,4,2,3,0,4,1,0,4,1,1,2,1,-1,5,-1,4,-1,3,4,2,0,4,5,3,3,3
2882.02889207,-1,0,5,3,0,3,5,-1,-1,5,1,3,1,1,1,1,2,4,3,3,2,5,-1,0,5,4,-1,4,1,4,0,3,2,0,4,-1,2,0,0,5,0,4,0,1,4,3,1,2,-1,-1,4,5,1,3,-1,-1,4,5,3,2,2,3,-1,2,-1,5,3,4,0,5,2,4,-1,0,5,1,5,1,4,3,4,5,-1,0,2,2,-1,3,-1,2
3103.50031324,-1,0,1,3,-1,4,3,4,4,3,2,-1,2,1,4,4,4,3,-1,0,4,0,2,3,0,-1,1,1,2,1,0,1,4,-1,5,4,3,3,1,-1,4,-1,-1,1,0,2,-1,3,-1,-1,2,2,0,2,5,5,2,4,2,-1,0,5,3,0,4,-1,0,0,3,3,-1,5,-1,4,4,1,1,3,1,1,0,1,0,4,2,-1,2,-1,0,-1
3001.54243337,0,3,4,4,2,1,-1,2,-1,5,2,3,3,1,3,0,0,4,0,5,4,0,-1,2,4,3,4,-1,5,2,2,3,4,3,4,-1,5,0,2,1,4,-1,1,5,1,0,-1,1,2,0,2,-1,3,4,0,1,5,1,2,3,1,2,4,4,5,1,0,5,0,-1,-1,5,5,-1,1,1,5,1,0,3,3,0,-1,-1,1,3,-1,3,2,5
2885.40498081,-1,3,5,-1,-1,4,-1,-1,-1,1,5,1,0,0,1,2,2,-1,-1,3,-1,0,3,1,2,4,-1,3,3,4,1,1,5,2,0,1,1,-1,0,3,-1,4,2,3,2,0,0,3,5,4,5,1,4,5,5,-1,2,5,5,4,3,0,4,2,4,5,1,4,1,5,2,-1,-1,0,2,3,0,1,5,4,2,3,4,2,4,4,5,3,3,-1
3008.63221972,-1,-1,1,3,0,0,3,1,5,3,2,3,1,0,3,1,3,-1,1,2,0,-1,3,-1,0,2,5,-1,5,-1,0,0,4,0,2,-1,5,5,1,1,3,1,5,0,-1,4,3,4,1,0,0,4,-1,2,4,2,2,-1,2,2,-1,0,3,-1,-1,-1,4,2,3,3,-1,3,-1,4,3,2,2,5,2,5,1,1,5,0,5,4,2,1,4,4
3198.70601563,1,0,3,4,4,4,4,4,1,2,-1,-1,1,-1,0,2,0,1,-1,1,1,-1,1,2,3,-1,2,2,2,0,1,1,0,4,-1,0,3,2,0,0,4,3,3,2,2,-1,5,3,3,1,1,4,0,-1,3,5,5,-1,0,3,2,-1,2,0,1,3,4,2,4,-1,5,5,5,-1,5,1,5,0,4,3,2,0,-1,5,5,4,2,4,5,-1
2895.19563814,3,4,1,5,-1,3,-1,4,5,-1,-1,2,4,0,3,5,1,3,5,1,4,-1,1,-1,3,0,5,2,1,-1,3,5,0,5,4,0,-1,-1,3,2,2,2,1,3,-1,1,1,4,0,2,4,4,4,0,4,-1,2,4,5,3,5,4,-1,-1,3,2,0,1,0,4,3,1,2,0,-1,-1,2,1,1,4,3,0,5,2,5,0,0,3,-1,1
3097.08574464,3,0,1,-1,4,1,4,4,-1,0,1,-1,1,2,4,3,3,0,1,0,5,1,-1,3,5,0,1,-1,-1,5,-1,4,1,5,3,2,-1,5,3,2,5,5,4,-1,5,2,2,-1,2,2,1,-1,4,3,1,5,0,3,3,3,4,4,5,3,0,2,-1,-1,5,2,5,2,0,-1,0,1,4,1,5,1,2,0,-1,4,-1,1,0,3,2,3
3123.75684566,3,2,-1,1,2,1,0,2,0,-1,4,2,0,1,2,1,4,1,3,-1,3,3,2,3,4,4,0,2,-1,-1,5,3,1,5,1,0,5,0,-1,-1,-1,2,-1,2,5,0,-1,4,0,-1,0,5,4,2,-1,-1,1,4,3,4,0,3,4,3,0,5,5,2,5,1,4,1,1,4,3,1,0,5,5,2,-1,4,5,5,-1,4,2,4,1,4
3062.31203064,-1,0,5,0,1,4,0,3,1,4,4,2,-1,-1,5,3,0,0,4,4,4,2,-1,2,1,0,-1,4,1,2,1,5,5,2,-1,3,3,5,5,-1,-1,3,2,0,0,0,1,-1,1,4,5,0,4,-1,2,-1,0,5,3,-1,4,5,2,3,2,1,-1,4,2,-1,4,2,3,1,4,-1,-1,2,1,4,0,-1,2,0,3,1,-1,1,1,5
2898.90933575,1,-1,-1,0,4,-1,5,0,3,5,1,-1,2,4,4,2,4,4,5,-1,0,2,1,0,3,0,2,-1,3,4,2,-1,1,3,-1,-1,1,0,5,1,2,3,4,5,3,1,0,4,3,-1,3,-1,0,1,0,-1,4,0,0,5,5,2,-1,0,-1,5,5,-1,4,0,3,2,2,-1,2,1,5,4,3,-1,0,5,4,3,3,-1,2,4,2,5
2985.6748163,-1,2,0,4,3,0,1,2,4,3,0,5,3,4,-1,5,0,3,2,-1,-1,3,2,2,1,1,-1,4,5,1,-1,4,4,-1,2,3,-1,-1,4,1,3,3,1,5,4,2,0,1,-1,0,5,0,0,3,5,2,-1,-1,4,-1,1,3,1,1,4,5,1,5,2,2,5,0,2,-1,4,3,5,1,0,3,1,5,2,4,0,3,0,2,0,5
3102.48748662,3,0,4,-1,1,4,0,1,3,5,3,2,1,1,-1,3,0,5,2,-1,-1,2,3,-1,0,0,5,0,2,5,1,4,4,4,3,-1,-1,5,4,3,4,3,5,5,1,4,0,3,-1,0,2,5,4,4,1,4,-1,0,0,0,5,2,-1,2,3,2,1,2,-1,-1,-1,3,-1,1,0,0,4,0,1,1,3,2,2,4,1,3,5,2,1,2
3054.54702655,-1,5,3,-1,5,3,-1,0,-1,-1,4,4,1,3,0,4,-1,0,4,2,1,2,2,2,-1,2,1,-1,2,1,5,0,-1,4,1,0,-1,5,0,1,0,2,-1,5,1,-1,0,0,3,0,4,5,4,2,5,3,1,1,0,4,1,0,5,4,5,2,1,2,-1,5,4,1,1,-1,3,1,0,3,5,5,4,2,4,0,5,-1,2,3,2,3
3155.15447092,0,3,-1,1,0,3,3,3,3,2,4,3,4,1,0,-1,2,0,-1,-1,0,5,1,4,5,1,1,2,1,-1,-1,3,-1,-1,-1,1,1,1,5,4,0,0,4,3,2,2,5,5,5,5,1,4,2,0,1,4,0,1,4,0,5,1,-1,2,3,3,-1,3,5,2,2,3,4,4,5,3,2,0,0,0,2,5,5,-1,2,0,5,4,4,4
3020.78613917,0,4,0,-1,3,5,-1,4,-1,2,1,4,1,5,5,4,5,0,1,5,1,4,0,5,3,4,5,-1,0,5,3,-1,2,-1,5,4,3,-1,5,2,2,1,1,3,1,3,1,5,4,0,5,1,2,-1,1,0,0,3,4,3,0,3,0,-1,5,-1,4,2,1,1,-1,0,4,0,2,2,-1,3,2,4,3,3,0,1,2,3,2,2,3,-1
3040.02984498,-1,1,3,4,1,0,5,4,0,4,1,3,5,2,5,2,3,5,0,0,4,1,-1,-1,2,0,5,-1,3,1,1,2,-1,-1,-1,0,-1,1,2,3,4,4,0,-1,2,5,3,3,3,5,3,-1,5,-1,1,2,1,2,5,3,1,1,0,4,2,0,0,3,5,-1,4,4,2,5,5,1,2,5,4,0,4,3,2,3,0,5,-1,2,-1,-1
3106.5387931,4,-1,2,1,2,-1,4,4,3,2,4,0,1,2,5,0,3,4,1,1,4,4,5,3,1,1,4,1,1,5,3,3,3,5,4,0,2,4,-1,3,4,5,3,4,-1,1,5,-1,0,-1,-1,-1,2,-1,0,5,-1,5,4,1,1,-1,0,2,1,0,0,0,2,5,1,3,0,3,2,5,-1,0,0,3,-1,-1,0,1,5,4,3,2,0,3
3062.31203064,3,1,0,3,-1,2,4,2,2,1,-1,5,0,3,5,4,3,1,5,1,1,-1,0,2,0,4,0,2,1,-1,5,4,4,5,3,4,2,5,2,-1,5,3,1,0,-1,4,4,4,0,4,1,5,4,-1,5,1,2,-1,2,1,1,-1,5,3,0,0,-1,-1,4,2,0,2,3,-1,0,5,-1,3,5,1,2,-1,3,0,4,1,-1,5,3,3
2975.54655009,0,-1,-1,1,3,-1,0,-1,1,5,5,0,5,0,5,0,3,1,2,5,5,0,2,4,0,2,3,5,4,2,-1,3,3,5,1,1,-1,1,3,-1,1,4,0,3,4,0,5,0,4,1,-1,2,4,1,2,0,4,-1,4,-1,-1,2,3,3,3,4,-1,1,2,2,4,0,2,2,5,5,2,3,3,-1,2,0,1,4,5,4,1,4,-1,3
2892.83237603,3,1,3,-1,-1,0,5,1,0,1,4,3,1,3,2,4,4,0,5,0,5,-1,2,5,5,2,-1,5,2,4,2,1,3,3,-1,5,1,4,1,5,2,4,0,3,3,2,-1,-1,-1,4,5,3,3,2,-1,5,-1,0,2,-1,5,3,4,1,0,1,2,2,3,0,2,4,-1,5,1,-1,0,2,-1,4,1,5,4,3,0,4,0,-1,2,1
2940.09761835,3,-1,4,4,4,3,4,5,3,0,5,2,4,-1,-1,5,-1,2,3,0,1,4,-1,-1,1,-1,-1,1,0,1,0,4,4,0,2,3,3,1,3,1,3,4,1,5,-1,3,1,2,-1,3,2,2,0,0,2,1,0,4,4,3,0,5,4,5,5,-1,0,4,1,0,-1,1,2,3,5,5,5,-1,2,4,2,5,3,5,-1,1,1,0,2,0
2992.76460265,3,-1,5,2,4,0,1,3,2,5,3,0,0,4,1,-1,3,-1,3,-1,4,1,5,-1,2,0,0,0,3,-1,1,1,-1,3,0,4,4,5,-1,0,2,4,-1,3,5,4,2,-1,2,5,3,1,5,4,-1,0,-1,5,2,0,2,1,1,-1,3,1,2,2,-1,2,4,5,0,-1,-1,4,1,-1,2,2,4,4,5,1,0,0,3,0,1,-1
3000.19199788,5,4,3,-1,-1,4,4,3,2,-1,3,2,5,0,3,1,1,-1,4,2,0,1,4,0,2,1,5,0,2,4,4,1,0,4,5,5,3,1,1,3,2,3,0,3,0,-1,2,0,5,-1,0,0,5,1,5,2,1,-1,-1,3,2,0,2,5,-1,2,5,-1,5,1,1,-1,4,4,4,2,2,5,1,-1,3,-1,-1,4,0,-1,0,2,3,3
3127.47054327,1,1,1,2,4,5,2,4,5,5,4,3,3,4,0,2,-1,3,3,5,-1,3,1,3,5,5,0,5,0,4,1,3,3,0,5,0,0,5,1,3,-1,0,-1,2,2,-1,2,5,4,1,3,1,3,4,2,2,0,1,4,2,2,0,0,-1,-1,2,4,2,2,1,-1,3,3,2,0,0,-1,3,0,4,1,-1,-1,-1,1,4,5,5,5,4
